0.007880 0.008800 0.000740 0.000380 0.004780 0.063860 0.000960 0.000840 0.020020 0.000260 0.051660 0.000680 0.187200 0.061060 0.092880 0.001020 0.000660 0.092340 0.057720 0.187940 0.000720 0.049980 0.000460 0.019180 0.000740 0.000900 0.063160 0.004820 0.000520 0.000740 0.008420 0.008040
0.008260 0.008020 0.000680 0.000640 0.004280 0.062580 0.000800 0.000440 0.019260 0.000320 0.053360 0.000660 0.187460 0.059340 0.093620 0.001000 0.000940 0.090980 0.058660 0.190920 0.000600 0.050420 0.000380 0.020040 0.000600 0.000840 0.062140 0.004580 0.000400 0.000840 0.008780 0.007520
0.008220 0.008260 0.000600 0.000520 0.004620 0.065040 0.000740 0.000960 0.020340 0.000360 0.052740 0.000720 0.184540 0.060820 0.091920 0.001200 0.000880 0.091700 0.061360 0.184000 0.000720 0.052340 0.000420 0.019200 0.000860 0.000880 0.063720 0.004800 0.000600 0.000660 0.007960 0.007660
0.007980 0.007980 0.000800 0.000580 0.004680 0.064440 0.000960 0.000780 0.019740 0.000360 0.050280 0.000900 0.185240 0.061440 0.092000 0.001520 0.000980 0.090580 0.061520 0.187220 0.000720 0.051600 0.000440 0.019560 0.000700 0.000720 0.063220 0.004560 0.000540 0.000780 0.008640 0.007900
0.008280 0.008080 0.000740 0.000500 0.005120 0.063000 0.000920 0.000880 0.019580 0.000480 0.050160 0.000700 0.189600 0.060680 0.091000 0.001140 0.001240 0.089160 0.060480 0.188740 0.000820 0.051120 0.000220 0.019840 0.000780 0.000820 0.064240 0.004560 0.000580 0.000820 0.007680 0.007400
0.007700 0.008500 0.000840 0.000820 0.004520 0.064000 0.000940 0.000820 0.019960 0.000380 0.051660 0.000860 0.184600 0.061760 0.092200 0.000760 0.001200 0.089240 0.062360 0.189400 0.000680 0.049160 0.000540 0.020620 0.000840 0.000920 0.062480 0.004360 0.000520 0.000560 0.008320 0.007840
0.007740 0.008140 0.000400 0.000500 0.004800 0.063800 0.000800 0.000720 0.019060 0.000420 0.049140 0.000920 0.186700 0.061580 0.091340 0.000860 0.001140 0.092060 0.059960 0.187200 0.000960 0.052400 0.000500 0.019940 0.001000 0.000900 0.064100 0.004360 0.000380 0.000780 0.008180 0.008580
0.007600 0.007860 0.000500 0.000740 0.004640 0.064340 0.001000 0.000540 0.020120 0.000420 0.050220 0.000900 0.186560 0.060580 0.092160 0.000880 0.001140 0.089840 0.062600 0.188580 0.000740 0.050440 0.000340 0.019320 0.000840 0.000800 0.062700 0.004400 0.000460 0.000940 0.008780 0.008380
0.007720 0.008000 0.000700 0.000540 0.004780 0.062380 0.000880 0.000760 0.019480 0.000380 0.051320 0.000860 0.189200 0.059920 0.091560 0.001060 0.000960 0.089760 0.061040 0.188720 0.000500 0.051340 0.000460 0.019300 0.000860 0.000700 0.064100 0.004680 0.000500 0.000560 0.008700 0.007640
0.007500 0.008620 0.000780 0.000460 0.004540 0.063380 0.000860 0.000820 0.020020 0.000500 0.052540 0.000760 0.187840 0.060080 0.092540 0.000900 0.000900 0.089960 0.059440 0.190480 0.000800 0.050680 0.000420 0.019860 0.000880 0.000760 0.061500 0.004540 0.000560 0.000700 0.008200 0.007540
0.007660 0.008000 0.000840 0.000660 0.004660 0.064480 0.000840 0.000880 0.020120 0.000340 0.051400 0.000660 0.184440 0.059860 0.090980 0.000980 0.001100 0.093000 0.061120 0.187560 0.000720 0.052080 0.000240 0.019980 0.000520 0.000920 0.063900 0.004620 0.000760 0.000660 0.007960 0.007420
0.014740 0.007440 0.000820 0.000200 0.003420 0.083940 0.000560 0.008720 0.027680 0.000260 0.043020 0.000180 0.055020 0.162560 0.045420 0.047180 0.047000 0.045140 0.161940 0.054260 0.000160 0.041880 0.000220 0.027060 0.008620 0.000440 0.086240 0.002960 0.000180 0.000740 0.006740 0.014620
0.000540 0.000720 0.048920 0.013160 0.001180 0.009860 0.001320 0.000860 0.010120 0.000300 0.130660 0.000840 0.140480 0.035000 0.102860 0.001680 0.001180 0.102900 0.036600 0.142420 0.000720 0.130180 0.000360 0.011160 0.000720 0.001280 0.009580 0.000900 0.012900 0.049420 0.000220 0.000320
0.002720 0.005900 0.000300 0.000300 0.110840 0.098520 0.008880 0.000840 0.026800 0.000880 0.060860 0.002380 0.105340 0.023940 0.049400 0.002700 0.002740 0.050180 0.023860 0.104160 0.002260 0.062120 0.000920 0.026780 0.000740 0.010280 0.098260 0.107800 0.000540 0.000460 0.005440 0.002220
0.023920 0.050840 0.045380 0.030940 0.004960 0.050700 0.000480 0.000540 0.021760 0.000460 0.067720 0.000960 0.120360 0.045400 0.037840 0.000920 0.000820 0.036280 0.044140 0.119320 0.000920 0.068320 0.000400 0.022400 0.000580 0.000840 0.051220 0.004980 0.029120 0.041780 0.051340 0.023720
0.020380 0.002600 0.000840 0.000900 0.014340 0.001300 0.000620 0.006140 0.041600 0.000300 0.029100 0.003200 0.270020 0.001440 0.079940 0.026060 0.025860 0.078880 0.001460 0.272560 0.003200 0.031680 0.000280 0.039860 0.005760 0.000660 0.001080 0.014060 0.000740 0.000780 0.002300 0.021420
0.003100 0.000760 0.000340 0.000340 0.008860 0.096360 0.001940 0.000920 0.089740 0.005260 0.121660 0.001100 0.111920 0.052440 0.006200 0.000480 0.000520 0.006540 0.052760 0.111300 0.001380 0.122700 0.005360 0.086480 0.000760 0.001580 0.094660 0.008960 0.000340 0.000520 0.000740 0.003340
0.003800 0.000680 0.000480 0.000260 0.008900 0.094160 0.001900 0.000860 0.087300 0.005940 0.124360 0.001220 0.112280 0.053080 0.006060 0.000520 0.000560 0.006260 0.053060 0.110160 0.001120 0.121640 0.005580 0.089240 0.001100 0.001440 0.093440 0.009240 0.000460 0.000340 0.000720 0.003200
0.023480 0.056460 0.034400 0.021040 0.005380 0.112440 0.000640 0.001400 0.016280 0.000240 0.005700 0.000180 0.149120 0.047840 0.029540 0.000300 0.000380 0.028540 0.046460 0.147960 0.000160 0.005960 0.000300 0.015920 0.001380 0.000900 0.111240 0.005660 0.020280 0.031960 0.055000 0.022820
0.002680 0.000740 0.000420 0.000460 0.008540 0.094280 0.001600 0.001100 0.089420 0.004960 0.126280 0.001240 0.110080 0.052100 0.006120 0.000660 0.000580 0.007000 0.052400 0.111840 0.001740 0.123420 0.005240 0.086700 0.001000 0.001440 0.094580 0.008520 0.000300 0.000300 0.000560 0.003060
0.024560 0.050580 0.043860 0.029340 0.005240 0.049800 0.000540 0.000680 0.022040 0.000400 0.066680 0.000980 0.124160 0.044700 0.037960 0.000740 0.000660 0.036860 0.044480 0.122380 0.001020 0.067560 0.000480 0.021040 0.000680 0.000620 0.049640 0.005200 0.028820 0.043300 0.050880 0.023480
0.000100 0.009580 0.000160 0.000580 0.026540 0.255060 0.003820 0.035420 0.002340 0.001980 0.032820 0.007420 0.044280 0.039540 0.029840 0.011060 0.011480 0.029280 0.040180 0.044420 0.007720 0.031760 0.001920 0.002120 0.035280 0.004080 0.255180 0.025920 0.000660 0.000240 0.008460 0.000120
0.070120 0.001780 0.004420 0.000480 0.047720 0.000280 0.001120 0.000420 0.001900 0.000300 0.002160 0.004800 0.236380 0.005300 0.075280 0.047340 0.048280 0.073400 0.005360 0.239440 0.005480 0.002360 0.000360 0.002160 0.000660 0.000920 0.000400 0.048000 0.000360 0.003760 0.001200 0.067420
0.006300 0.002000 0.000340 0.000520 0.128100 0.001340 0.009720 0.012920 0.061700 0.000460 0.037520 0.008280 0.178460 0.003060 0.040960 0.008020 0.007280 0.040380 0.003500 0.180140 0.008940 0.038060 0.000440 0.064340 0.013020 0.010100 0.001260 0.124040 0.000600 0.000240 0.001960 0.005360
0.007500 0.008740 0.000680 0.000560 0.005340 0.062700 0.000940 0.000660 0.020120 0.000360 0.050580 0.000640 0.188780 0.061160 0.089580 0.001200 0.001160 0.091740 0.060880 0.188000 0.000920 0.050300 0.000560 0.019960 0.000640 0.001100 0.062100 0.005080 0.000440 0.000600 0.008360 0.007980
0.000400 0.002140 0.038440 0.017940 0.001420 0.003700 0.002340 0.000120 0.000360 0.001020 0.038360 0.000940 0.160020 0.029700 0.204680 0.001080 0.001040 0.201440 0.030860 0.157520 0.000920 0.038960 0.000820 0.000480 0.000060 0.002500 0.003900 0.001380 0.019080 0.035660 0.001580 0.000500
0.001260 0.072580 0.012800 0.046960 0.001080 0.135600 0.000500 0.016760 0.000880 0.000940 0.001320 0.000460 0.064040 0.118060 0.018460 0.011860 0.012440 0.020280 0.113080 0.061000 0.000660 0.001820 0.000800 0.000920 0.015640 0.000400 0.135260 0.001280 0.046060 0.011480 0.073740 0.000940
0.000540 0.000360 0.048180 0.000560 0.000660 0.025240 0.000680 0.016000 0.014240 0.000280 0.120080 0.000120 0.034780 0.132040 0.051900 0.056400 0.053500 0.051280 0.128800 0.034720 0.000180 0.121840 0.000260 0.014860 0.016400 0.000760 0.024860 0.000860 0.000340 0.048020 0.000340 0.000280
0.008140 0.008140 0.000480 0.000620 0.005200 0.063160 0.000940 0.000780 0.019300 0.000420 0.051060 0.000740 0.188900 0.061240 0.090940 0.001060 0.000880 0.092860 0.060340 0.187560 0.000600 0.048680 0.000340 0.019620 0.000780 0.000800 0.063800 0.004420 0.000460 0.000920 0.008140 0.008040
0.005860 0.017900 0.000980 0.000480 0.060040 0.003300 0.023460 0.000200 0.000620 0.030760 0.005220 0.008280 0.136040 0.096500 0.104700 0.002100 0.002160 0.105320 0.098700 0.135080 0.008720 0.005760 0.032380 0.000460 0.000220 0.024400 0.004300 0.059780 0.000420 0.000880 0.018180 0.006160
0.035760 0.150200 0.028200 0.014520 0.000700 0.032120 0.009980 0.003060 0.044560 0.004180 0.005360 0.000220 0.059320 0.028940 0.082460 0.000400 0.000360 0.082180 0.028020 0.059840 0.000100 0.004860 0.004860 0.044900 0.002860 0.009020 0.032300 0.000980 0.014980 0.027500 0.151260 0.035360
0.002900 0.000700 0.000380 0.000660 0.000220 0.155520 0.000540 0.035680 0.028640 0.018720 0.047400 0.012780 0.000440 0.159680 0.000260 0.032340 0.031540 0.000240 0.158520 0.000420 0.012840 0.048580 0.018720 0.030660 0.035500 0.000600 0.159400 0.000300 0.000740 0.000460 0.000960 0.003020
0.024020 0.049560 0.044200 0.030260 0.004880 0.050360 0.000600 0.000720 0.022120 0.000440 0.066720 0.000780 0.122360 0.042700 0.035880 0.000760 0.000860 0.037860 0.043860 0.122960 0.000660 0.067140 0.000580 0.022500 0.000760 0.000580 0.051740 0.004820 0.028640 0.043960 0.051460 0.024620
0.037980 0.000240 0.003840 0.000140 0.025280 0.012580 0.005640 0.000540 0.009800 0.014780 0.025500 0.002480 0.015060 0.287600 0.001580 0.052520 0.052880 0.002020 0.292040 0.016440 0.002860 0.025580 0.013800 0.010680 0.000400 0.005660 0.011280 0.025620 0.000300 0.004260 0.000340 0.039640
0.018520 0.073100 0.000560 0.000420 0.000820 0.020340 0.001460 0.000520 0.056100 0.006920 0.017060 0.000280 0.088760 0.037780 0.176980 0.000920 0.001020 0.174940 0.036880 0.088640 0.000160 0.016560 0.006760 0.058120 0.000820 0.001560 0.020020 0.000980 0.000380 0.000580 0.073700 0.017700
0.024420 0.055180 0.032560 0.020760 0.005880 0.108560 0.000980 0.001360 0.015940 0.000380 0.005460 0.000320 0.150060 0.049440 0.027880 0.000400 0.000460 0.025700 0.049640 0.151900 0.000160 0.005040 0.000140 0.016860 0.001820 0.000980 0.108760 0.005180 0.021100 0.033000 0.054340 0.024700
0.003800 0.053060 0.000460 0.001060 0.006260 0.022400 0.001500 0.000160 0.000780 0.001020 0.007920 0.000960 0.205420 0.049600 0.140160 0.000680 0.000660 0.145540 0.050320 0.206040 0.000760 0.007860 0.001000 0.000740 0.000120 0.001500 0.022100 0.006740 0.001440 0.000520 0.054840 0.003940
0.053100 0.103660 0.019100 0.008820 0.007360 0.066900 0.077220 0.004660 0.068600 0.028820 0.009000 0.000200 0.020020 0.003140 0.029000 0.000220 0.000200 0.027040 0.003100 0.018860 0.000060 0.008160 0.028160 0.069900 0.004460 0.078960 0.067240 0.008620 0.007740 0.019100 0.104560 0.053380
0.029700 0.057480 0.001020 0.060220 0.007700 0.051500 0.000360 0.030220 0.014120 0.000680 0.000700 0.000660 0.175860 0.029820 0.012520 0.026560 0.025220 0.012860 0.029200 0.175720 0.000860 0.000460 0.000720 0.014320 0.029400 0.000280 0.051380 0.007240 0.062920 0.001260 0.058380 0.030020
0.020180 0.002320 0.000820 0.000820 0.014220 0.001080 0.000600 0.005740 0.040940 0.000280 0.028420 0.002860 0.273940 0.001360 0.080040 0.025520 0.024660 0.080960 0.001540 0.271980 0.002840 0.029800 0.000280 0.040820 0.005780 0.000620 0.001120 0.013340 0.000980 0.000700 0.002500 0.022300
0.025300 0.050720 0.044900 0.028220 0.005060 0.051320 0.000520 0.000600 0.022520 0.000480 0.066660 0.000960 0.118760 0.043980 0.037440 0.000840 0.000800 0.038060 0.044380 0.121860 0.000800 0.067500 0.000300 0.022060 0.000900 0.000400 0.049640 0.004840 0.028900 0.045080 0.051000 0.024560
0.071680 0.003220 0.048700 0.000220 0.016060 0.039080 0.000220 0.000400 0.041080 0.000240 0.113880 0.000200 0.018880 0.122900 0.013000 0.014940 0.014320 0.012860 0.121940 0.019000 0.000120 0.111700 0.000360 0.038500 0.000500 0.000260 0.037680 0.016120 0.000240 0.048340 0.002960 0.069760
0.023120 0.133100 0.020340 0.018140 0.001600 0.029400 0.015020 0.002860 0.073840 0.089140 0.074940 0.003340 0.006160 0.003000 0.000760 0.000180 0.000080 0.000800 0.003220 0.005700 0.002600 0.075660 0.090500 0.074500 0.002740 0.015420 0.033460 0.001780 0.016980 0.021920 0.134960 0.024100
0.033200 0.038100 0.000520 0.000220 0.000740 0.040000 0.001020 0.013660 0.062200 0.005140 0.017920 0.000060 0.031880 0.093500 0.094080 0.066460 0.065100 0.093340 0.095400 0.034360 0.000040 0.018840 0.005260 0.060380 0.013440 0.000960 0.039660 0.000600 0.000280 0.000380 0.039200 0.033420
0.007620 0.034140 0.001440 0.182380 0.005140 0.030160 0.000280 0.047720 0.001380 0.000520 0.001280 0.013500 0.071220 0.013220 0.022760 0.068320 0.067700 0.022380 0.014260 0.070680 0.013520 0.001120 0.000300 0.001520 0.046660 0.000360 0.030640 0.005780 0.181460 0.001260 0.032960 0.007680
0.002040 0.013840 0.002560 0.000540 0.007860 0.013680 0.000500 0.000980 0.000060 0.001440 0.001800 0.005420 0.064680 0.261340 0.069040 0.052160 0.052800 0.071640 0.263500 0.063900 0.005220 0.002000 0.001220 0.000260 0.000860 0.000600 0.013040 0.006520 0.000740 0.002940 0.014100 0.002080
0.015700 0.007060 0.045600 0.035800 0.017540 0.078880 0.000460 0.001100 0.073700 0.006180 0.104900 0.001460 0.069020 0.041040 0.001600 0.000480 0.000420 0.001200 0.040880 0.066960 0.001700 0.106020 0.006700 0.074520 0.001100 0.000580 0.078960 0.016720 0.034380 0.046880 0.006440 0.015380
0.000880 0.000920 0.001380 0.000660 0.062960 0.112620 0.019600 0.011600 0.000900 0.071260 0.012260 0.048980 0.001080 0.133400 0.000360 0.016880 0.016740 0.000380 0.135200 0.001420 0.047900 0.012620 0.073320 0.001140 0.011520 0.019520 0.115420 0.064060 0.000540 0.001640 0.001000 0.001200
0.044700 0.004440 0.005240 0.000160 0.057160 0.027900 0.083360 0.000520 0.034520 0.149680 0.028260 0.015200 0.000600 0.030700 0.009940 0.002580 0.003080 0.009840 0.031180 0.000960 0.016660 0.027820 0.155540 0.033940 0.000500 0.080780 0.028400 0.061380 0.000060 0.005140 0.005420 0.043700
0.055900 0.025260 0.000640 0.000020 0.021840 0.000380 0.028900 0.000520 0.005740 0.084000 0.000660 0.001400 0.035020 0.075980 0.091080 0.071940 0.072420 0.091180 0.077280 0.035400 0.001200 0.000780 0.083640 0.006140 0.000500 0.027280 0.000380 0.022080 0.000220 0.000560 0.023900 0.057120
0.022640 0.000380 0.000600 0.000580 0.011340 0.028360 0.000520 0.016660 0.042920 0.000120 0.023820 0.002380 0.166700 0.076140 0.026920 0.075820 0.082120 0.026720 0.074700 0.166760 0.002040 0.025840 0.000100 0.043720 0.016980 0.000400 0.027580 0.011300 0.000500 0.000640 0.000480 0.023580
0.000580 0.000200 0.010400 0.071680 0.001940 0.000780 0.003640 0.046880 0.100140 0.000860 0.134560 0.016640 0.094600 0.000780 0.007120 0.008920 0.008220 0.006280 0.000780 0.094680 0.016600 0.135240 0.001040 0.099140 0.047920 0.003480 0.001300 0.001880 0.072120 0.010280 0.000240 0.000440
0.000280 0.000140 0.001240 0.000080 0.006260 0.046060 0.089060 0.092320 0.057100 0.009920 0.147660 0.000840 0.001100 0.001260 0.044840 0.001220 0.001400 0.043180 0.000960 0.000840 0.000620 0.148780 0.009460 0.058320 0.088100 0.092000 0.047780 0.006160 0.000060 0.001640 0.000300 0.000380
0.000520 0.000680 0.000560 0.003100 0.000340 0.132160 0.000280 0.003600 0.089540 0.056460 0.167820 0.021500 0.000200 0.019060 0.000320 0.001260 0.001680 0.000180 0.017560 0.000100 0.021140 0.169960 0.054000 0.092940 0.003400 0.000340 0.135260 0.000120 0.002940 0.000940 0.000900 0.000500
0.036940 0.009320 0.063160 0.000620 0.038100 0.007520 0.180320 0.003480 0.000160 0.000460 0.005480 0.001900 0.009480 0.013640 0.125980 0.001320 0.001560 0.128300 0.012180 0.009400 0.001920 0.005680 0.000780 0.000180 0.003320 0.177720 0.006960 0.040100 0.000600 0.063740 0.010080 0.038960
0.024720 0.050780 0.043900 0.030020 0.005140 0.050300 0.000600 0.000560 0.022040 0.000440 0.067000 0.000900 0.125360 0.045100 0.037260 0.000700 0.000920 0.036000 0.043820 0.120420 0.000860 0.066600 0.000580 0.021500 0.000680 0.000600 0.049500 0.005060 0.029760 0.044140 0.049960 0.024140
0.072740 0.000740 0.009780 0.000080 0.236240 0.000420 0.013140 0.002900 0.016860 0.000760 0.008940 0.007900 0.037100 0.013960 0.009700 0.066740 0.068000 0.010120 0.014280 0.037540 0.007620 0.009200 0.000740 0.016500 0.003480 0.013200 0.000560 0.235600 0.000180 0.009180 0.000740 0.074420
0.004780 0.000300 0.070220 0.001600 0.001160 0.000360 0.048760 0.000120 0.002140 0.004860 0.001840 0.000220 0.073020 0.048420 0.234460 0.005180 0.004960 0.235380 0.050100 0.074360 0.000420 0.002040 0.004980 0.001800 0.000340 0.049620 0.000500 0.001100 0.001720 0.069800 0.000380 0.004420
0.023380 0.051720 0.042740 0.028760 0.005080 0.050100 0.000640 0.000660 0.022200 0.000400 0.066520 0.000900 0.122940 0.046220 0.037000 0.000680 0.000760 0.035980 0.043820 0.121780 0.000880 0.065740 0.000480 0.021120 0.000620 0.000520 0.051740 0.005380 0.030580 0.043500 0.052520 0.024000
0.020080 0.002260 0.000520 0.000860 0.014340 0.001320 0.000600 0.005700 0.042400 0.000180 0.030020 0.003320 0.274800 0.001380 0.078200 0.025580 0.025160 0.080400 0.001340 0.270720 0.003200 0.028420 0.000260 0.040180 0.005600 0.001000 0.001320 0.013800 0.001000 0.000800 0.002420 0.022180
0.077560 0.087380 0.002100 0.067780 0.006500 0.000420 0.000360 0.000440 0.121780 0.002020 0.019520 0.005500 0.067700 0.000160 0.035640 0.005080 0.005180 0.037580 0.000080 0.068060 0.006240 0.019280 0.002060 0.120600 0.000260 0.000320 0.000420 0.006320 0.069120 0.001900 0.085920 0.076080
0.020620 0.000380 0.133520 0.000280 0.000260 0.001580 0.005980 0.006100 0.077400 0.004640 0.212100 0.001480 0.005080 0.017520 0.001320 0.010400 0.011060 0.001540 0.018220 0.004840 0.001260 0.214860 0.004300 0.076320 0.005560 0.005680 0.001620 0.000260 0.000300 0.133680 0.000380 0.020820
0.000180 0.069100 0.004540 0.035140 0.001580 0.120940 0.005820 0.017720 0.000420 0.006500 0.000300 0.000380 0.088580 0.076700 0.067560 0.002200 0.002260 0.068100 0.077600 0.088540 0.000420 0.000180 0.006920 0.000480 0.019020 0.006240 0.119560 0.001600 0.036360 0.004320 0.070020 0.000080
0.077500 0.021780 0.208880 0.003120 0.002000 0.026220 0.000480 0.010080 0.018760 0.000360 0.112820 0.000280 0.000900 0.000620 0.008540 0.004980 0.005100 0.008880 0.000520 0.000680 0.000240 0.113620 0.000300 0.018860 0.011020 0.000620 0.026260 0.002220 0.002720 0.210280 0.021100 0.079620
0.073720 0.091360 0.077420 0.003180 0.006240 0.002520 0.000820 0.000120 0.024100 0.135660 0.019780 0.017500 0.002060 0.032040 0.015560 0.002880 0.002500 0.014840 0.031280 0.001660 0.018940 0.019420 0.132760 0.024060 0.000120 0.000620 0.002940 0.005980 0.002620 0.073920 0.090300 0.072440
0.002360 0.042640 0.000100 0.000700 0.109740 0.039880 0.021240 0.000040 0.001020 0.017560 0.013240 0.008640 0.116820 0.014500 0.107980 0.000960 0.000920 0.108000 0.013940 0.116140 0.009360 0.012960 0.018300 0.001100 0.000140 0.020500 0.039800 0.113440 0.000860 0.000220 0.044040 0.002220
0.008060 0.008180 0.000840 0.000420 0.004700 0.065620 0.000780 0.000600 0.019780 0.000420 0.051080 0.000760 0.187980 0.061360 0.090960 0.000980 0.000820 0.091360 0.061640 0.182820 0.000740 0.051180 0.000400 0.019900 0.000960 0.000800 0.063660 0.005340 0.000700 0.000700 0.008540 0.007280
0.013720 0.025800 0.113040 0.056580 0.003520 0.040960 0.001160 0.003180 0.004440 0.000280 0.088540 0.000560 0.068100 0.009160 0.069100 0.000760 0.000580 0.070220 0.009480 0.070980 0.000600 0.086960 0.000180 0.004980 0.002680 0.001160 0.042900 0.003120 0.053480 0.114320 0.024780 0.014040
0.000760 0.046720 0.000500 0.000960 0.009680 0.049260 0.001980 0.000320 0.020820 0.008020 0.057980 0.001500 0.184120 0.027820 0.088320 0.000100 0.000100 0.086820 0.027140 0.186540 0.001520 0.059740 0.008000 0.020980 0.000460 0.002020 0.049140 0.009600 0.000940 0.000660 0.046140 0.000700
0.003180 0.000180 0.156640 0.000360 0.007500 0.000900 0.017420 0.001080 0.006580 0.009140 0.040860 0.002880 0.010120 0.175540 0.002140 0.066640 0.065980 0.002320 0.172560 0.009980 0.002840 0.041880 0.008140 0.007580 0.001020 0.017600 0.001060 0.007220 0.000260 0.156620 0.000160 0.002980
0.019380 0.000360 0.136680 0.000420 0.000300 0.001480 0.005720 0.006120 0.077640 0.004640 0.213500 0.001040 0.005060 0.016760 0.001600 0.010000 0.010260 0.001560 0.018360 0.005240 0.001180 0.210720 0.004520 0.078840 0.005600 0.005460 0.001740 0.000260 0.000380 0.134200 0.000220 0.020120
0.022020 0.024040 0.179240 0.023980 0.000220 0.010000 0.000260 0.002440 0.000140 0.000400 0.007560 0.008880 0.000520 0.103960 0.008520 0.110420 0.109540 0.008460 0.103220 0.000360 0.008820 0.007240 0.000340 0.000320 0.002480 0.000260 0.010960 0.000240 0.023980 0.176540 0.021880 0.022120
0.011980 0.128200 0.020740 0.011460 0.023720 0.073100 0.006320 0.000300 0.013800 0.006460 0.102700 0.000220 0.080420 0.011420 0.008300 0.000240 0.000200 0.008380 0.011240 0.082780 0.000200 0.101140 0.006480 0.012700 0.000460 0.006620 0.075140 0.022080 0.011220 0.021320 0.127900 0.012120
0.007860 0.105120 0.019160 0.016220 0.123480 0.046240 0.037920 0.000200 0.000680 0.007700 0.000420 0.000300 0.077760 0.008680 0.043460 0.000180 0.000180 0.045520 0.008820 0.079300 0.000280 0.000600 0.008060 0.000820 0.000080 0.038500 0.046120 0.124220 0.015600 0.019080 0.108300 0.008500
0.010660 0.073820 0.000360 0.000400 0.000200 0.052100 0.000700 0.025600 0.023480 0.014420 0.011060 0.000300 0.002820 0.128400 0.044780 0.107000 0.109900 0.044200 0.126660 0.002740 0.000500 0.011500 0.014160 0.024620 0.026940 0.000880 0.053240 0.000160 0.000500 0.000220 0.076660 0.010380
0.022620 0.002300 0.000640 0.000680 0.013800 0.001320 0.000900 0.005080 0.041200 0.000280 0.030800 0.002800 0.274040 0.001340 0.079540 0.026300 0.025760 0.079480 0.001480 0.272120 0.002920 0.028080 0.000460 0.039960 0.005340 0.000780 0.001440 0.013060 0.000780 0.000720 0.002460 0.020880
0.000880 0.100060 0.000840 0.020320 0.000320 0.099800 0.000380 0.000080 0.003320 0.032060 0.084540 0.023340 0.012320 0.040000 0.072720 0.008800 0.009220 0.069320 0.041920 0.013520 0.023260 0.083660 0.033120 0.004020 0.000340 0.000360 0.097940 0.000320 0.019020 0.000980 0.101900 0.000680
0.001240 0.000860 0.027520 0.002340 0.006060 0.001960 0.095360 0.013180 0.001440 0.070080 0.007040 0.038020 0.002820 0.054740 0.092720 0.085100 0.082000 0.096560 0.052420 0.002860 0.039300 0.007440 0.069100 0.001480 0.013520 0.095620 0.001760 0.005760 0.002280 0.027040 0.000780 0.000960
0.029860 0.056500 0.001100 0.059900 0.007700 0.050000 0.000300 0.029180 0.013920 0.000780 0.000560 0.000600 0.175360 0.030520 0.013040 0.025620 0.026200 0.013280 0.030740 0.180400 0.000760 0.000720 0.000740 0.014980 0.030480 0.000340 0.050960 0.007020 0.059680 0.000980 0.057380 0.029760
0.116880 0.063560 0.011580 0.020120 0.000840 0.000860 0.000560 0.001500 0.132900 0.001000 0.016400 0.000520 0.069400 0.000700 0.050140 0.012240 0.011880 0.047140 0.001260 0.072340 0.000360 0.015880 0.001200 0.135360 0.001420 0.000840 0.000920 0.001020 0.019660 0.011800 0.064060 0.115020
0.000660 0.001140 0.007480 0.000500 0.078460 0.017440 0.003720 0.000180 0.019720 0.177040 0.069320 0.094720 0.008040 0.019860 0.001200 0.000100 0.000040 0.001180 0.020080 0.008280 0.092420 0.069180 0.176820 0.020580 0.000200 0.003860 0.018260 0.078000 0.000700 0.008180 0.001200 0.000800
0.000260 0.000240 0.008460 0.007400 0.105520 0.000300 0.108860 0.009500 0.023360 0.021640 0.023320 0.176500 0.010540 0.000220 0.002460 0.000320 0.000240 0.002140 0.000280 0.010840 0.176860 0.024980 0.022220 0.023200 0.008760 0.109000 0.000380 0.105100 0.007380 0.008460 0.000220 0.000400
0.013260 0.118540 0.030500 0.045400 0.005780 0.016820 0.000220 0.000100 0.001020 0.001480 0.023280 0.000820 0.142380 0.036720 0.064140 0.000560 0.000440 0.062660 0.036500 0.139960 0.000760 0.022260 0.001740 0.001340 0.000120 0.000360 0.017640 0.005180 0.045500 0.031840 0.118280 0.013760
0.018820 0.029480 0.012540 0.048340 0.161140 0.000260 0.031140 0.000260 0.001060 0.003080 0.000440 0.000480 0.155460 0.000220 0.036740 0.000780 0.000740 0.035900 0.000400 0.157400 0.000340 0.000500 0.002940 0.001160 0.000140 0.031440 0.000260 0.158380 0.049540 0.012620 0.028420 0.018940
0.007060 0.013100 0.000420 0.100740 0.011200 0.084700 0.000160 0.008660 0.125660 0.012100 0.010940 0.020820 0.072880 0.023400 0.000400 0.005940 0.006920 0.000340 0.025600 0.073880 0.020300 0.010720 0.012360 0.125080 0.008280 0.000240 0.083120 0.011800 0.102060 0.000420 0.012960 0.007100
0.046760 0.024340 0.031100 0.043480 0.049480 0.005420 0.000540 0.000660 0.000460 0.021440 0.000980 0.066300 0.043500 0.124240 0.001060 0.037900 0.035860 0.000780 0.122500 0.045060 0.068960 0.000820 0.020560 0.000580 0.000440 0.000640 0.004720 0.051860 0.045500 0.028800 0.023520 0.051100
0.048460 0.047020 0.072720 0.022780 0.016920 0.005260 0.000220 0.000060 0.002520 0.000900 0.007960 0.004660 0.100060 0.117140 0.045500 0.004600 0.004080 0.045980 0.118940 0.101040 0.004820 0.009660 0.000680 0.002460 0.000200 0.000300 0.004920 0.016980 0.021080 0.075240 0.047920 0.048280
0.000720 0.017900 0.001060 0.007600 0.000240 0.156940 0.000140 0.003040 0.069020 0.002640 0.173340 0.008600 0.002940 0.040040 0.009260 0.006940 0.007220 0.009320 0.043060 0.002960 0.009260 0.172760 0.002400 0.068800 0.002800 0.000140 0.153520 0.000200 0.007420 0.000840 0.017120 0.001120
0.046480 0.004500 0.003940 0.000220 0.012520 0.006920 0.000840 0.000440 0.001480 0.000200 0.006660 0.000340 0.029440 0.274800 0.043020 0.067480 0.067400 0.044840 0.276140 0.028720 0.000420 0.006460 0.000220 0.001740 0.000400 0.000900 0.006800 0.012580 0.000180 0.004280 0.004920 0.044080
0.063060 0.001220 0.054460 0.055300 0.000340 0.000100 0.004260 0.023780 0.030660 0.000260 0.001600 0.001060 0.059400 0.009780 0.083000 0.108760 0.110040 0.085840 0.009700 0.058020 0.000980 0.001580 0.000200 0.030920 0.024480 0.004420 0.000220 0.000400 0.054860 0.056860 0.000880 0.062920
0.010760 0.070200 0.000620 0.000220 0.003620 0.047880 0.001640 0.001200 0.134360 0.016780 0.098060 0.001100 0.007080 0.008740 0.094760 0.000660 0.000540 0.096780 0.009120 0.006960 0.000900 0.098320 0.017620 0.133920 0.001060 0.001700 0.047740 0.003200 0.000160 0.000560 0.072540 0.010560
0.005560 0.000160 0.034660 0.000160 0.028460 0.005620 0.225060 0.000640 0.020240 0.041660 0.074780 0.028060 0.000880 0.010060 0.020160 0.004800 0.004780 0.020300 0.010120 0.000600 0.028200 0.074340 0.040540 0.020720 0.000540 0.225120 0.005380 0.025980 0.000240 0.035360 0.000240 0.005940
0.082380 0.012220 0.008120 0.000060 0.013400 0.006380 0.102580 0.000440 0.022920 0.074720 0.006120 0.000640 0.011320 0.127820 0.021160 0.012140 0.010880 0.020660 0.126800 0.011600 0.000320 0.006120 0.072840 0.024260 0.000140 0.103480 0.005920 0.012760 0.000300 0.008540 0.011040 0.081280
0.009620 0.000080 0.031100 0.002600 0.011060 0.000400 0.151760 0.041160 0.017400 0.003060 0.007460 0.000640 0.017740 0.010820 0.020940 0.176400 0.173100 0.019320 0.011240 0.017940 0.000760 0.007380 0.002420 0.018400 0.039140 0.151420 0.000400 0.010740 0.002540 0.032380 0.000200 0.009740
0.013480 0.050640 0.019420 0.029540 0.030700 0.000120 0.157820 0.000400 0.000520 0.000380 0.000800 0.002760 0.037180 0.000660 0.156340 0.000320 0.000200 0.155400 0.000660 0.035420 0.003200 0.001280 0.000360 0.000400 0.000420 0.160900 0.000260 0.029980 0.029960 0.019360 0.047340 0.013140
0.000840 0.000780 0.019420 0.000460 0.000440 0.035680 0.064620 0.109780 0.013400 0.044540 0.066560 0.025020 0.000060 0.040080 0.005440 0.073260 0.072440 0.005560 0.040600 0.000120 0.025840 0.066020 0.044180 0.014320 0.108280 0.063080 0.037100 0.000320 0.000380 0.019560 0.000440 0.000740
0.000740 0.000420 0.051420 0.014160 0.001200 0.008520 0.001100 0.000820 0.010380 0.000320 0.128400 0.000740 0.142400 0.036040 0.105080 0.001360 0.001300 0.105320 0.035980 0.137920 0.000840 0.128960 0.000380 0.010520 0.000880 0.000920 0.009000 0.000980 0.013380 0.048900 0.000480 0.000500
0.057900 0.000480 0.067720 0.014240 0.000180 0.000800 0.003180 0.043760 0.083600 0.000280 0.036380 0.000260 0.025560 0.012080 0.043400 0.112700 0.112000 0.042320 0.012860 0.024820 0.000400 0.037900 0.000180 0.080440 0.043440 0.002740 0.000560 0.000200 0.013980 0.065920 0.000640 0.058440
0.015900 0.000280 0.005460 0.000180 0.150240 0.048460 0.027400 0.000320 0.024640 0.055700 0.033960 0.020800 0.004940 0.109020 0.000600 0.001680 0.001740 0.000720 0.109700 0.005280 0.020300 0.033540 0.055880 0.024120 0.000360 0.027840 0.047800 0.149280 0.000200 0.005900 0.000220 0.016900
0.025340 0.050100 0.041040 0.029820 0.005160 0.048480 0.000500 0.000360 0.021660 0.000320 0.066540 0.000860 0.123700 0.045740 0.036160 0.000960 0.000840 0.037160 0.044220 0.125620 0.000600 0.067960 0.000380 0.020940 0.000440 0.000440 0.049280 0.004700 0.029940 0.044440 0.051260 0.024400
0.001460 0.082080 0.078460 0.126720 0.013880 0.035420 0.020400 0.002280 0.004460 0.000620 0.067500 0.001120 0.003900 0.000340 0.062340 0.000120 0.000040 0.062920 0.000300 0.003860 0.001120 0.068100 0.000640 0.004200 0.002200 0.020460 0.035400 0.013440 0.123040 0.079080 0.082060 0.001400
0.001020 0.000420 0.000400 0.000160 0.137080 0.103600 0.028980 0.000940 0.058400 0.050380 0.070060 0.011760 0.029740 0.006120 0.001900 0.000120 0.000240 0.001760 0.005740 0.029600 0.010700 0.073500 0.051520 0.055500 0.000760 0.028680 0.104180 0.134080 0.000200 0.000420 0.000420 0.000980
0.063660 0.000100 0.003440 0.000340 0.067300 0.001200 0.004060 0.000560 0.020220 0.001900 0.015660 0.036180 0.077980 0.126300 0.001360 0.078840 0.078540 0.001420 0.125940 0.080920 0.037840 0.014760 0.002100 0.020080 0.000780 0.004220 0.001320 0.067080 0.000240 0.003660 0.000060 0.061300
0.000040 0.003300 0.012580 0.070340 0.000420 0.017220 0.004220 0.012000 0.001700 0.013240 0.079580 0.020320 0.095240 0.042060 0.123400 0.001640 0.001640 0.126420 0.040640 0.098960 0.020340 0.080320 0.012440 0.001680 0.011200 0.004440 0.017300 0.000420 0.070700 0.012120 0.003380 0.000060
0.013620 0.038480 0.065980 0.010280 0.000960 0.016840 0.008480 0.008160 0.000560 0.235620 0.003480 0.013580 0.000660 0.071800 0.000160 0.009320 0.009040 0.000220 0.074280 0.000720 0.012520 0.003140 0.234240 0.000460 0.008800 0.007960 0.016740 0.000880 0.009880 0.068360 0.040400 0.013740
0.031980 0.027780 0.163760 0.004820 0.002900 0.020000 0.002520 0.000460 0.000240 0.000180 0.034480 0.000240 0.025680 0.049060 0.115500 0.017740 0.018000 0.115620 0.048180 0.027140 0.000100 0.033780 0.000360 0.000300 0.000620 0.002820 0.020840 0.003020 0.004940 0.164580 0.029740 0.031980
0.074060 0.016640 0.000300 0.000360 0.020860 0.000700 0.000660 0.001760 0.006960 0.058660 0.000220 0.017600 0.037420 0.088920 0.001120 0.174520 0.172680 0.000940 0.085520 0.040300 0.016060 0.000440 0.059160 0.007220 0.001920 0.000800 0.000740 0.020700 0.000380 0.000460 0.017060 0.074220
0.000360 0.005540 0.021420 0.003480 0.029000 0.147860 0.092940 0.043740 0.000620 0.000560 0.095020 0.000340 0.011780 0.000680 0.046560 0.000340 0.000500 0.045840 0.000780 0.012060 0.000500 0.093900 0.000200 0.000500 0.042160 0.094600 0.147020 0.029620 0.003240 0.021480 0.006080 0.000640
0.020840 0.080160 0.013320 0.001620 0.001460 0.126600 0.040400 0.097520 0.069360 0.011800 0.003180 0.000020 0.011840 0.004320 0.015200 0.000740 0.000460 0.016780 0.004660 0.012160 0.000100 0.003640 0.011100 0.068460 0.095540 0.039440 0.130640 0.001480 0.001680 0.013640 0.080620 0.020580
0.079200 0.003860 0.212020 0.001100 0.005560 0.017760 0.001220 0.010740 0.020440 0.000380 0.133380 0.000280 0.000280 0.001640 0.006020 0.006340 0.005900 0.005760 0.001740 0.000240 0.000340 0.131500 0.000500 0.020520 0.010380 0.001320 0.019140 0.005740 0.001020 0.210420 0.004460 0.080160
0.053700 0.055600 0.001220 0.064500 0.023700 0.004320 0.000160 0.000480 0.001120 0.001640 0.000280 0.030380 0.109560 0.085920 0.009620 0.060720 0.057340 0.009280 0.083680 0.108020 0.030200 0.000180 0.001640 0.001100 0.000460 0.000200 0.004500 0.025580 0.064680 0.000900 0.053640 0.055040
