0.001240 0.006620 0.000300 0.001580 0.010420 0.209680 0.002480 0.086700 0.008800 0.001160 0.038260 0.004280 0.024820 0.007040 0.065520 0.027120 0.028120 0.068460 0.007480 0.024900 0.003740 0.040020 0.000940 0.009080 0.085600 0.002260 0.213180 0.010240 0.001260 0.000360 0.006460 0.001240
0.001180 0.006640 0.000320 0.001760 0.010080 0.211020 0.002220 0.088480 0.008080 0.001000 0.038120 0.004600 0.023860 0.007320 0.065780 0.027560 0.026440 0.067220 0.006540 0.025400 0.004220 0.040520 0.000900 0.007940 0.088080 0.002420 0.211380 0.009980 0.001620 0.000260 0.007180 0.001240
0.001380 0.007620 0.000360 0.001360 0.009980 0.210100 0.002320 0.085940 0.008800 0.000940 0.039880 0.004340 0.025860 0.007500 0.067240 0.027860 0.026400 0.066400 0.007760 0.024220 0.004480 0.037880 0.000860 0.009080 0.086600 0.002180 0.211720 0.009680 0.001720 0.000320 0.007280 0.001300
0.001360 0.006240 0.000160 0.001520 0.010300 0.213820 0.002120 0.087680 0.008340 0.000940 0.038900 0.004240 0.024960 0.006920 0.067720 0.026720 0.026700 0.066440 0.007260 0.024940 0.004040 0.037760 0.001000 0.008380 0.086560 0.002080 0.212280 0.010060 0.001600 0.000380 0.006700 0.001240
0.001320 0.006780 0.000340 0.001540 0.009880 0.210600 0.002540 0.087160 0.008920 0.001000 0.038740 0.004440 0.024220 0.007660 0.067660 0.027460 0.027360 0.065280 0.006980 0.026380 0.003460 0.038280 0.000880 0.008700 0.088060 0.002260 0.211900 0.010160 0.001360 0.000500 0.006080 0.001460
0.001320 0.006900 0.000400 0.001360 0.009520 0.211280 0.002080 0.086860 0.008300 0.000820 0.038300 0.003720 0.026260 0.007660 0.066260 0.026940 0.028580 0.066320 0.007320 0.024840 0.003540 0.039240 0.000680 0.008700 0.088720 0.001940 0.212220 0.009880 0.001440 0.000320 0.006320 0.001320
0.001520 0.006480 0.000360 0.001580 0.010480 0.211860 0.002360 0.086520 0.008440 0.000760 0.038300 0.004040 0.024780 0.006560 0.067080 0.028120 0.027200 0.066420 0.007460 0.025320 0.003640 0.039840 0.000680 0.009000 0.087200 0.002020 0.211220 0.010860 0.001240 0.000340 0.006600 0.001080
0.001300 0.005820 0.000220 0.001740 0.010200 0.210760 0.002280 0.088320 0.008520 0.001040 0.038760 0.004040 0.024540 0.007280 0.068100 0.027320 0.028640 0.065720 0.007240 0.025580 0.003880 0.039160 0.000700 0.008900 0.086380 0.002320 0.210080 0.010580 0.001760 0.000440 0.006580 0.001160
0.001200 0.006100 0.000240 0.001600 0.009160 0.210460 0.002440 0.088140 0.008600 0.001020 0.038740 0.004380 0.026280 0.007240 0.066500 0.027920 0.027760 0.065240 0.007380 0.024000 0.004220 0.037960 0.001040 0.008360 0.087400 0.001940 0.214820 0.009920 0.001020 0.000360 0.006400 0.001520
0.001260 0.007040 0.000240 0.001720 0.010800 0.211760 0.002120 0.089300 0.008580 0.001080 0.037900 0.003540 0.025920 0.006960 0.066300 0.027480 0.026380 0.067060 0.007480 0.024780 0.004120 0.037740 0.001020 0.008760 0.086380 0.002260 0.211660 0.010460 0.001160 0.000280 0.006600 0.001220
0.001280 0.006600 0.000300 0.001300 0.009860 0.213020 0.002140 0.086640 0.009060 0.000980 0.037340 0.003700 0.026320 0.006960 0.066140 0.026820 0.027000 0.067180 0.007620 0.024100 0.004140 0.041040 0.000880 0.008620 0.087320 0.002080 0.211540 0.009860 0.001700 0.000240 0.006400 0.001180
0.009200 0.093800 0.001940 0.033000 0.001360 0.047800 0.000240 0.012400 0.065300 0.008340 0.184500 0.031900 0.001120 0.000640 0.003780 0.003080 0.003600 0.003520 0.000820 0.001040 0.031220 0.180880 0.009480 0.065500 0.013040 0.000400 0.051220 0.001100 0.032700 0.002140 0.094620 0.009680
0.000340 0.001360 0.001420 0.006880 0.002200 0.086220 0.010240 0.212960 0.038740 0.004300 0.008500 0.001160 0.067020 0.028000 0.024420 0.006980 0.006960 0.024920 0.027640 0.065300 0.000860 0.008120 0.004400 0.038680 0.210960 0.009940 0.088140 0.002380 0.007120 0.001520 0.001380 0.000300
0.009900 0.092200 0.002000 0.032180 0.001240 0.047240 0.000360 0.013260 0.065740 0.009480 0.185020 0.033480 0.000860 0.000900 0.003560 0.003460 0.003600 0.003660 0.000840 0.001040 0.032820 0.183380 0.008680 0.066340 0.012640 0.000240 0.048880 0.001180 0.031300 0.002000 0.092020 0.009860
0.001280 0.048620 0.000360 0.013620 0.009860 0.094500 0.002080 0.032020 0.000980 0.000980 0.003940 0.003620 0.065380 0.008880 0.182020 0.033460 0.032620 0.185300 0.008560 0.066460 0.003420 0.003680 0.000600 0.000820 0.030500 0.002140 0.093200 0.009840 0.012140 0.000280 0.046780 0.001420
0.039020 0.004000 0.007740 0.000940 0.067140 0.026740 0.024200 0.007220 0.000380 0.001300 0.001280 0.005880 0.002220 0.088300 0.010480 0.211820 0.212240 0.010640 0.087580 0.002280 0.007160 0.001440 0.001480 0.000340 0.007840 0.024860 0.026480 0.066020 0.000800 0.008480 0.003720 0.039340
0.001500 0.047280 0.000300 0.012640 0.009660 0.090200 0.002340 0.031960 0.001020 0.000620 0.004020 0.003520 0.066740 0.009240 0.183880 0.032320 0.033420 0.183640 0.008660 0.067580 0.003200 0.003900 0.000840 0.000980 0.031400 0.002300 0.093900 0.010420 0.011700 0.000420 0.048360 0.001400
0.003460 0.003760 0.000540 0.000660 0.033780 0.185160 0.009200 0.067580 0.013320 0.000280 0.048120 0.001300 0.032100 0.002360 0.092060 0.009920 0.009300 0.094620 0.002420 0.030840 0.001200 0.048360 0.000380 0.012800 0.065880 0.008800 0.180100 0.031800 0.000780 0.000680 0.004300 0.003500
0.009680 0.093420 0.002120 0.032220 0.001060 0.048880 0.000460 0.012860 0.066480 0.009320 0.185120 0.030720 0.000940 0.000800 0.003800 0.003640 0.003460 0.003800 0.000900 0.000840 0.031420 0.182360 0.008520 0.067280 0.012420 0.000320 0.047320 0.001220 0.031660 0.002080 0.095220 0.009020
0.001260 0.046880 0.000260 0.011700 0.009600 0.097240 0.002180 0.031660 0.000880 0.000840 0.004160 0.003380 0.064540 0.009020 0.183660 0.032320 0.031860 0.185320 0.008220 0.066700 0.003140 0.003460 0.001000 0.000880 0.032440 0.002180 0.093440 0.010220 0.011600 0.000300 0.047880 0.001140
0.039460 0.004200 0.008880 0.000780 0.066280 0.026680 0.026640 0.007340 0.000360 0.001460 0.001420 0.006640 0.002760 0.087840 0.009500 0.211940 0.209500 0.010260 0.086740 0.002160 0.007180 0.001380 0.001220 0.000580 0.007240 0.024240 0.027020 0.067020 0.000640 0.008340 0.003600 0.040060
0.006300 0.003140 0.000980 0.000460 0.152740 0.040560 0.023180 0.007700 0.008240 0.000300 0.028740 0.001700 0.048140 0.004940 0.143780 0.028500 0.029080 0.144140 0.004100 0.047140 0.001660 0.028740 0.000500 0.008980 0.006960 0.023120 0.040440 0.154180 0.000520 0.001320 0.002780 0.006300
0.027980 0.066440 0.007160 0.025440 0.004400 0.037520 0.000740 0.008480 0.087000 0.002500 0.209900 0.009960 0.001300 0.000280 0.007080 0.001060 0.001400 0.006320 0.000320 0.001740 0.010700 0.212100 0.002580 0.088060 0.008720 0.000760 0.038880 0.003860 0.024780 0.007100 0.068200 0.026600
0.005880 0.011420 0.001220 0.001960 0.002320 0.118060 0.000600 0.030540 0.069040 0.002960 0.230280 0.012960 0.000540 0.001440 0.004220 0.007800 0.007680 0.004420 0.001380 0.000860 0.012760 0.227000 0.002740 0.068800 0.030420 0.000780 0.117960 0.002500 0.002300 0.001100 0.011920 0.005500
0.183400 0.033520 0.065680 0.009060 0.003660 0.003660 0.000800 0.000880 0.001700 0.030420 0.009980 0.094080 0.000200 0.013140 0.001320 0.048400 0.048420 0.001380 0.012880 0.000180 0.094080 0.009180 0.031900 0.002380 0.000820 0.000880 0.004180 0.004340 0.008420 0.065380 0.032340 0.182700
0.059280 0.017380 0.015240 0.002820 0.005280 0.025740 0.000620 0.004760 0.000800 0.001840 0.003160 0.009640 0.000660 0.106440 0.003340 0.244280 0.246300 0.003000 0.105440 0.000540 0.009580 0.003320 0.001680 0.000680 0.004420 0.000780 0.026460 0.004700 0.002580 0.015040 0.016980 0.056580
0.027820 0.067380 0.008220 0.024540 0.004400 0.039060 0.001040 0.008820 0.085460 0.001880 0.215140 0.009600 0.001720 0.000160 0.006740 0.001020 0.001260 0.007220 0.000340 0.001860 0.009280 0.210280 0.002240 0.086880 0.008300 0.001080 0.036700 0.004520 0.025560 0.007080 0.067180 0.026580
0.001020 0.006660 0.000400 0.001340 0.009500 0.209880 0.002080 0.086360 0.008320 0.001080 0.038460 0.004320 0.025900 0.007300 0.066500 0.026920 0.026680 0.068080 0.007320 0.025360 0.004560 0.039720 0.000980 0.009000 0.088640 0.002640 0.210860 0.010300 0.001420 0.000360 0.006020 0.001380
0.057260 0.016260 0.015340 0.002980 0.004860 0.025820 0.000680 0.004680 0.000760 0.001920 0.003000 0.010380 0.000720 0.107420 0.003440 0.246220 0.244820 0.003540 0.106080 0.000560 0.009320 0.002600 0.001660 0.000740 0.004220 0.000940 0.025800 0.005160 0.002740 0.013800 0.017540 0.058100
0.006880 0.002800 0.001280 0.000620 0.153620 0.040440 0.022920 0.007040 0.008760 0.000460 0.029060 0.001560 0.048540 0.004800 0.146760 0.028820 0.029640 0.140280 0.004980 0.047940 0.001600 0.027380 0.000380 0.009080 0.006860 0.022300 0.040300 0.153920 0.000420 0.001220 0.002900 0.005800
0.001340 0.006740 0.000520 0.001560 0.009800 0.214200 0.002320 0.085760 0.008500 0.000840 0.038220 0.003920 0.023920 0.007820 0.068520 0.027680 0.028380 0.065200 0.007300 0.025760 0.003740 0.039080 0.000660 0.008700 0.085600 0.002020 0.211480 0.010120 0.001380 0.000380 0.006580 0.001320
0.002160 0.012680 0.000360 0.002560 0.035320 0.194860 0.004520 0.075820 0.000580 0.001400 0.003460 0.007400 0.006260 0.016200 0.040860 0.094640 0.097840 0.041320 0.017240 0.006060 0.008240 0.003200 0.001500 0.000620 0.077080 0.005020 0.191540 0.033440 0.002080 0.000400 0.012600 0.002100
0.003440 0.003900 0.001000 0.000900 0.033820 0.182660 0.008880 0.065800 0.012840 0.000300 0.049100 0.001000 0.032700 0.002200 0.091480 0.009820 0.009720 0.094740 0.002540 0.030680 0.001400 0.049040 0.000400 0.011760 0.066620 0.008560 0.182460 0.032120 0.001060 0.000760 0.004180 0.003480
0.012160 0.000380 0.048600 0.001240 0.032520 0.002240 0.093580 0.009600 0.002980 0.003840 0.000840 0.000720 0.033380 0.181080 0.009400 0.066300 0.065140 0.009260 0.185500 0.032040 0.000700 0.000800 0.003840 0.003340 0.009640 0.092160 0.002140 0.031780 0.001540 0.049020 0.000460 0.013140
0.002220 0.086560 0.010120 0.212280 0.000280 0.001640 0.001220 0.006340 0.068340 0.027980 0.023400 0.007260 0.038540 0.004280 0.008660 0.000940 0.001020 0.008380 0.004240 0.038980 0.007160 0.024400 0.027040 0.068100 0.006300 0.001280 0.001460 0.000220 0.211340 0.009780 0.087380 0.002220
0.003540 0.244160 0.000680 0.104740 0.003420 0.009640 0.000760 0.001760 0.000920 0.005200 0.005360 0.025600 0.015200 0.002980 0.055880 0.016040 0.016940 0.057940 0.003520 0.013980 0.024960 0.004920 0.005040 0.000900 0.001640 0.000600 0.009540 0.003320 0.108840 0.000520 0.246740 0.004080
0.025640 0.004740 0.004500 0.000940 0.016480 0.057960 0.002620 0.015080 0.103480 0.000620 0.246340 0.003880 0.001660 0.000620 0.009980 0.002760 0.002920 0.009600 0.000740 0.001820 0.003220 0.251520 0.000600 0.103100 0.014840 0.002820 0.057540 0.017360 0.000940 0.004240 0.004800 0.026000
0.003980 0.004280 0.000620 0.000820 0.031880 0.185920 0.008120 0.063700 0.011700 0.000300 0.050140 0.001340 0.032060 0.001920 0.093380 0.010040 0.009660 0.092680 0.002040 0.030280 0.001440 0.048820 0.000320 0.012680 0.065400 0.008760 0.184640 0.033520 0.000860 0.000820 0.003940 0.003300
0.019920 0.040680 0.003060 0.006560 0.004460 0.137920 0.001020 0.040640 0.013700 0.010860 0.058620 0.126320 0.001280 0.004660 0.009300 0.022420 0.022000 0.009660 0.004560 0.001320 0.123540 0.060700 0.010660 0.012580 0.041000 0.001080 0.137020 0.004360 0.006240 0.003540 0.040840 0.018840
0.026780 0.001600 0.009660 0.000380 0.144720 0.029180 0.050040 0.004620 0.001340 0.000400 0.006360 0.002420 0.022420 0.006700 0.151700 0.040460 0.041140 0.151480 0.006460 0.022420 0.002860 0.005460 0.000420 0.001580 0.005120 0.049900 0.029720 0.144140 0.000440 0.009120 0.001760 0.028560
0.001460 0.050060 0.000400 0.013380 0.009740 0.095360 0.002240 0.032220 0.000860 0.000760 0.003720 0.003760 0.065500 0.008600 0.182360 0.032720 0.031760 0.183220 0.008420 0.064440 0.003460 0.003880 0.000720 0.001100 0.031560 0.002080 0.093600 0.009680 0.013140 0.000180 0.047840 0.001140
0.012240 0.001700 0.002560 0.000400 0.195060 0.033700 0.077680 0.004840 0.001560 0.000440 0.007860 0.003740 0.016360 0.006000 0.095140 0.040520 0.041980 0.094000 0.006360 0.016220 0.003560 0.007600 0.000460 0.001640 0.004620 0.078240 0.032660 0.194000 0.000320 0.002220 0.002080 0.013600
0.008540 0.204780 0.001360 0.089220 0.007480 0.032620 0.001580 0.005500 0.001660 0.012500 0.012780 0.061120 0.002120 0.005300 0.016760 0.038600 0.038780 0.016180 0.005640 0.001940 0.059400 0.012680 0.011580 0.001680 0.005100 0.001320 0.032580 0.006940 0.086960 0.001700 0.207220 0.007740
0.005520 0.026620 0.001000 0.005140 0.058640 0.016640 0.014940 0.002580 0.000700 0.104060 0.003280 0.245200 0.000840 0.001580 0.003180 0.010100 0.009580 0.003360 0.002340 0.000880 0.244420 0.003540 0.104300 0.000660 0.002340 0.014900 0.017800 0.058600 0.004600 0.000640 0.026540 0.004840
0.001460 0.006940 0.000280 0.001400 0.009780 0.208700 0.002260 0.088280 0.009000 0.001040 0.038260 0.004000 0.024620 0.007420 0.067400 0.027400 0.027540 0.066520 0.007160 0.025080 0.004320 0.037340 0.001160 0.008480 0.087960 0.002240 0.212100 0.011160 0.001140 0.000340 0.007340 0.001240
0.009440 0.001240 0.037640 0.003860 0.025400 0.007460 0.066680 0.027020 0.001300 0.006340 0.000300 0.001400 0.010460 0.212340 0.002440 0.088640 0.085900 0.002220 0.209320 0.009660 0.001320 0.000180 0.006460 0.001440 0.027160 0.065180 0.008100 0.025180 0.004160 0.040340 0.001020 0.009760
0.047540 0.001420 0.012840 0.000260 0.094300 0.010020 0.031800 0.002380 0.000820 0.000940 0.003600 0.003880 0.009120 0.064420 0.031460 0.183920 0.188100 0.031780 0.066440 0.008640 0.004020 0.003800 0.000720 0.000840 0.002180 0.032020 0.008720 0.092740 0.000340 0.011640 0.001540 0.047120
0.000700 0.000900 0.003580 0.003280 0.009300 0.065500 0.031260 0.185960 0.045880 0.001400 0.012580 0.000380 0.092340 0.009780 0.032980 0.002160 0.002620 0.031200 0.010280 0.093740 0.000340 0.012180 0.001440 0.049060 0.184720 0.031940 0.066100 0.008820 0.003640 0.003520 0.000820 0.000960
0.003820 0.003540 0.000900 0.000720 0.185700 0.032840 0.066160 0.008320 0.000300 0.012040 0.001260 0.047080 0.002500 0.030880 0.009160 0.092600 0.094440 0.010740 0.031440 0.002300 0.049240 0.001160 0.012340 0.000340 0.008980 0.065320 0.032080 0.184280 0.000900 0.000780 0.003900 0.003300
0.012480 0.001720 0.002260 0.000480 0.192980 0.033400 0.078940 0.004780 0.001540 0.000380 0.008160 0.003780 0.016800 0.006380 0.093020 0.041600 0.041480 0.094680 0.006700 0.015660 0.003800 0.007640 0.000500 0.001740 0.004560 0.079440 0.034100 0.192980 0.000340 0.002740 0.001800 0.012500
0.012820 0.226680 0.003220 0.070480 0.007480 0.004180 0.001580 0.000760 0.002100 0.001460 0.011760 0.005800 0.030360 0.000560 0.115880 0.002700 0.002620 0.118320 0.000620 0.030940 0.005580 0.012480 0.001400 0.002320 0.000720 0.001660 0.004680 0.007800 0.069820 0.002820 0.228140 0.011620
0.002200 0.088320 0.010380 0.212020 0.000320 0.001060 0.001120 0.006860 0.065780 0.028080 0.024900 0.006960 0.037700 0.004320 0.008280 0.001080 0.000960 0.008120 0.004760 0.037740 0.007340 0.025960 0.028420 0.063920 0.006960 0.001260 0.001520 0.000320 0.214620 0.009720 0.085900 0.002460
0.010060 0.093920 0.001780 0.031900 0.001240 0.050080 0.000360 0.012100 0.064880 0.008640 0.186720 0.030940 0.001020 0.000760 0.003860 0.003000 0.003860 0.003900 0.000820 0.000800 0.034080 0.182420 0.009100 0.066480 0.012700 0.000320 0.048360 0.001060 0.031700 0.002160 0.090620 0.009720
0.003080 0.246240 0.000540 0.105460 0.002760 0.009800 0.000880 0.001740 0.000980 0.004620 0.004840 0.025820 0.014160 0.002580 0.059200 0.016420 0.017900 0.057140 0.002660 0.014620 0.025240 0.004460 0.004720 0.000620 0.001760 0.000560 0.009940 0.003420 0.105820 0.000600 0.246920 0.003860
0.010100 0.094040 0.002600 0.031180 0.001080 0.047660 0.000320 0.012920 0.067240 0.009060 0.182640 0.033700 0.000800 0.000720 0.003720 0.003820 0.003580 0.003120 0.000700 0.000900 0.033040 0.182880 0.009000 0.065860 0.011680 0.000340 0.048320 0.001220 0.031840 0.002360 0.092820 0.010100
0.001560 0.004860 0.007560 0.033580 0.001640 0.088500 0.008200 0.206340 0.015960 0.038000 0.002220 0.005660 0.014300 0.059480 0.001960 0.011920 0.012080 0.001700 0.062000 0.013740 0.005920 0.002380 0.036920 0.015720 0.203580 0.008880 0.086180 0.001860 0.031740 0.008200 0.005400 0.001320
0.018720 0.041300 0.002720 0.006500 0.004560 0.138120 0.001040 0.040660 0.012940 0.010520 0.061300 0.124660 0.001180 0.005000 0.008400 0.022060 0.022500 0.008320 0.004460 0.001180 0.126040 0.061780 0.010160 0.012200 0.041260 0.001200 0.137940 0.005280 0.005860 0.002680 0.041260 0.017560
0.012280 0.000200 0.046320 0.001160 0.030560 0.001820 0.093260 0.010440 0.003680 0.003700 0.000920 0.001000 0.032620 0.184460 0.009160 0.065980 0.066340 0.008800 0.185680 0.032180 0.000800 0.000820 0.003840 0.003840 0.010140 0.092760 0.002060 0.032320 0.001080 0.048400 0.000280 0.012460
0.004900 0.049500 0.027400 0.142840 0.000380 0.008920 0.001620 0.028840 0.040020 0.152900 0.006300 0.022740 0.002700 0.005680 0.000360 0.001220 0.001420 0.000380 0.006040 0.002620 0.022340 0.006900 0.154860 0.039940 0.027720 0.001840 0.009240 0.000460 0.145980 0.029240 0.049160 0.004900
0.001900 0.013060 0.000520 0.002780 0.034780 0.196040 0.004320 0.074580 0.000480 0.002020 0.004040 0.007080 0.006360 0.016860 0.040380 0.095220 0.095040 0.042300 0.016280 0.005680 0.007360 0.003180 0.001400 0.000600 0.078420 0.004600 0.191260 0.035040 0.002620 0.000480 0.012900 0.001780
0.001320 0.000480 0.006440 0.002480 0.023740 0.007100 0.150300 0.041220 0.028420 0.001780 0.009200 0.000380 0.145400 0.028640 0.048240 0.004480 0.004900 0.048460 0.028920 0.142940 0.000280 0.008480 0.001760 0.028400 0.039120 0.156160 0.006980 0.022560 0.002800 0.006040 0.000560 0.001380
0.001540 0.029100 0.000520 0.009060 0.028960 0.144160 0.005540 0.046680 0.000620 0.001100 0.003460 0.006560 0.006540 0.022240 0.040000 0.152920 0.153660 0.040620 0.022340 0.006860 0.005720 0.002700 0.001100 0.000500 0.049420 0.004940 0.144200 0.030180 0.008440 0.000340 0.027980 0.001360
0.004020 0.038460 0.001220 0.009220 0.027560 0.065740 0.007680 0.024120 0.001260 0.000460 0.006620 0.001140 0.087420 0.002020 0.209920 0.009500 0.009860 0.211560 0.002300 0.089780 0.001320 0.007120 0.000260 0.001520 0.024880 0.007580 0.067140 0.027160 0.009140 0.001000 0.038500 0.003880
0.001600 0.006420 0.000480 0.001080 0.010420 0.215280 0.002260 0.085840 0.009760 0.000980 0.039360 0.004160 0.025280 0.007360 0.066300 0.026100 0.026860 0.065580 0.006960 0.024340 0.003880 0.037800 0.001040 0.008780 0.084760 0.002280 0.214520 0.010460 0.001460 0.000340 0.006440 0.001180
0.001500 0.006300 0.000440 0.001440 0.009260 0.210540 0.001940 0.088260 0.007740 0.000980 0.037820 0.004000 0.025300 0.007240 0.066320 0.027940 0.027220 0.065400 0.007000 0.024640 0.003840 0.039100 0.000720 0.008740 0.089180 0.002800 0.213060 0.011000 0.000940 0.000420 0.006840 0.001440
0.059260 0.017160 0.014820 0.002900 0.004820 0.025540 0.000740 0.005740 0.000840 0.001640 0.003800 0.009840 0.000660 0.105620 0.002860 0.246420 0.245680 0.003540 0.105640 0.000420 0.009720 0.003180 0.001560 0.000620 0.003820 0.000820 0.026200 0.004320 0.002900 0.014700 0.016220 0.057360
0.001940 0.029260 0.000380 0.008600 0.028940 0.143860 0.004280 0.046900 0.000520 0.001640 0.003140 0.006380 0.006880 0.023440 0.040920 0.152600 0.153340 0.039640 0.021800 0.006900 0.006840 0.003120 0.001140 0.000400 0.048740 0.004940 0.144800 0.028640 0.009020 0.000420 0.028040 0.001900
0.025860 0.066820 0.007060 0.025340 0.004260 0.039400 0.000760 0.008600 0.086380 0.002180 0.211660 0.010460 0.001560 0.000200 0.006500 0.001080 0.001340 0.006900 0.000320 0.001620 0.010220 0.211420 0.002460 0.088300 0.008740 0.000740 0.039520 0.003740 0.024720 0.007020 0.066640 0.027540
0.027520 0.066820 0.007460 0.024620 0.004040 0.037480 0.000940 0.008620 0.086460 0.002100 0.213020 0.009900 0.001600 0.000320 0.007300 0.001220 0.001220 0.007320 0.000460 0.001340 0.010500 0.212660 0.002000 0.087240 0.008540 0.000720 0.038580 0.004240 0.024200 0.006960 0.066500 0.027460
0.005140 0.012380 0.001420 0.002620 0.002900 0.118200 0.000480 0.031300 0.070560 0.002960 0.225780 0.013100 0.000620 0.001360 0.004800 0.008160 0.007600 0.005040 0.001440 0.000780 0.012740 0.223840 0.003400 0.069500 0.029400 0.000480 0.118720 0.003000 0.002220 0.001400 0.012380 0.005640
0.000620 0.001400 0.002840 0.006160 0.006660 0.022960 0.039260 0.151160 0.001920 0.028160 0.000420 0.008980 0.029100 0.144420 0.004840 0.048440 0.048960 0.004240 0.144500 0.029160 0.008840 0.000420 0.028420 0.002040 0.154980 0.040460 0.023120 0.006600 0.005720 0.002780 0.001260 0.000520
