0.8591770665329572
0.6551396769801398
0.797363996279096
0.8301356647212295
0.6773977821645328
0.8940361948959289
0.8386954956978846
0.8343726158973712
0.6964267931049487
0.6639327336192329
0.8788474857650944
0.8033834910907848
0.6510960993697898
0.8585049317588631
0.8517097555659024
0.9315746810196609
0.8807057931639497
0.8636844711309355
0.8636428967553202
0.8393728763673078
0.9176645320555552
0.8447727266929271
0.760413456532917
0.8465849883972643
0.8404693808116803
0.8100478741927373
0.6936610382054336
0.7889936535524109
0.7651836885474371
0.8500436310890713
0.865406666650757
0.8732323368851337
0.6000661863502103
0.8628167816003909
0.8665115452068585
0.8198048384437839
0.8805337046817294
0.888736929747066
0.7027093272467458
0.0085059777510833
0.8687548214990748
0.8207953598124249
0.8576928510910833
0.8734648853819429
0.7683802390180421
0.788373973683 
0.7939037480820532
0.8425453278732149
0.850988434389528 
0.7308483839906644
0.0003987789788699
0.8210441599027141
0.7683062286671515
0.8374976439214171
0.8416451539335275
0.8922473531733778
0.8629132543516859
0.9278991434501463
0.8057300806197563
0.8797129777085169
0.7026011698120733
0.7198087586500095
0.7796799295536563
0.8658491269619646
0.7615273306518257
0.8944257344885841
0.894477459810523 
0.8379226350251233
0.825105102671881 
0.7845597891478636
0.9100888503225447
0.5142024162004498
0.7584141820887479
0.8693225219031353
0.8172012103679908
0.859984321103418 
0.7479723554499433
0.8546464793288716
0.0015406828429725
0.8777192437848755
0.9201130404350572
0.6750730800082688
0.7078672944331633
0.8637490651665639
0.8962203135549544
0.8248679223926235
0.5883160789957844
0.8245991575486119
0.8007567463712636
0.8460703414256252
0.8727426026633488
0.6781392274674563
0.7400893550059279
0.0644173627925448
0.8422180982863731
0.7894088565816305
0.8400956885843277
0.9100646124950245
0.812640666639089 
0.6581642215148038
0.818707311729443 