0.141671
0.218827
0.204743
0.445332
0.301410
0.189895
0.212518
0.191737
0.207664
0.155019
0.483304
0.250471
0.417743
0.590073
0.208582
0.281215
0.124504
0.234342
0.164392
0.414499
0.260912
0.176426
0.189059
0.366784
0.136340
0.165722
0.122529
0.230167
0.256920
0.228497
0.226648
0.194701
0.677873
0.331194
0.560456
0.815566
0.191217
0.154366
0.257181
0.193241
0.498542
0.216245
0.617964
0.291192
0.297556
0.335016
0.444312
0.344524
0.325898
0.174860
0.292788
0.247383
0.199453
0.160754
0.138593
0.310037
0.143980
0.142523
0.217427
0.110793
0.365808
0.239575
0.190933
0.232402
0.332132
0.134797
0.137293
0.514544
0.659409
0.489579
0.510600
0.255684
0.162574
0.144612
0.334806
0.153611
0.325456
0.349139
0.324727
0.498425
0.260961
0.199075
0.171682
0.435289
0.228600
0.187347
0.214507
0.357084
0.160887
0.138130
0.079899
0.203580
0.158081
0.284758
0.250209
0.203399
0.224550
0.237311
0.384150
0.238641
0.183643
0.291105
0.141119
0.248319
0.187043
0.372884
0.383835
0.229340
0.176982
0.274980
0.534706
0.271988
0.235657
0.194994
0.272070
0.368601
0.202321
0.204105
0.209204
0.383320
0.300150
0.181783
0.183119
0.201461
0.219186
0.251671
0.152686
0.199739