0.438391
0.527988
0.214202
0.319295
0.303144
0.453113
0.173980
0.311142
0.429349
0.441917
0.265282
0.537999
0.547722
0.309728
0.529512
0.591272
0.540232
0.443468
0.485747
0.472023
0.146761
0.304471
0.410663
0.188448
0.306791
0.121120
0.390708
0.496789
0.533959
0.381332
0.608582
0.396070
0.340398
0.572279
0.349796
0.542712
0.629178
0.385828
0.458678
0.176360
0.311419
0.435113
0.185815
0.128661
0.498880
0.620648
0.468698
0.450220
0.488593
0.222481
0.593978
0.762637
0.439361
0.655759
0.458705
0.452276
0.631372
0.472646
0.560167
0.324424
0.119416
0.339890
0.455966
0.505343
0.567823
0.468350
0.665823
0.347804
0.346273
0.595756
0.427457
0.650342
0.504129
0.534894
0.410629
0.142841
0.765921
0.471819
0.607002
0.331280
0.306941
0.528449
0.763816
0.485839
0.593415
0.548832
0.596042
0.722110
0.242261
0.487427
0.615585
0.481198
0.401789
0.237955
0.430614
0.374664
0.304550
0.194908
0.459313
0.641009
0.382704
0.486795
0.725449
0.471220
0.300489
0.480782
0.505427
0.544617
0.447921
0.385583
0.370717
0.173045
0.353967
0.332184
0.162214
0.271683
0.444544
0.334348
0.420250
0.737453
0.289070
0.530134
0.467223
0.402530
0.405835
0.486093
0.365886
0.385164
0.181199
0.317864
0.587008
0.320741
0.128086
0.197756
0.362976
0.409074
0.499320
0.401382
0.510746
0.831899
0.388168
0.448550
0.687135
0.581234
0.395483
0.519313
0.162140
0.415843
0.462763
0.744679
0.200066
0.667362
0.501444
0.741363
0.475025
0.534291
0.427622
0.483032
0.349341
0.390592
0.333789
0.459318