0.210290
0.130297
0.293897
0.576505
0.629623
0.372297
0.401104
0.225597
0.309524
0.157260
0.455510
0.214700
0.320450
0.167237
0.195211
0.211060
0.218101
0.172079
0.189269
0.305741
0.146451
0.242833
0.056095
0.154382
0.130826
0.287038
0.202272
0.169477
0.166856
0.229834
0.142569
0.195243
0.120888
0.135358
0.134913
0.135868
0.140518
0.197623
0.256713
0.172806
0.125517
0.109249
0.157409
0.356438
0.117547
0.173303
0.192965
0.326823
0.163884
0.221352
0.165071
0.164516
0.115473
0.109872
0.131383
0.124823
0.339849
0.201400
0.172821
0.243761
0.099027
0.177555
0.207591
0.167496
0.213874
0.215797
0.066551
0.150457
0.162908
0.204692
0.135429
0.175961
0.092568
0.105871
0.103940
0.132869
0.148630
0.166474
0.223641
0.176549
0.141983
0.118565
0.139577
0.259423
0.515431
0.299235
0.148662
0.237248
0.087313
0.179196
0.176779
0.132655
0.222543
0.109544
0.147692
0.150493
0.386603
0.143702
0.179008
0.484676
0.144871
0.113878
0.123521
0.260915
0.286488
0.160715
0.184812
0.218476
0.360062
0.182346
0.109689
0.175502
0.142687
0.214363
0.186350
0.315785
0.358990
0.143345
0.192180
0.456269
0.325309
0.169679
0.181607
0.320081
0.275700
0.371058
0.292042
0.510554
0.550670
0.307489
0.463099
0.230338
0.195243
0.102328
0.404657
0.198956
0.229166
0.194126
0.194710
0.292602
0.148726
0.148397
0.220772
0.264076
0.285306
0.272708
0.271693
0.538204
0.264254
0.198612
0.223391
0.173884
0.149227
0.147482
0.227652
0.151331
0.190669
0.196819
0.229541
0.261265
0.115185
0.099684
0.116654
0.186068
0.197695
0.119401
0.125849
0.170807
0.141943
0.192109
0.229162
0.156519
0.103313
0.104516
0.192981
0.113930
0.089146
0.189694
0.098249
0.206691
0.095310
0.117648
0.221628
0.133878
0.157428
0.230307
0.190269
0.141132
0.180675
0.145639
0.141941
0.144011
0.085309
0.157345
0.113785
0.108617
0.122775
0.165488
0.080676
0.197914