0.279668
0.217357
0.268371
0.294023
0.522098
0.240285
0.196455
0.227664
0.273685
0.239537
0.292353
0.473286
0.375743
0.275908
0.216618
0.248502
0.234972
0.391938
0.122120
0.350165
0.212408
0.207483
0.148739
0.106092
0.212893
0.235458
0.221915
0.214431
0.304698
0.268131
0.176321
0.391091
0.557565
0.234821
0.266321
0.382007
0.170534
0.243574
0.275057
0.147338
0.290429
0.407052
0.296071
0.296513
0.408054
0.280685
0.347283
0.510130
0.543999
0.474273
0.417734
0.401854
0.359900
0.310019
0.440765
0.316801
0.718289
0.482166
0.323484
0.392082
0.409627
0.429943
0.282000
0.440707
0.391219
0.466963
0.327218
0.277521
0.282313
0.248432
0.258475
0.111936
0.235597
0.276766
0.313325
0.480040
0.333209
0.608485
0.349703
0.569455
0.306785
0.482126
0.255112
0.329152
0.213913
0.486679
0.156449
0.147326
0.264488
0.305295
0.151135
0.215860
0.346435
0.328484
0.322621
0.166976
0.440622
0.266138
0.204793
0.477208
0.208100
0.219280
0.081243
0.197145
0.392767
0.242480
0.213774
0.234557
0.204395
0.357000
0.423756
0.239944
0.293876
0.404802
0.622467
0.363692
0.198983
0.238306
0.176129
0.147932
0.219121
0.213411
0.289764
0.406218
0.365472
0.543291
0.230451
0.336295