0.180280
0.199271
0.376259
0.478763
0.641674
0.396669
0.435958
0.487900
0.406040
0.617675
0.661903
0.410856
0.615422
0.454467
0.423994
0.368453
0.441490
0.243869
0.140040
0.303186
0.282179
0.458279
0.233134
0.167498
0.524247
0.366790
0.440911
0.184656
0.145461
0.242089
0.151865
0.324211
0.410123
0.169507
0.193160
0.434447
0.189923
0.324440
0.293708
0.271253
0.238943
0.328856
0.409863
0.586457
0.313151
0.195515
0.255556
0.368712
0.295292
0.307167
0.491436
0.249109
0.418513
0.205084
0.226338
0.132151
0.336352
0.235502
0.481507
0.210000
0.323765
0.572447
0.342568
0.128160
0.152868
0.165275
0.202494
0.276566
0.499612
0.371075
0.109505
0.163329
0.170392
0.224711
0.322688
0.475870
0.427448
0.223430
0.386901
0.468595
0.248311
0.225010
0.201646
0.332829
0.162852
0.434287
0.367254
0.204963
0.400449
0.603552
0.463286
0.261183
0.384420
0.404776
0.381079
0.227723
0.431840
0.443672
0.453710
0.333323
0.239288
0.305452
0.371052
0.437182
0.402217
0.347912
0.316500
0.299470
0.225041
0.190692
0.481934
0.646378
0.279720
0.395834
0.377421
0.485051
0.248068
0.306439
0.408695
0.192772
0.305779
0.154230
0.335431
0.398329
0.377179
0.159938
0.133166
0.164676
0.341210
0.286749
0.316488
0.303273
0.235349
0.445035
0.308490
0.200861
0.222667
0.259244
0.239524
0.244823
0.166354
0.315824
0.227952
0.282814
0.417334
0.229368
0.328400
0.331876
0.427848
0.586188
0.429511
0.443932
0.208453
0.323629
0.343907
0.153269
0.411020
0.173627
0.258998
0.377668
0.190354
0.225963