0.131801
0.208564
0.475265
0.203264
0.133832
0.299183
0.173760
0.319228
0.194142
0.133319
0.156968
0.215970
0.425821
0.212846
0.290690
0.200071
0.433824
0.386868
0.166674
0.203823
0.110938
0.209634
0.161816
0.249273
0.106855
0.179497
0.162945
0.157452
0.153116
0.209466
0.349646
0.162524
0.229710
0.166664
0.276455
0.299288
0.161089
0.478127
0.148763
0.268422
0.146303
0.104901
0.378039
0.210192
0.172647
0.377790
0.452257
0.249665
0.138961
0.255942
0.211384
0.321666
0.358635
0.311645
0.180207
0.249665
0.162643
0.306269
0.371148
0.193193
0.076544
0.146193
0.114681
0.205306
0.575506
0.293752
0.193939
0.297608
0.298671
0.720319
0.385083
0.336383
0.202992
0.091130
0.410279
0.182326
0.115799
0.258505
0.074768
0.145628
0.080546
0.196976
0.124156
0.171704
0.234086
0.137144
0.236296
0.135548
0.269805
0.292319
0.158189
0.454651
0.112470
0.229987
0.546435
0.189944
0.155058
0.076508
0.106093
0.278224
0.113107
0.235167
0.241351
0.417145
0.134368
0.275402
0.450461
0.319961
0.195696
0.222277
0.204593
0.228486
0.216484
0.298913
0.129859
0.157485
0.184290
0.167927
0.320836
0.178036
0.123793
0.229797
0.246743
0.180999
0.328123
0.443334
0.250308
0.205517
0.268423
0.182107
0.241947
0.286938
0.189168
0.274116
0.376558
0.198979
0.132880
0.239021
0.223770
0.331930
0.136416
0.179318
0.317594
0.302005
0.168476
0.329093
0.312377
0.186758
0.199911
0.146189
0.112192
0.135121
0.138623
0.245706
0.131217
0.264067
0.182195
0.134389
0.140119
0.179779
0.122147
0.214847