0.132401
0.224130
0.261641
0.141958
0.166016
0.339115
0.199065
0.165711
0.211392
0.262145
0.191680
0.137265
0.251224
0.239873
0.320365
0.302641
0.050219
0.086017
0.164550
0.475369
0.481145
0.156997
0.132724
0.347378
0.269628
0.098446
0.324508
0.239796
0.288053
0.269237
0.070055
0.172989
0.072573
0.131538
0.099615
0.402961
0.659607
0.245127
0.222451
0.475406
0.194635
0.254329
0.239014
0.232423
0.109575
0.110608
0.105647
0.144816
0.068653
0.177075
0.136913
0.260004
0.211298
0.110946
0.254843
0.192690
0.318355
0.268883
0.134607
0.273399
0.162967
0.104730
0.145054
0.215285
0.125277
0.183054
0.250997
0.499749
0.312866
0.603490
0.288702
0.231121
0.263906
0.127906
0.128494
0.148858
0.221299
0.147430
0.172953
0.284094
0.052709
0.128539
0.280674
0.192215
0.315138
0.562866
0.148019
0.154464
0.194799
0.380149
0.212740
0.181882
0.208597
0.268445
0.222105
0.355583
0.154066
0.222723