0.105355
0.142589
0.503532
0.250705
0.346627
0.302972
0.455351
0.263966
0.229800
0.301208
0.265742
0.249384
0.245587
0.396194
0.266812
0.187119
0.410305
0.190720
0.123423
0.118442
0.296572
0.359846
0.263512
0.383539
0.191843
0.311362
0.229828
0.275492
0.167161
0.247553
0.501037
0.274954
0.175393
0.100023
0.356956
0.177956
0.156869
0.344071
0.188218
0.170459
0.223261
0.201372
0.250249
0.469253
0.202226
0.132623
0.404510
0.209264
0.138616
0.184620
0.180807
0.143674
0.297179
0.292117
0.123713
0.158935
0.167138
0.266307
0.449668
0.251210
0.179684
0.191445
0.175243
0.201516
0.136579
0.169743
0.164993
0.185359
0.335195
0.256809
0.377687
0.240662
0.109547
0.228572
0.245246
0.196067
0.182887
0.176369
0.157231
0.184151
0.179030
0.297337
0.282278
0.189378
0.254910
0.238942
0.167192
0.213816
0.250073
0.456330
0.142731
0.225942
0.382585
0.216480
0.189344
0.196978
0.204655
0.213771
0.208805
0.244503
0.466579
0.761366
0.252738
0.261938
0.211407
0.312008
0.323962
0.234657
0.288570
0.196933
0.409867
0.275056
0.403760
0.171200
0.224348
0.145881
0.192342
0.387600
0.445913
0.256557
0.285709
0.550076
0.266570
0.230914
0.193408
0.237209
0.115664
0.156175