0.104620
0.190124
0.337437
0.450946
0.553525
0.347050
0.320592
0.192413
0.146122
0.165808
0.177880
0.217297
0.088343
0.091781
0.231093
0.332728
0.117590
0.113353
0.239358
0.124661
0.166594
0.092976
0.099866
0.083040
0.217939
0.339372
0.338824
0.436546
0.164074
0.286576
0.233964
0.516470
0.132696
0.152127
0.176375
0.418971
0.268485
0.389002
0.499757
0.344461
0.255060
0.307719
0.154699
0.176802
0.165763
0.292981
0.511625
0.194037
0.428434
0.642414
0.491865
0.471329
0.330155
0.412607
0.280836
0.393552
0.368038
0.269512
0.305189
0.266421
0.289121
0.199421
0.479552
0.336009
0.300887
0.294978
0.341019
0.144946
0.116375
0.210742
0.056718
0.221779