0.121806
0.161508
0.246307
0.290618
0.155827
0.162387
0.247098
0.204330
0.235678
0.124232
0.338531
0.198284
0.167824
0.271580
0.253243
0.268590
0.218662
0.218316
0.202391
0.404114
0.172169
0.236664
0.095467
0.129372
0.134911
0.129896
0.169026
0.226565
0.115520
0.219668
0.293904
0.175980
0.221892
0.229289
0.282264
0.164558
0.189361
0.161999
0.193808
0.152124
0.270365
0.265895
0.598829
0.405573
0.114846
0.118917
0.216223
0.272739
0.145038
0.273576
0.242800
0.413225
0.264447
0.304639
0.731489
0.368997
0.458606
0.283079
0.223343
0.208211
0.233876
0.204811
0.207589
0.281042
0.129551
0.247335
0.082959
0.148772
0.206405
0.105715
0.175663
0.287962
0.253283
0.195300
0.179376
0.292963
0.138651
0.179015
0.152870
0.180038
0.492818
0.361553
0.271693
0.395219
0.179519
0.208355
0.317440
0.158714
0.155132
0.093085
0.434808
0.262217
0.279586
0.314982
0.271807
0.365902
0.261888
0.483166
0.251615
0.521809
0.216818
0.218744
0.273346
0.271713
0.135414
0.153411
0.235403
0.195159
0.108004
0.118443
0.095110
0.088399
0.316643
0.520905
0.215102
0.298336
0.180385
0.206161
0.151270
0.205199
0.171010
0.231060
0.262278
0.197626
0.254457
0.154441
0.196107
0.189536
0.195130
0.110200
0.126267
0.158994
0.101111
0.182960
0.296674
0.202368
0.166447
0.169332
0.173133
0.279679
0.410953
0.218787
0.385996
0.471383
0.297434
0.179088
0.211419
0.231936
0.253030
0.138997
0.172840
0.187925
0.284792
0.486248
0.180273
0.246075
0.251483
0.183291
0.167420
0.187638
0.391424
0.250928
0.336283
0.232125
0.286493
0.134381
0.256896
0.481098
0.119234
0.133995
0.171295
0.204658
0.245939
0.269136
0.344977
0.170135
0.102368
0.131033
0.213659
0.176419
0.194530
0.254118
0.285126
0.240337
0.158396
0.148300
0.241250
0.429379
0.092347
0.119318
0.309502
0.188293
0.226190
0.245888
0.271187
0.243636
0.206687
0.187617
0.076463
0.133696