0.207185
0.263376
0.301596
0.490297
0.229906
0.410593
0.182557
0.505382
0.270252
0.263674
0.205923
0.278868
0.286973
0.499830
0.365601
0.210011
0.326648
0.560860
0.310708
0.277216
0.337199
0.560108
0.092738
0.230175
0.161514
0.184683
0.287050
0.324020
0.299406
0.270505
0.465379
0.430401
0.274743
0.369502
0.378344
0.425901
0.207569
0.176877
0.372912
0.493554
0.412984
0.323262
0.200651
0.282396
0.615629
0.507312
0.356490
0.186041
0.265497
0.388338
0.239320
0.295631
0.264998
0.227098
0.544483
0.304582
0.203615
0.317935
0.467959
0.438961
0.372400
0.348756
0.449563
0.317647
0.071159
0.187868
0.328876
0.197446
0.492371
0.343081
0.272815
0.317499
0.479327
0.303864
0.397297
0.299098
0.439406
0.287261
0.339297
0.444378
0.181944
0.266523
0.469429
0.390572
0.301799
0.694814
0.507302
0.431500
0.658560
0.494215
0.757296
0.375535
0.512405
0.321564
0.521438
0.310835
0.509088
0.328052