0.124341
0.229724
0.206510
0.124481
0.246570
0.307869
0.259616
0.327812
0.221998
0.191699
0.244723
0.273459
0.208752
0.284514
0.177983
0.245480
0.256609
0.398751
0.231329
0.145231
0.431798
0.251880
0.412339
0.305483
0.295803
0.531299
0.235702
0.411197
0.222694
0.301123
0.313422
0.237954
0.268839
0.288477
0.133732
0.144161
0.244344
0.376837
0.444261
0.296518
0.211982
0.406798
0.211551
0.266692
0.411450
0.305593
0.188181
0.256754
0.523805
0.295340
0.150530
0.273341
0.283676
0.390318
0.200737
0.365030
0.273354
0.263649
0.257611
0.234594
0.274716
0.225057
0.221888
0.272835
0.234248
0.205998
0.238797
0.127145
0.332857
0.281340
0.173724
0.191412
0.222339
0.227746
0.187915
0.304755
0.160836
0.242340
0.543229
0.217483
0.359182
0.301529
0.144716
0.349118
0.440583
0.707089
0.243021
0.453317
0.552797
0.290711
0.259387
0.185802
0.611852
0.354117
0.208320
0.278658
0.339671
0.298233
0.156287
0.338681
0.218769
0.405615
0.223237
0.461114
0.217377
0.368523
0.583237
0.501263
0.170176
0.164961
0.312513
0.619225
0.296113
0.256374
0.155203
0.299714
0.285198
0.281750
0.527602
0.367013
0.166968
0.387848
0.409099
0.312396
0.247249
0.246701
0.177426
0.251936