0.080695
0.148763
0.263163
0.129180
0.459977
0.295412
0.183998
0.421006
0.366728
0.135956
0.110919
0.213554
0.270781
0.183749
0.200539
0.134103
0.237435
0.315328
0.163693
0.138540
0.375486
0.307987
0.279879
0.546321
0.172406
0.328406
0.134840
0.233656
0.111444
0.138039
0.119599
0.158917
0.255658
0.260713
0.197081
0.196183
0.251000
0.475793
0.188994
0.357989
0.295748
0.369462
0.350356
0.190612
0.457516
0.740047
0.567545
0.261505
0.192412
0.114757
0.144950
0.065676
0.164718
0.209810
0.196334
0.133739
0.180883
0.314895
0.100908
0.224917
0.182862
0.377387
0.078583
0.115963
0.476141
0.350107
0.154214
0.284381
0.201670
0.358475
0.106851
0.194698