0.141950
0.304736
0.560409
0.342821
0.334207
0.577825
0.099720
0.161908
0.105780
0.160929
0.161455
0.383804
0.173223
0.315040
0.128839
0.402423
0.313632
0.319368
0.193327
0.182954
0.199703
0.151206
0.406738
0.222532
0.199061
0.096350
0.104788
0.325791
0.189408
0.425120
0.050003
0.205895
0.085764
0.054083
0.262086
0.090156
0.585792
0.290465
0.547577
0.284010
0.357522
0.591457
0.641526
0.457326
0.357085
0.680293
0.366954
0.452230
0.261266
0.498118
0.153727
0.407063
0.401402
0.240564
0.094615
0.251780
0.119252
0.201555
0.384778
0.263639
0.239264
0.201993
0.269762
0.394601
0.378612
0.309880
0.171917
0.246120
0.421516
0.265240
0.227147
0.225408