0.151676
0.241526
0.418337
0.296921
0.408042
0.432861
0.125959
0.339145
0.328828
0.205980
0.254048
0.123418
0.266126
0.224276
0.113725
0.284250
0.178900
0.404891
0.258218
0.541388
0.112274
0.176139
0.189325
0.129422
0.096099
0.118516
0.276812
0.187507
0.101551
0.103599
0.254304
0.116211
0.234957
0.501749
0.119014
0.076467
0.075776
0.076491
0.063204
0.086268
0.184738
0.120353
0.123650
0.295673
0.533381
0.322285
0.376089
0.452946
0.155337
0.273342
0.168432
0.203746
0.156114
0.274302
0.313806
0.504130
0.240639
0.347884
0.407271
0.657127
0.556699
0.431693
0.301667
0.361599
0.383268
0.261339
0.290863
0.221023
0.279573
0.385048
0.792697
0.430797
0.383745
0.389819
0.537278
0.550212
0.466269
0.829866
0.305045
0.251604
0.496570
0.328115
0.401169
0.344562
0.231702
0.267085
0.257476
0.299029
0.326832
0.431591
0.330738
0.218467
0.161373
0.148184
0.176385
0.270411
0.149097
0.236464