0.078002
0.083537
0.245164
0.410442
0.186272
0.134475
0.281809
0.149270
0.111262
0.250613
0.327789
0.137578
0.205805
0.201754
0.201021
0.237477
0.087819
0.065321
0.123081
0.192128
0.152435
0.310013
0.288669
0.144395
0.141605
0.174969
0.483661
0.330487
0.260205
0.171866
0.170376
0.197357
0.068683
0.107885
0.332184
0.177984
0.110047
0.171517
0.307222
0.148972
0.173267
0.186492
0.644078
0.236224
0.195181
0.238376
0.397438
0.170023
0.077522
0.099938
0.112020
0.290074
0.340693
0.114667
0.441495
0.271543
0.114541
0.220231
0.163058
0.120594
0.095753
0.160762
0.091578
0.155774
0.049493
0.129468
0.109717
0.159963
0.161455
0.143595
0.253499
0.153864
0.167078
0.185492
0.334185
0.141151
0.168891
0.102216
0.139227
0.288934
0.074965
0.124863
0.174179
0.173222
0.243983
0.201900
0.412049
0.265717
0.186906
0.317238
0.163411
0.171126
0.145451
0.146585
0.158795
0.163922
0.084145
0.085627