0.164414
0.234326
0.158386
0.380728
0.329589
0.455453
0.450723
0.314521
0.204634
0.240827
0.325623
0.221785
0.239826
0.171297
0.147445
0.316031
0.142046
0.280243
0.202238
0.164910
0.212777
0.219715
0.434705
0.207204
0.238480
0.291172
0.251530
0.220662
0.208483
0.342171
0.406910
0.209698
0.136367
0.132077
0.345557
0.254741
0.272083
0.172112
0.410018
0.704821
0.340744
0.711083
0.204924
0.324625
0.348424
0.202633
0.306247
0.204046
0.143250
0.175352
0.444623
0.189981
0.190401
0.314142
0.205715
0.224344
0.111667
0.207765
0.181682
0.164363
0.131061
0.230273
0.158510
0.265650
0.120393
0.336343
0.194938
0.207175
0.195822
0.188444
0.281475
0.212057
0.224484
0.311283
0.165839
0.217811
0.211240
0.223536
0.210992
0.436532
0.157373
0.263666
0.273594
0.147448
0.735416
0.360394
0.422078
0.742840
0.114235
0.270324
0.422756
0.527145
0.143788
0.243676
0.399263
0.149917
0.150744
0.199317