0.158676
0.101239
0.260429
0.473582
0.401704
0.402796
0.334305
0.344598
0.279297
0.416288
0.441281
0.476694
0.473931
0.476493
0.409330
0.400388
0.625080
0.384914
0.324559
0.250897
0.106629
0.125100
0.105998
0.202850
0.324924
0.284145
0.255584
0.262828
0.613812
0.288173
0.467536
0.294848
0.366577
0.456281
0.317761
0.299278
0.137674
0.218611
0.247622
0.468760
0.108805
0.106451
0.152501
0.153599
0.063636
0.243031
0.218635
0.256897
0.254043
0.228583
0.304581
0.301324
0.113294
0.456411
0.383981
0.126982
0.168826
0.173788
0.181586
0.198167
0.086012
0.098834
0.234516
0.133184
0.193663
0.263778
0.087205
0.227998
0.208388
0.183269
0.346754
0.195830
0.369978
0.210186
0.242925
0.215143
0.136275
0.137351
0.116070
0.175740
0.101996
0.189448
0.135244
0.131493
0.286169
0.276525
0.234042
0.230912
0.087456
0.186516
0.322093
0.261942
0.323895
0.342429
0.278328
0.288057
0.132783
0.215344
0.166137
0.222067
0.150518
0.166582
0.186344
0.150161
0.319787
0.311231
0.505433
0.278471
0.299549
0.253331
0.272223
0.197961
0.427415
0.425668
0.316817
0.313821
0.204734
0.349935
0.257448
0.479364
0.150254
0.151224
0.176895
0.175562
0.412735
0.768429
0.286842
0.203529
0.264866
0.293725
0.444412
0.442492
0.339870
0.138171
0.416941
0.768402
0.203521
0.201307
0.238917
0.221977
0.126006
0.127544
0.314723
0.181528
0.395984
0.147035
0.302694
0.489557
0.293581
0.232706
0.374890
0.335146
0.156076
0.538338
0.131422
0.275094
0.188737
0.186316
0.195937
0.226710
0.246185
0.125847
0.145371
0.209174
0.330296
0.333263
0.251049
0.305836
0.237377
0.332732
0.317140
0.451081
0.401616
0.402633
0.334938
0.332490
0.059976
0.097447
0.270174
0.169949
0.133807
0.130882
0.217028
0.355301
0.317409
0.325871
0.239554
0.303888
0.177504
0.333328
0.247505
0.445157
0.401585
0.382523
0.322942
0.319446
0.218407
0.203882
0.099936
0.159741