0.162455
0.219401
0.559538
0.317175
0.134121
0.236230
0.147368
0.236741
0.257315
0.268721
0.246877
0.246434
0.162869
0.163696
0.326486
0.405764
0.309627
0.285897
0.200886
0.227956
0.283688
0.182103
0.129018
0.239935
0.220948
0.372167
0.137677
0.234996
0.234550
0.244730
0.250655
0.403758
0.171867
0.313232
0.340532
0.352545
0.302394
0.243980
0.204537
0.220372
0.314485
0.296578
0.295118
0.277098
0.398011
0.255853
0.254861
0.181486
0.559540
0.297249
0.297054
0.313720
0.185175
0.179911
0.486948
0.676722
0.326960
0.336776
0.297337
0.299560
0.217012
0.374182
0.194957
0.341476
0.245309
0.196431
0.115432
0.082276
0.249773
0.306668
0.369299
0.597940
0.369966
0.179060
0.403476
0.405065
0.346561
0.347972
0.267578
0.243201
0.442617
0.256948
0.273557
0.237026
0.191629
0.448589
0.350982
0.219642
0.201394
0.258986
0.242267
0.215553
0.150471
0.148956
0.284404
0.451684
0.239342
0.370124
0.212948
0.309012
0.281789
0.195766
0.579972
0.261829
0.184727
0.207570
0.129028
0.188666
0.290137
0.199335
0.198251
0.210313
0.129514
0.301352
0.358126
0.391155
0.399585
0.489640
0.182450
0.249260
0.393577
0.611531
0.178265
0.351830
0.265908
0.200368
0.556182
0.315209
0.293392
0.292026
0.267063
0.333954
0.124440
0.138525
0.435940
0.406580
0.397480
0.597895
0.273546
0.260826
0.217058
0.241527
0.205125
0.245943
0.459284
0.188421
0.344203
0.167120
0.197438
0.401247
0.200405
0.437632
0.146757
0.123624
0.352279
0.334060
0.332291
0.229691
0.348833
0.246633
0.267311
0.242765
0.237775
0.257189
0.175126
0.189716
0.285026
0.152228
0.304023
0.421273
0.216909
0.243169
0.162072
0.131690
0.325449
0.343740
0.203027
0.196739
0.201712
0.161181
0.310051
0.290174
0.275814
0.296003
0.466691
0.200883
0.225118
0.197662
0.307109
0.291040
0.279631
0.306893
0.185326
0.187928
0.380100
0.455118
0.357535
0.314220
0.417131
0.309707