0.216437
0.321524
0.260377
0.173070
0.386753
0.236784
0.353057
0.253976
0.296585
0.541808
0.313406
0.279576
0.162485
0.333726
0.083077
0.171394
0.271271
0.209385
0.205783
0.198289
0.262988
0.286955
0.251089
0.241546
0.229371
0.335442
0.207128
0.115304
0.116886
0.240301
0.187264
0.088999
0.145517
0.271427
0.302951
0.489165
0.219661
0.402650
0.433630
0.223402
0.581750
0.295053
0.139320
0.111773
0.229246
0.344518
0.155598
0.335249
0.254602
0.289213
0.254506
0.376974
0.458207
0.274559
0.404639
0.262656
0.170249
0.268243
0.215686
0.347659
0.617268
0.398461
0.175561
0.384665
0.205639
0.237586
0.311471
0.536759
0.325103
0.295717
0.197140
0.237959