0.072500
0.124262
0.121884
0.115176
0.202167
0.315692
0.142154
0.260678
0.190773
0.187060
0.133470
0.190604
0.301704
0.201534
0.141002
0.136898
0.224093
0.236046
0.120099
0.071718
0.259310
0.477256
0.229368
0.464521
0.372300
0.566655
0.212683
0.238766
0.258055
0.365274
0.456179
0.175046
0.215575
0.332839
0.096115
0.121256
0.085193
0.127823
0.280452
0.098643
0.204884
0.142441
0.202424
0.153192
0.276143
0.251027
0.102172
0.145282
0.162907
0.133453
0.079970
0.103240
0.178795
0.281711
0.075707
0.164771
0.195761
0.131456
0.127850
0.118610
0.245633
0.183353
0.098422
0.132892
0.173326
0.210230
0.136065
0.264750
0.382321
0.168132
0.193157
0.088185
0.085577
0.112423
0.247579
0.179771
0.463822
0.325625
0.109090
0.347948
0.231598
0.464148
0.161361
0.186082
0.233265
0.205030
0.184911
0.203795
0.438416
0.292427
0.409256
0.276882
0.423594
0.629026
0.186043
0.168714
0.127649
0.085275
0.072389
0.099048
0.118972
0.117931
0.140259
0.085150
0.176083
0.148239
0.090641
0.109284
0.071201
0.186945
0.092055
0.183736
0.211423
0.392211
0.263504
0.108853
0.193572
0.213098
0.215262
0.402075
0.199116
0.292966
0.320689
0.165540
0.171225
0.320905
0.068243
0.104388