0.184400
0.312220
0.148530
0.141971
0.302869
0.208755
0.547168
0.249365
0.143047
0.155455
0.135481
0.122928
0.331373
0.223082
0.153429
0.203940
0.333806
0.542453
0.508815
0.419833
0.335378
0.175044
0.445454
0.247185
0.385983
0.357013
0.266248
0.505735
0.207720
0.202534
0.435931
0.376580
0.275472
0.334620
0.385665
0.448598
0.422894
0.277907
0.201420
0.178836
0.204077
0.231283
0.289761
0.287498
0.203658
0.299907
0.153153
0.290329
0.324971
0.310028
0.333360
0.480605
0.251517
0.370390
0.260518
0.320522
0.138517
0.123975
0.305563
0.236761
0.245101
0.438204
0.151504
0.150929
0.173244
0.312178
0.587927
0.336694
0.137696
0.204812
0.225221
0.344631
0.303655
0.498904
0.162445
0.224266
0.454056
0.601960
0.287241
0.363949
0.148851
0.163098
0.309345
0.166034
0.341524
0.409648
0.242898
0.339878
0.438208
0.299601
0.636099
0.731012
0.190196
0.197540
0.506771
0.298752
0.357481
0.718049
0.209388
0.206510
0.156306
0.142029
0.238390
0.493248
0.630273
0.340896
0.441606
0.325244
0.324253
0.328384
0.127529
0.255550
0.126019
0.282572
0.208457
0.309778
0.298282
0.135371
0.137663
0.145733
0.125896
0.311698
0.168621
0.175247
0.283152
0.286161
0.233219
0.499142
0.161907
0.162723
0.253137
0.254769
0.250496
0.309104
0.171625
0.172296
0.358844
0.206081
0.237348
0.382582
0.080866
0.153466
0.364589
0.288414
0.342797
0.338095
0.134764
0.134671
0.204611
0.233687
0.296034
0.280483
0.139843
0.137233
0.136437
0.243947
0.272948
0.257927
0.157873
0.188179
0.117186
0.291848