0.165919
0.260643
0.141705
0.145672
0.263049
0.176546
0.219251
0.382307
0.235970
0.342308
0.228226
0.432645
0.245415
0.250813
0.235876
0.218606
0.267390
0.678922
0.337898
0.745907
0.106107
0.147470
0.177696
0.270485
0.441461
0.293042
0.314028
0.548308
0.226394
0.106378
0.229477
0.310156
0.264133
0.220212
0.360811
0.124959
0.340297
0.173922
0.169520
0.365404
0.152731
0.193499
0.492238
0.670294
0.286369
0.164642
0.144360
0.259471
0.369987
0.215742
0.232346
0.266514
0.348352
0.706478
0.153948
0.162538
0.105313
0.164395
0.147100
0.151000
0.139541
0.366877
0.168866
0.316601
0.135196
0.134020
0.178522
0.158114
0.188445
0.298017
0.197468
0.138553
0.246366
0.152516
0.179601
0.113191
0.144381
0.129462
0.409429
0.281338
0.141084
0.278721
0.129881
0.203710
0.530502
0.252070
0.111377
0.158087
0.196456
0.285959
0.170664
0.313688
0.358798
0.139017
0.286087
0.449038
0.416141
0.242568
0.194757
0.292384
0.101798
0.150079
0.237921
0.283247
0.258914
0.218991
0.347551
0.115473
0.343499
0.168471
0.195391
0.420321
0.462033
0.171633
0.282345
0.404394
0.267270
0.188027
0.262009
0.550884
0.142768
0.178517
0.323983
0.609210
0.225914
0.413406
0.211175
0.320421
0.200646
0.143512
0.165089
0.226191
0.366719
0.309974
0.302621
0.519554
0.252899
0.157827
0.167792
0.301112
0.099206
0.137788
0.362196
0.243431
0.429220
0.243967
0.127167
0.140606
0.360168
0.166755
0.220435
0.151515
0.140242
0.175646
0.159399
0.158475
0.297115
0.189534
0.149850
0.179947
0.161715
0.359265