0.303737
0.173753
0.246568
0.251961
0.589062
0.373431
0.367587
0.329419
0.342782
0.301436
0.227104
0.236938
0.242490
0.234071
0.271790
0.507298
0.414217
0.283018
0.129967
0.143082
0.101434
0.118779
0.241172
0.251093
0.182425
0.347022
0.246708
0.271822
0.390751
0.223219
0.221707
0.378261
0.208057
0.197471
0.258394
0.335312
0.134324
0.128654
0.355184
0.199192
0.089449
0.182414
0.207197
0.298422
0.270067
0.248242
0.193597
0.149150
0.154879
0.185721
0.195171
0.192370
0.296165
0.262195
0.126138
0.266156
0.326576
0.226750
0.137191
0.225609
0.144389
0.265362
0.261206
0.243465
0.162553
0.186726
0.165335
0.146993
0.193605
0.190581
0.259437
0.306979
0.163720
0.147462
0.221106
0.428475
0.307329
0.477118
0.651505
0.373334
0.218146
0.227691
0.238706
0.433942
0.228408
0.167124
0.275277
0.503812
0.321366
0.430182
0.170332
0.353823
0.258330
0.184612
0.260708
0.295462
0.234490
0.356183
0.309776
0.284353
0.130850
0.148776
0.417251
0.254764
0.234994
0.381166
0.446060
0.632824
0.134767
0.148928
0.210764
0.201448
0.203601
0.260143
0.321736
0.267727
0.309236
0.196506
0.357533
0.250771
0.063675
0.106844
0.165805
0.222246
0.258242
0.361581
0.165292
0.177063
0.223406
0.220198
0.294534
0.261572
0.223787
0.390301
0.319396
0.675194
0.234725
0.187210
0.227206
0.481969
0.156554
0.165147
0.358083
0.508995
0.103829
0.175133
0.140771
0.239503
0.147300
0.139166
0.313698
0.181716
0.201128
0.120054
0.112173
0.106389
0.115634
0.107721
0.150878
0.091060
0.164824
0.346163