0.158902
0.383359
0.313851
0.076323
0.154619
0.178369
0.073036
0.182090
0.172731
0.407779
0.153399
0.426957
0.212077
0.374092
0.619677
0.491475
0.529844
0.215714
0.078142
0.368398
0.210160
0.205772
0.184107
0.264501
0.165948
0.393238
0.189938
0.425492
0.305774
0.291624
0.486152
0.262323
0.508698
0.820957
0.454268
0.826158
0.224075
0.236325
0.741495
0.494710
0.520062
0.243831
0.538840
0.240474
0.367038
0.570613
0.250679
0.652865
0.192780
0.513679
0.174476
0.413510
0.528075
0.362394
0.196111
0.300703
0.681151
0.447077
0.482903
0.308721
0.375053
0.367941
0.335998
0.560319
0.346931
0.475994
0.365487
0.256060
0.285125
0.453774
0.243844
0.421045
0.203723
0.454671
0.290216
0.482297
0.186475
0.421959
0.493138
0.429620
0.274974
0.365510
0.216485
0.471424
0.238029
0.134522
0.415340
0.176351
0.458988
0.256030
0.420680
0.164855
0.607365
0.490087
0.322049
0.529923
0.305081
0.288754
0.240901
0.412900
0.353098
0.223280
0.371969
0.195978
0.348510
0.311172
0.275841
0.241288
0.077928
0.244733
0.359747
0.432021
0.257697
0.591449
0.215637
0.183776
0.192232
0.138855
0.343163
0.258885
0.216817
0.426653
0.186963
0.354796
0.252318
0.256683
0.236827
0.497088