0.118677
0.246118
0.246962
0.190866
0.387640
0.142130
0.348521
0.554404
0.120963
0.102030
0.247154
0.165189
0.132103
0.256670
0.124402
0.127590
0.198093
0.151353
0.057969
0.217708
0.254615
0.154077
0.284043
0.281876
0.065832
0.074451
0.164182
0.155299
0.141620
0.069019
0.100957
0.114267
0.209802
0.211068
0.201932
0.437271
0.135338
0.275697
0.194176
0.382136
0.133586
0.258227
0.282283
0.449840
0.140812
0.267127
0.158181
0.158581
0.381256
0.210114
0.184365
0.182056
0.179512
0.205866
0.193180
0.314640
0.087268
0.092903
0.185745
0.262433
0.106617
0.106664
0.215341
0.125492
0.325490
0.241452
0.330188
0.257623
0.376175
0.200265
0.369411
0.454989
0.111928
0.064180
0.230448
0.330821
0.231378
0.194905
0.239450
0.444056
0.166618
0.495218
0.202429
0.314635
0.159134
0.265301
0.388154
0.279514
0.113541
0.127080
0.105152
0.151041
0.184973
0.325876
0.261525
0.162571
0.294726
0.230258
0.665951
0.403787
0.334354
0.242266
0.410002
0.399296
0.140386
0.151251
0.245631
0.257697
0.294546
0.197135
0.171288
0.190210
0.283848
0.565385
0.255426
0.326300
0.354770
0.611502
0.457721
0.277568
0.166174
0.472278
0.579254
0.349121
0.177772
0.225788
0.104343
0.087253