0.194255
0.277375
0.176999
0.189252
0.220315
0.219970
0.233800
0.441393
0.145265
0.161671
0.243818
0.273193
0.177017
0.182492
0.282424
0.159495
0.261058
0.216077
0.229197
0.403678
0.416592
0.426383
0.620418
0.474835
0.347763
0.352792
0.449160
0.540889
0.272308
0.515577
0.337699
0.431431
0.286187
0.530541
0.239435
0.269420
0.412690
0.376506
0.364018
0.605159
0.257157
0.271196
0.190956
0.182625
0.122066
0.216329
0.286996
0.388625
0.272056
0.163834
0.272087
0.253897
0.167697
0.295818
0.151362
0.122459
0.247939
0.246007
0.233946
0.234519
0.287210
0.228510
0.190037
0.150325
0.342939
0.148808
0.233538
0.474431
0.126766
0.120347
0.200575
0.187757
0.242086
0.141951
0.193953
0.111160
0.153825
0.259546
0.144233
0.193850
0.395670
0.266839
0.185523
0.312821
0.293938
0.311262
0.411740
0.394014
0.121046
0.145777
0.303915
0.369769
0.426722
0.205366
0.174311
0.199537
0.553076
0.389478
0.532203
0.320288
0.439717
0.616799
0.242341
0.308048
0.271688
0.228907
0.769590
0.452281
0.191628
0.175445
0.201188
0.254192
0.200594
0.188257
0.297706
0.167349
0.209244
0.380500
0.273973
0.466391
0.274526
0.251637
0.103841
0.268687
0.448348
0.242577
0.339366
0.295024
0.129451
0.110742
0.253120
0.220955
0.137819
0.290823
0.159934
0.158046
0.324973
0.392451
0.222631
0.334738
0.346917
0.427981
0.313349
0.280498
0.368958
0.283206
0.445843
0.460116
0.242914
0.436372
0.403554
0.340065
0.242235
0.252542
0.283417
0.203362
0.296930
0.388391
0.274704
0.329893
0.410833
0.207401
0.256767
0.260055
0.206890
0.288024
0.287207
0.441519
0.177656
0.188341
0.458527
0.630323
0.215772
0.187931
0.170008
0.180245
0.204782
0.167420
0.271580
0.226733
0.501708
0.305186
0.224926
0.146914
0.298467
0.459513
0.350081
0.308408
0.320769
0.157624
0.420074
0.255877
0.328669
0.160144
0.116436
0.155699
0.284022
0.226577
0.182232
0.249944