0.291710
0.241513
0.260887
0.276124
0.261122
0.540481
0.455488
0.294915
0.217296
0.255077
0.224395
0.185344
0.370374
0.285572
0.419789
0.755030
0.130700
0.158002
0.068983
0.133027
0.184872
0.178694
0.149890
0.234983
0.146341
0.185236
0.135961
0.132472
0.242394
0.195787
0.259598
0.227317
0.149981
0.210401
0.186045
0.251011
0.135521
0.198408
0.489076
0.292572
0.380151
0.138133
0.234975
0.398181
0.329025
0.270111
0.335298
0.188783
0.161535
0.106751
0.210149
0.393566
0.146700
0.204294
0.128529
0.222907
0.271508
0.207836
0.212030
0.126463
0.208691
0.211933
0.155115
0.297626
0.155274
0.155390
0.193374
0.210271
0.210634
0.194553
0.424187
0.254804
0.137980
0.185026
0.239347
0.153981
0.263804
0.436940
0.235115
0.277696
0.420711
0.215769
0.489189
0.300936
0.297704
0.537441
0.248440
0.269985
0.238551
0.482074
0.376428
0.230030
0.612603
0.410785
0.243754
0.403088
0.280868
0.148397
0.267336
0.448044
0.148299
0.250123
0.425812
0.273447
0.174273
0.174554
0.132598
0.115751
0.179869
0.209416
0.232285
0.293729
0.141872
0.176737
0.184812
0.163977
0.208723
0.215071
0.199819
0.195444
0.279170
0.163558
0.226610
0.141355
0.207763
0.244596
0.126384
0.266098