0.069266
0.106474
0.301070
0.142142
0.159256
0.302400
0.203348
0.216402
0.282261
0.159979
0.130659
0.136718
0.107264
0.172031
0.201978
0.274584
0.229258
0.321137
0.384142
0.220875
0.075846
0.108662
0.129741
0.177247
0.230437
0.246122
0.154412
0.121519
0.165986
0.260757
0.141515
0.342088
0.246952
0.271542
0.289206
0.300175
0.154278
0.236787
0.214056
0.427468
0.188071
0.127120
0.277636
0.234048
0.201408
0.185437
0.166503
0.170793
0.404116
0.200968
0.641374
0.433969
0.383202
0.265118
0.119694
0.230847
0.103314
0.129110
0.110426
0.089855
0.078122
0.189808
0.097105
0.097963
0.085787
0.110792
0.103320
0.103900
0.201644
0.165402
0.244936
0.173053
0.224554
0.206900
0.389593
0.233775
0.183238
0.197739
0.241652
0.274136
0.158770
0.098039
0.334226
0.179306
0.194571
0.361154
0.323453
0.251816
0.369303
0.299085
0.206387
0.209382
0.196690
0.175407
0.177818
0.172669
0.312154
0.502809
0.180145
0.170910
0.203439
0.145199
0.189023
0.154392
0.289488
0.270843
0.336411
0.312401
0.144858
0.199697
0.116049
0.163981
0.164272
0.131660
0.417884
0.210881
0.116712
0.136185
0.141351
0.250070
0.080385
0.141095
0.287468
0.401120
0.286104
0.280019
0.188813
0.347988
0.159103
0.178842
0.146761
0.116272
0.383466
0.233010
0.343236
0.174118
0.144300
0.142374
0.341946
0.170559
0.160215
0.148238
0.654558
0.321592
0.135110
0.174958
0.140815
0.156290
0.248318
0.129662
0.197392
0.195743
0.131374
0.116802
0.212946
0.106834
0.160948
0.120554
0.236789
0.113077
0.070724
0.195126