0.065787
0.152845
0.169743
0.383906
0.181618
0.229524
0.166984
0.249951
0.104942
0.214871
0.136727
0.116679
0.214749
0.158611
0.211027
0.233423
0.161103
0.232601
0.073197
0.134888
0.462254
0.236629
0.253666
0.176975
0.116733
0.096865
0.149896
0.269915
0.137008
0.223166
0.284581
0.199367
0.187138
0.404129
0.143720
0.091575
0.089174
0.184672
0.124201
0.190142
0.098092
0.090403
0.123108
0.226347
0.169127
0.326401
0.275437
0.153278
0.194200
0.254790
0.266161
0.369083
0.178132
0.241625
0.107864
0.154816
0.257388
0.118143
0.162287
0.158589
0.196835
0.222059
0.338469
0.657846
0.254974
0.311833
0.239943
0.260231
0.322823
0.484544
0.735985
0.323010
0.205928
0.121455
0.193603
0.349075
0.282349
0.485831
0.172446
0.439599
0.256152
0.254417
0.234865
0.210415
0.233341
0.261352
0.261660
0.230772
0.273155
0.143894
0.260254
0.146141
0.504110
0.302048
0.315573
0.292554
0.218012
0.190340
0.184639
0.172977
0.204291
0.181281
0.175761
0.220293
0.102171
0.097585
0.136669
0.108353
0.059528
0.156132
0.286643
0.210162
0.501903
0.257475
0.229719
0.413845
0.231611
0.413542
0.149260
0.185300
0.113915
0.249382
0.159856
0.293121
0.193202
0.193871
0.135963
0.234644