0.110777
0.126890
0.307324
0.266033
0.234561
0.209688
0.265222
0.217383
0.366153
0.232393
0.342261
0.482484
0.298352
0.283854
0.215152
0.491714
0.225650
0.382363
0.138652
0.168239
0.084308
0.155373
0.191391
0.187359
0.251508
0.442307
0.273723
0.284301
0.133697
0.257922
0.276822
0.237058
0.173901
0.176339
0.174795
0.123372
0.326145
0.165138
0.319715
0.239299
0.113540
0.115736
0.258135
0.198713
0.273925
0.378141
0.236487
0.283464
0.661087
0.343858
0.175401
0.231790
0.337589
0.206686
0.367339
0.180303
0.224287
0.286982
0.432746
0.289686
0.129448
0.135727
0.335003
0.274350
0.488915
0.345192
0.281508
0.263975
0.105968
0.199412
0.215027
0.372005
0.109569
0.114189
0.184446
0.326735
0.108557
0.225969
0.144393
0.142117
0.131031
0.324180
0.317237
0.193337
0.138700
0.209929
0.211405
0.122315
0.118682
0.099843
0.164202
0.262984
0.314834
0.582912
0.195665
0.196040
0.229268
0.187887
0.310913
0.493883
0.160471
0.151999
0.252099
0.280924
0.200990
0.169200
0.198464
0.350986
0.280814
0.127638
0.270450
0.226754
0.211661
0.134075
0.439394
0.261239
0.282620
0.308396
0.214938
0.246098
0.108019
0.211990
0.189012
0.394958
0.163034
0.200200
0.085764
0.123259
0.191108
0.209173
0.148241
0.162494
0.141938
0.190149
0.164834
0.294207
0.196581
0.180533
0.231572
0.186993
0.064695
0.192530
0.139674
0.107540
0.231832
0.372938
0.328733
0.183099
0.472322
0.265411
0.230781
0.248676
0.443571
0.643302
0.209895
0.284328
0.372413
0.234077
0.461457
0.228850
0.121102
0.139703