0.297271
0.220467
0.584743
0.399314
0.320235
0.294359
0.182030
0.304471
0.429058
0.282743
0.531479
0.371125
0.517838
0.266688
0.239394
0.269131
0.183393
0.134866
0.118929
0.328087
0.163006
0.144061
0.221631
0.131464
0.137615
0.116441
0.140074
0.108969
0.247137
0.113305
0.106378
0.120745
0.293523
0.482192
0.296208
0.324896
0.128356
0.289788
0.283262
0.215759
0.229132
0.231744
0.177669
0.345161
0.213562
0.275275
0.212177
0.229831
0.255386
0.313189
0.339597
0.564487
0.224806
0.455257
0.131333
0.242248
0.200207
0.229031
0.328329
0.227329
0.231992
0.192427
0.207086
0.207319
0.336865
0.232981
0.309579
0.239864
0.317385
0.133060
0.220559
0.457638
0.119468
0.225525
0.218030
0.235731
0.208980
0.109675
0.417963
0.208451
0.274012
0.263198
0.346977
0.210664
0.209914
0.313450
0.261916
0.398762
0.262157
0.502214
0.166559
0.234417
0.228000
0.212090
0.261340
0.560882
0.354495
0.258498
0.294808
0.434834
0.327660
0.205784
0.227453
0.492866
0.273155
0.130579
0.371799
0.526852
0.141893
0.222353
0.250054
0.198004
0.285742
0.241441
0.261170
0.265249
0.516701
0.290593
0.155133
0.223240
0.403483
0.180702
0.167835
0.218255
0.430359
0.244937
0.121897
0.230664