0.181284
0.268264
0.220143
0.203505
0.234429
0.336752
0.178789
0.333116
0.259571
0.209664
0.527256
0.392191
0.188168
0.130187
0.507647
0.304057
0.132214
0.179888
0.370051
0.200291
0.304327
0.171286
0.250701
0.218656
0.369067
0.380033
0.210167
0.105034
0.179482
0.098796
0.187461
0.097121
0.121761
0.371228
0.210162
0.118876
0.345956
0.198475
0.238581
0.307989
0.151952
0.074779
0.329358
0.212227
0.555658
0.309552
0.799461
0.461435
0.240413
0.165662
0.523567
0.346250
0.334433
0.491246
0.480036
0.260818
0.452576
0.282129
0.222156
0.425060
0.258346
0.393768
0.162992
0.230208
0.191173
0.196272
0.325596
0.369064
0.192472
0.327746
0.226027
0.453787
0.172003
0.363390
0.151132
0.353949
0.118583
0.286862
0.191620
0.236156
0.266988
0.328077
0.155830
0.313375
0.345600
0.252037
0.288821
0.097502
0.491825
0.178237
0.483393
0.378510
0.385496
0.443662
0.393700
0.434025
0.074974
0.097342