0.237550
0.141777
0.378743
0.229598
0.202688
0.248497
0.284823
0.258291
0.234317
0.320767
0.446425
0.766488
0.224923
0.218687
0.176490
0.196362
0.261589
0.257874
0.175232
0.181384
0.134641
0.135530
0.062766
0.136110
0.396352
0.152736
0.121826
0.281369
0.134718
0.287704
0.286623
0.282502
0.180471
0.171805
0.145303
0.147063
0.212565
0.217531
0.108443
0.145282
0.287032
0.156462
0.194328
0.135574
0.091072
0.180185
0.137548
0.280063
0.296508
0.549462
0.291179
0.290424
0.198400
0.183177
0.164423
0.283630
0.204843
0.193892
0.186544
0.350430
0.309532
0.162545
0.230989
0.496965
0.099643
0.236688
0.100421
0.122655
0.292888
0.183998
0.223905
0.396911
0.196449
0.201259
0.195527
0.285319
0.233523
0.244398
0.313367
0.131261
0.127386
0.128174
0.158765
0.197336
0.199333
0.154323
0.238665
0.193472
0.087230
0.197293
0.234525
0.298862
0.182397
0.309503
0.262627
0.154002
0.179468
0.364432
0.143850
0.127857
0.122103
0.123467
0.148118
0.178760
0.173317
0.170923
0.347702
0.205511
0.452377
0.221828
0.125011
0.296554
0.138188
0.149100
0.115898
0.110798
0.180047
0.190284
0.141376
0.130560
0.283338
0.155210
0.218031
0.201184
0.204315
0.227998
0.249177
0.240031
0.261612
0.256277
0.286321
0.350123
0.268692
0.224543
0.150782
0.186811
0.261934
0.233464
0.162713
0.154321
0.168319
0.323397
0.251295
0.208874
0.270634
0.177364
0.230855
0.304591
0.284706
0.277365
0.390648
0.283849
0.185116
0.229312
0.220881
0.154264
0.340426
0.505425
0.194423
0.350458
0.156597
0.290065
0.198238
0.175708
0.174397
0.202795
0.223230
0.233380
0.226218
0.261770
0.306417
0.274535
0.308797
0.169663
0.142771
0.263339
0.130897
0.161748
0.152617
0.142009
0.171751
0.143965
0.251832
0.549989
0.208170
0.507009
0.625651
0.360717
0.317246
0.205813
0.264690
0.380041
0.210145
0.217364
0.188909
0.189835
0.259513
0.385461
0.087735
0.091934