0.330848
0.511019
0.365980
0.271153
0.298410
0.128246
0.091510
0.322560
0.585299
0.403498
0.492656
0.298722
0.201097
0.299114
0.036766
0.067784
0.212129
0.188935
0.143357
0.114324
0.260629
0.139929
0.147256
0.227744
0.735636
0.381075
0.448736
0.547422
0.285440
0.256892
0.111092
0.440597
0.369169
0.527153
0.360771
0.154270
0.363595
0.425999
0.372366
0.253735
0.209374
0.368874
0.042633
0.160443
0.375776
0.385900
0.189546
0.393195
0.156570
0.252503
0.198451
0.148953
0.344537
0.220753
0.133559
0.117675
0.257556
0.540213
0.196048
0.344078
0.237285
0.298356
0.139328
0.210040
0.244343
0.172401
0.119829
0.257652
0.274052
0.186404
0.124780
0.252726