0.079859
0.135267
0.350460
0.261394
0.332044
0.324597
0.198445
0.318483
0.116545
0.278979
0.285045
0.191464
0.132659
0.295894
0.369711
0.305020
0.269424
0.300352
0.271095
0.522564
0.272367
0.153541
0.145775
0.244562
0.313049
0.275174
0.322858
0.549326
0.199807
0.229796
0.255642
0.206536
0.267915
0.155402
0.256192
0.367356
0.254367
0.252100
0.227166
0.483473
0.091573
0.118181
0.202722
0.236737
0.187320
0.403114
0.224745
0.139968
0.403822
0.203239
0.140732
0.256081
0.186140
0.100753
0.319938
0.231929
0.177176
0.091764
0.246718
0.170952
0.092661
0.134092
0.186174
0.270236
0.475078
0.291630
0.117516
0.187561
0.286771
0.145662
0.130380
0.222373
0.418188
0.298550
0.270369
0.293911
0.247588
0.214335
0.253831
0.141105
0.145237
0.163693
0.207790
0.296122
0.213328
0.332509
0.248507
0.339601
0.132452
0.276048
0.241548
0.249759
0.285926
0.163923
0.471402
0.367804
0.278074
0.209651
0.265536
0.171625
0.365197
0.143139
0.376728
0.278305
0.333658
0.314518
0.218219
0.327173
0.260279
0.630214
0.205460
0.204589
0.320300
0.558879
0.570827
0.462922
0.374645
0.595888
0.219347
0.344088
0.139317
0.375834
0.409666
0.639972
0.340396
0.337943
0.586741
0.350954
0.332354
0.177943
0.285647
0.636775
0.226538
0.131447
0.323522
0.400873
0.343207
0.246655
0.330944
0.213181
0.298394
0.157349
0.326128
0.454899
0.288605
0.545911
0.189242
0.230654
0.154337
0.279436
0.220929
0.206889
0.176712
0.147687
0.222939
0.214683
0.206220
0.237565
0.236128
0.241630
0.134450
0.148199
0.258691
0.265425
0.295722
0.279881
0.268295
0.205386
0.217244
0.232045
0.262172
0.224620
0.182207
0.279726
0.302994
0.266769
0.084179
0.161229
0.274250
0.195982
0.171265
0.156007
0.278556
0.305712
0.333793
0.514151
0.265835
0.222137
0.464535
0.256795
0.222375
0.258515
0.271410
0.165937
0.326058
0.302173
0.353742
0.505596
0.154631
0.259430