0.099895
0.066235
0.361875
0.338845
0.165767
0.338851
0.324371
0.322348
0.545846
0.321811
0.163161
0.412235
0.175316
0.178968
0.258409
0.306241
0.272737
0.137649
0.512845
0.174919
0.174593
0.257755
0.493506
0.235009
0.256170
0.387852
0.391658
0.243125
0.207393
0.385412
0.305183
0.251636
0.311381
0.388602
0.317979
0.166028
0.175234
0.304497
0.257825
0.134955
0.114680
0.110058
0.195500
0.168893
0.191325
0.285326
0.274281
0.624729
0.202153
0.417246
0.299148
0.161166
0.170105
0.321407
0.318206
0.117050
0.130153
0.421816
0.662285
0.144534
0.191371
0.450322
0.319036
0.105759
0.153710
0.223241
0.236461
0.294033
0.179615
0.183667
0.352886