0.070911
0.099516
0.243037
0.298456
0.196466
0.411330
0.365239
0.162305
0.189935
0.416961
0.216322
0.340489
0.289368
0.102647
0.591271
0.243542
0.300849
0.155166
0.078368
0.219033
0.125534
0.214630
0.305048
0.128652
0.151562
0.380278
0.212699
0.240231
0.243863
0.109593
0.253526
0.160303
0.221334
0.454031
0.273406
0.258188
0.084687
0.151745
0.192626
0.351302
0.379070
0.187781
0.687024
0.359795
0.127113
0.282613
0.179629
0.259590
0.381330
0.184556
0.204287
0.258250
0.092100
0.173476
0.126649
0.235401
0.331303
0.663471
0.230298
0.288606
0.102121
0.099380
0.431261
0.140331
0.132619
0.156957
0.392734
0.244034
0.136061
0.146022
0.411688
0.226646
0.146644
0.335843
0.280347
0.450255
0.103662
0.097641
0.147910
0.190962
0.100485
0.170578
0.209112
0.562039
0.160172
0.151809
0.177433
0.280196
0.641336
0.288849
0.119084
0.250371
0.071854
0.194528
0.160357
0.241125
0.223789
0.094101
0.237336
0.321153
0.107314
0.197193
0.732289
0.416329
0.149106
0.424407
0.250314
0.342482
0.072926
0.117265
0.296901
0.109500
0.140873
0.192652
0.192882
0.250264
0.111018
0.285535
0.278216
0.205368
0.159417
0.336180
0.190858
0.289809
0.162961
0.105179
0.107203
0.219540