0.143134
0.237814
0.264709
0.362442
0.327375
0.556726
0.175038
0.410624
0.344095
0.110717
0.281926
0.397458
0.205365
0.210390
0.187205
0.383952
0.254064
0.353305
0.213662
0.212950
0.183061
0.266806
0.135521
0.258489
0.301871
0.080725
0.204613
0.086043
0.426196
0.245126
0.796729
0.444702
0.263658
0.305709
0.416634
0.196531
0.407461
0.583784
0.751636
0.503938
0.433896
0.159181
0.218721
0.276564
0.291110
0.399298
0.278307
0.480898
0.169018
0.393408
0.277188
0.236667
0.242779
0.485135
0.291393
0.463883
0.664527
0.551655
0.299841
0.433461
0.254916
0.317328
0.488396
0.665002
0.345118
0.147515
0.273419
0.518641
0.183740
0.233583
0.237220
0.341362
0.326759
0.299778
0.262440
0.298009
0.451014
0.177302
0.201028
0.270922
0.114795
0.461417
0.192142
0.222575
0.278315
0.352510
0.324667
0.314466
0.285100
0.300330
0.405944
0.282699
0.465933
0.366169
0.369823
0.167744
0.120426
0.232929