0.209474
0.386816
0.089894
0.178147
0.251876
0.156542
0.253574
0.262653
0.190449
0.169241
0.157386
0.268589
0.397972
0.313649
0.511570
0.449791
0.463486
0.168302
0.320128
0.421364
0.654571
0.349822
0.750474
0.505732
0.460319
0.405567
0.645777
0.559805
0.267651
0.421027
0.124622
0.156778
0.177677
0.297709
0.352859
0.321572
0.289838
0.309432
0.566137
0.439942
0.462548
0.495592
0.325785
0.232548
0.125197
0.123449
0.302261
0.502683
0.266384
0.393268
0.315069
0.463013
0.451676
0.259774
0.456879
0.481128
0.233401
0.295082
0.095411
0.086124
0.392129
0.175479
0.490694
0.349406
0.187137
0.444412
0.377276
0.223071
0.478303
0.317604
0.571780
0.384410
0.231956
0.114746
0.276073
0.450731
0.385210
0.353197
0.339184
0.498761
0.224812
0.358490
0.467988
0.440153
0.125107
0.218330
0.192321
0.100263
0.163702
0.088280
0.161022
0.134490
0.096524
0.164074
0.099276
0.100608
0.369829
0.593781