0.111132
0.193919
0.288199
0.557478
0.131514
0.112951
0.236397
0.242842
0.304370
0.204442
0.122410
0.220709
0.431802
0.269797
0.190220
0.177338
0.102583
0.263884
0.096888
0.103226
0.227926
0.449808
0.176440
0.212628
0.169389
0.128681
0.221902
0.306583
0.691344
0.447495
0.232035
0.438166
0.231361
0.111407
0.223829
0.395947
0.692478
0.477586
0.286783
0.681973
0.558166
0.390159
0.102038
0.171265
0.359825
0.189793
0.051508
0.062239
0.099396
0.304924
0.127523
0.198589
0.068295
0.120476
0.187009
0.258934
0.245223
0.313860
0.184028
0.216905
0.094549
0.074435
0.118137
0.223527
0.133797
0.269794
0.109017
0.252001
0.293813
0.338170
0.207161
0.308452
0.336759
0.180769
0.112034
0.249233
0.658252
0.394970
0.178654
0.349141
0.067156
0.141174
0.363422
0.459484
0.292764
0.162826
0.221129
0.293569
0.279681
0.137973
0.221988
0.228724
0.274594
0.417511
0.147578
0.221476
0.235408
0.190061