0.073820
0.152343
0.100991
0.193202
0.106010
0.117469
0.159974
0.199482
0.112485
0.145813
0.196642
0.247385
0.114280
0.126914
0.252798
0.144399
0.168504
0.164986
0.127100
0.196072
0.204117
0.200238
0.230841
0.154256
0.169686
0.153582
0.255262
0.220126
0.197147
0.199412
0.290786
0.298950
0.339472
0.195988
0.155504
0.175438
0.205444
0.245669
0.482215
0.296698
0.198185
0.203772
0.309749
0.164264
0.168904
0.117603
0.247633
0.209431
0.198331
0.178802
0.250596
0.329903
0.175519
0.152516
0.297197
0.175426
0.192158
0.214676
0.246125
0.203792
0.168309
0.390850
0.142509
0.137709
0.143230
0.133435
0.091913
0.142755
0.176779
0.119917
0.276857
0.245188
0.136875
0.258749
0.131500
0.158529
0.215757
0.439514
0.228275
0.181491
0.209365
0.478738
0.179540
0.158713
0.331356
0.169541
0.519624
0.258729
0.210837
0.144689
0.330379
0.266576
0.163674
0.173188
0.156073
0.188225
0.204604
0.243739
0.470371
0.271754
0.177875
0.325909
0.131282
0.126102
0.130175
0.128018
0.197408
0.191945
0.157529
0.156843
0.158334
0.183708
0.259350
0.148212
0.163521
0.259411
0.192454
0.156218
0.188240
0.176349
0.209324
0.167875
0.153663
0.150945
0.329466
0.178468
0.228768
0.220945
0.174471
0.183875
0.262191
0.321448
0.206520
0.142098
0.297826
0.159768
0.221754
0.223845
0.229445
0.222501
0.199718
0.149118
0.137676
0.147628
0.160675
0.139735
0.198636
0.224663
0.159145
0.327270
0.288868
0.587495
0.158859
0.146488
0.099113
0.121247
0.241125
0.369403
0.198758
0.225343
0.194248
0.134313
0.126022
0.145580
0.141269
0.281602
0.208572
0.356737
0.164316
0.312656
0.257482
0.243729
0.141199
0.134218
0.265776
0.149599
0.083856
0.119235
0.166544
0.198604
0.142112
0.194839
0.300479
0.151542
0.150501
0.268306
0.225164
0.156792
0.161897
0.137316
0.284645
0.229695
0.148485
0.252890
0.138044
0.267152
0.203570
0.401583
0.105834
0.135887