0.166207
0.155971
0.284046
0.187120
0.303156
0.167061
0.316187
0.477747
0.377783
0.236436
0.420522
0.574481
0.463161
0.358659
0.221776
0.495501
0.296924
0.436021
0.372095
0.507953
0.184936
0.142876
0.132027
0.205014
0.219113
0.132342
0.169769
0.228489
0.606226
0.417516
0.367371
0.290752
0.257215
0.170619
0.244524
0.142051
0.171749
0.251414
0.406834
0.207417
0.224505
0.195341
0.277584
0.144467
0.151116
0.257394
0.224537
0.275252
0.418410
0.252656
0.582367
0.456163
0.304273
0.239970
0.170447
0.198200
0.286549
0.459831
0.429380
0.298731
0.183552
0.253581
0.286079
0.664662
0.298164
0.629162
0.218921
0.187016
0.292242
0.379656
0.361224
0.427445
0.522438
0.340092
0.502410
0.221204
0.308053
0.234713
0.542168
0.723251
0.281446
0.150893
0.183889
0.317830
0.235687
0.136557
0.113201
0.165668
0.151543
0.244113
0.452748
0.343533
0.225554
0.371256
0.133853
0.170326
0.368618
0.190739
0.521363
0.363465
0.101498
0.114874
0.134177
0.144309
0.125560
0.215888
0.140247
0.109330
0.188450
0.428854
0.181496
0.396390
0.153765
0.191012
0.118060
0.102272
0.138022
0.251709
0.227538
0.177094
0.237397
0.235553
0.269924
0.256001
0.243204
0.275823
0.365895
0.233148
0.337751
0.275499
0.318596
0.336119
0.157667
0.227991
0.213005
0.357818
0.217003
0.422203
0.180957
0.399047
0.270828
0.512023
0.300767
0.631392
0.255081
0.573999
0.276565
0.208978
0.258157
0.397251
0.391260
0.424221
0.266486
0.351975
0.116887
0.144982
0.238709
0.386349
0.346737
0.456687
0.389638
0.221501
0.244284
0.230346
0.288050
0.177005
0.176611
0.358524
0.278090
0.305934
0.348759
0.358136
0.257928
0.270466
0.171182
0.191831
0.098609
0.209012
0.406338
0.277816
0.205563
0.151093
0.196264
0.141718
0.227174
0.165751
0.169022
0.184514
0.257434
0.458934
0.310924
0.250297
0.420041
0.323503
0.163974
0.296499
0.162748
0.235422
0.249163
0.374505