0.120645
0.135114
0.147734
0.255577
0.192205
0.178932
0.494849
0.280347
0.151109
0.179079
0.166914
0.140353
0.356260
0.179734
0.137516
0.253948
0.515670
0.305481
0.272307
0.411799
0.073459
0.072074
0.204710
0.533051
0.180437
0.350213
0.405149
0.190894
0.193320
0.402378
0.214811
0.186496
0.453744
0.300380
0.318503
0.252471
0.172697
0.210096
0.074397
0.190397
0.062264
0.154159
0.262725
0.127820
0.062531
0.105729
0.270465
0.118546
0.131980
0.156845
0.235743
0.191056
0.268976
0.454710
0.175879
0.286683
0.232804
0.130770
0.194955
0.184639
0.135738
0.234166
0.206946
0.295195
0.153261
0.263871
0.280945
0.167082
0.208758
0.196444
0.208745
0.220490
0.241944
0.200227
0.264472
0.127269
0.181725
0.454328
0.326764
0.548670
0.100118
0.131754
0.131538
0.164429
0.179361
0.173513
0.314173
0.471573
0.304038
0.184689
0.306816
0.450288
0.128789
0.278485
0.219471
0.132239
0.318177
0.216711
0.189786
0.376038
0.074748
0.076984
0.216492
0.392920
0.288839
0.226710
0.155582
0.295413
0.463887
0.271964
0.124098
0.114181
0.182434
0.201391
0.242599
0.249203
0.168303
0.163221
0.143642
0.138837
0.091964
0.098112
0.289385
0.488836
0.293816
0.174856
0.123706
0.203468
0.094389
0.095061
0.157765
0.180431
0.190016
0.223273
0.163268
0.112811
0.110491
0.125400
0.140657
0.114707
0.061566
0.160926
0.171395
0.234373
0.176228
0.141486
0.111611
0.103833
0.171420
0.167100
0.216354
0.188126
0.140052
0.137015
0.126973
0.226686
0.147842
0.104939
0.159052
0.215620
0.065900
0.159768