0.237331
0.167573
0.238054
0.462501
0.335940
0.281368
0.254540
0.193048
0.250147
0.228491
0.312539
0.413291
0.138663
0.153114
0.069191
0.152603
0.207088
0.247498
0.301734
0.170612
0.161572
0.263868
0.383241
0.194133
0.307464
0.148485
0.181698
0.410947
0.129095
0.180070
0.158236
0.140953
0.243161
0.150704
0.352002
0.552559
0.294489
0.149243
0.187633
0.234558
0.398703
0.512116
0.127385
0.103594
0.277135
0.645133
0.377240
0.317687
0.136419
0.279398
0.226619
0.157874
0.337582
0.431092
0.293794
0.511292
0.131160
0.167205
0.360825
0.323834
0.122280
0.119215
0.321347
0.156594
0.308873
0.224664
0.139272
0.164368
0.139960
0.183246
0.214561
0.271670