0.6682666666666667
0.6614666666666666
0.6864
0.5101333333333333
0.7774666666666666
0.7421777777777778
0.5726666666666667
0.6989777777777778
0.6110666666666666
0.6651555555555556
0.6688444444444445
0.7476444444444444
0.49315555555555557
0.7321333333333333
0.6201333333333333
0.5648444444444445
0.708
0.6130666666666666
0.6874222222222223
0.6645777777777778
0.6614666666666666
0.5665333333333333
0.8002666666666667
0.6058222222222223
0.5039555555555556
0.6506222222222222
0.5687111111111111
0.6696444444444445
0.6715111111111111
0.5917777777777777
0.4964
0.6986222222222223
0.616
0.5957333333333333
0.6948444444444445
0.6276888888888889
0.6719111111111111
0.6656444444444445
0.6689333333333334
0.7586666666666667
0.5542666666666667
0.7163111111111111
0.7990666666666667
0.6326222222222222
0.7024
0.6616
0.6709777777777778
0.4175111111111111
0.5651555555555555
0.6371111111111111
0.7282222222222222
0.604
0.5201777777777777
0.6340444444444444
0.6096444444444444
0.6665333333333333
0.6609777777777778
0.7760444444444444
0.5371555555555556
0.472
0.5706666666666667
0.6380444444444444
0.7182222222222222
0.6667111111111111
0.6703555555555556
0.5307111111111111
0.7270222222222222
0.6129333333333333
0.7132888888888889
0.7187555555555556
0.5885333333333334
0.6877777777777778
0.6066666666666667
0.6636
0.6621777777777778
0.8107111111111112
0.5276444444444445
0.5667111111111112
0.7539555555555556
0.6119111111111111
0.6924444444444444
0.6672888888888889
0.6681333333333334
0.4998666666666667
0.7618666666666667
0.5974222222222222
0.7397777777777778
0.7188
0.5692888888888888
0.6913777777777778
0.6094666666666667
0.6673777777777777
0.6668
0.36173333333333335
0.29764444444444443
0.5459111111111111
0.7649777777777778
0.6052
0.7079555555555556
0.6652
0.6694666666666667
0.5180444444444444
0.7819555555555555
0.5960888888888889
0.7409333333333333
0.5255111111111112
0.43391111111111114
0.5848
0.5381777777777778
0.6565777777777778
0.6630222222222222
0.5844444444444444
0.64
0.6633333333333333
0.6609333333333334
0.6368
0.6652
0.6616
0.6304444444444445
0.6037777777777777
0.6704444444444444
0.7604888888888889
0.6179111111111111
0.6531111111111111
0.6403555555555556
0.6655111111111112
0.6631111111111111
0.6636
0.5002222222222222
0.7759111111111111
0.7482666666666666
0.5765777777777777
0.6089777777777777
0.5493333333333333
0.6657333333333333
0.6656
0.5233777777777778
0.36084444444444447
0.7367555555555556
0.6201333333333333
0.5908888888888889
0.7312888888888889
0.6136444444444444
0.7009333333333333
0.6621333333333334
0.6694222222222223
0.5067555555555555
0.7769777777777778
0.5686222222222223
0.4789333333333333
0.7034666666666667
0.6121777777777778
0.6605777777777778
0.6689777777777778
0.7476888888888888
0.49777777777777776
0.7349777777777777
0.6193777777777778
0.566
0.7109333333333333
0.6195111111111111
0.7221777777777778
