0000000 0.002157
0000001 0.000300
0000010 0.013014
0000011 0.004114
0000100 0.000200
0000101 0.000129
0000110 0.002243
0000111 0.001229
0001000 0.000314
0001001 0.000086
0001010 0.000300
0001011 0.000229
0001100 0.007643
0001101 0.009157
0001110 0.022857
0001111 0.049686
0010000 0.009500
0010001 0.018057
0010010 0.012657
0010011 0.036857
0010100 0.000000
0010101 0.000114
0010110 0.000000
0010111 0.000300
0011000 0.001557
0011001 0.006086
0011010 0.000086
0011011 0.004329
0011100 0.000029
0011101 0.003843
0011110 0.000000
0011111 0.002243
0100000 0.032143
0100001 0.001129
0100010 0.023586
0100011 0.003457
0100100 0.007886
0100101 0.001900
0100110 0.008571
0100111 0.004800
0101000 0.000443
0101001 0.000257
0101010 0.000086
0101011 0.000043
0101100 0.009757
0101101 0.004614
0101110 0.006386
0101111 0.004271
0110000 0.100457
0110001 0.052843
0110010 0.011486
0110011 0.014457
0110100 0.000043
0110101 0.000271
0110110 0.000000
0110111 0.000129
0111000 0.000271
0111001 0.001086
0111010 0.000000
0111011 0.000100
0111100 0.000114
0111101 0.001243
0111110 0.000000
0111111 0.000100
1000000 0.000157
1000001 0.000000
1000010 0.001557
1000011 0.000129
1000100 0.000057
1000101 0.000000
1000110 0.001314
1000111 0.000329
1001000 0.000086
1001001 0.000000
1001010 0.000214
1001011 0.000086
1001100 0.014229
1001101 0.011671
1001110 0.052814
1001111 0.098971
1010000 0.003971
1010001 0.006214
1010010 0.004571
1010011 0.008557
1010100 0.000000
1010101 0.000086
1010110 0.000229
1010111 0.000500
1011000 0.004271
1011001 0.007471
1011010 0.001871
1011011 0.007843
1011100 0.003757
1011101 0.024357
1011110 0.001086
1011111 0.032429
1100000 0.002586
1100001 0.000000
1100010 0.003871
1100011 0.000071
1100100 0.004400
1100101 0.000214
1100110 0.006057
1100111 0.001543
1101000 0.000300
1101001 0.000000
1101010 0.000114
1101011 0.000000
1101100 0.035371
1101101 0.013114
1101110 0.018371
1101111 0.009100
1110000 0.048057
1110001 0.023086
1110010 0.009071
1110011 0.007729
1110100 0.000229
1110101 0.000414
1110110 0.000071
1110111 0.000243
1111000 0.001643
1111001 0.002143
1111010 0.000043
1111011 0.000214
1111100 0.004086
1111101 0.013829
1111110 0.000243
1111111 0.002029
