0.000092
0.000301
0.002508
0.000832
0.000019
0.000517
0.014265
0.007477
0.001729
0.007587
0.005007
0.002805
0.000235
0.003964
0.008812
0.007596
0.024882
0.006913
0.003021
0.000670
0.008264
0.009188
0.007677
0.003832
0.227786
0.037134
0.005367
0.001275
0.025279
0.019916
0.005008
0.002626
0.000144
0.005587
0.013329
0.017435
0.000043
0.008643
0.077893
0.253655
0.000325
0.008954
0.003177
0.006722
0.000091
0.008715
0.011337
0.041945
0.004297
0.008899
0.002816
0.002418
0.001543
0.013502
0.010864
0.021332
0.002594
0.006070
0.000403
0.000881
0.000682
0.007997
0.001451
0.003670