00000000 0.015738
00000001 0.002263
00000010 0.004938
00000011 0.000175
00000100 0.000575
00000101 0.000200
00000110 0.001187
00000111 0.000575
00001000 0.000125
00001001 0.000013
00001010 0.000063
00001011 0.000000
00001100 0.000000
00001101 0.000000
00001110 0.000063
00001111 0.000037
00010000 0.002763
00010001 0.001575
00010010 0.002162
00010011 0.000162
00010100 0.000000
00010101 0.000050
00010110 0.000175
00010111 0.000325
00011000 0.000225
00011001 0.000025
00011010 0.000025
00011011 0.000013
00011100 0.000000
00011101 0.000013
00011110 0.000112
00011111 0.000100
00100000 0.005075
00100001 0.004675
00100010 0.010350
00100011 0.000900
00100100 0.000000
00100101 0.000237
00100110 0.000162
00100111 0.001187
00101000 0.000100
00101001 0.000138
00101010 0.000050
00101011 0.000000
00101100 0.000000
00101101 0.000013
00101110 0.000000
00101111 0.000100
00110000 0.010587
00110001 0.014687
00110010 0.036088
00110011 0.013450
00110100 0.000000
00110101 0.000063
00110110 0.000000
00110111 0.002437
00111000 0.000050
00111001 0.000025
00111010 0.000013
00111011 0.000000
00111100 0.000000
00111101 0.000000
00111110 0.000013
00111111 0.000013
01000000 0.020387
01000001 0.000175
01000010 0.000175
01000011 0.000000
01000100 0.014400
01000101 0.002275
01000110 0.005862
01000111 0.000487
01001000 0.015787
01001001 0.000050
01001010 0.000175
01001011 0.000013
01001100 0.166687
01001101 0.062050
01001110 0.058375
01001111 0.012750
01010000 0.000112
01010001 0.000000
01010010 0.000000
01010011 0.000000
01010100 0.000000
01010101 0.000025
01010110 0.000063
01010111 0.000013
01011000 0.000112
01011001 0.000000
01011010 0.000000
01011011 0.000000
01011100 0.000025
01011101 0.000175
01011110 0.000387
01011111 0.000387
01100000 0.000162
01100001 0.000475
01100010 0.000075
01100011 0.000000
01100100 0.000037
01100101 0.000825
01100110 0.000150
01100111 0.000050
01101000 0.000050
01101001 0.000138
01101010 0.000025
01101011 0.000000
01101100 0.000000
01101101 0.000338
01101110 0.000075
01101111 0.000138
01110000 0.000025
01110001 0.000000
01110010 0.000000
01110011 0.000000
01110100 0.000000
01110101 0.000000
01110110 0.000000
01110111 0.000025
01111000 0.000000
01111001 0.000000
01111010 0.000000
01111011 0.000000
01111100 0.000025
01111101 0.000000
01111110 0.000000
01111111 0.000000
10000000 0.000100
10000001 0.000013
10000010 0.000025
10000011 0.000000
10000100 0.000000
10000101 0.000000
10000110 0.000000
10000111 0.000000
10001000 0.000050
10001001 0.000013
10001010 0.000000
10001011 0.000000
10001100 0.000000
10001101 0.000000
10001110 0.000013
10001111 0.000000
10010000 0.000100
10010001 0.000075
10010010 0.000487
10010011 0.000000
10010100 0.000000
10010101 0.000037
10010110 0.000087
10010111 0.000025
10011000 0.000112
10011001 0.000162
10011010 0.000775
10011011 0.000050
10011100 0.000000
10011101 0.000063
10011110 0.000375
10011111 0.000112
10100000 0.000262
10100001 0.000300
10100010 0.000362
10100011 0.000050
10100100 0.000000
10100101 0.000000
10100110 0.000000
10100111 0.000075
10101000 0.000050
10101001 0.000037
10101010 0.000025
10101011 0.000013
10101100 0.000000
10101101 0.000000
10101110 0.000000
10101111 0.000075
10110000 0.012212
10110001 0.059562
10110010 0.063175
10110011 0.168662
10110100 0.000000
10110101 0.000112
10110110 0.000063
10110111 0.015175
10111000 0.000338
10111001 0.005638
10111010 0.002600
10111011 0.014225
10111100 0.000000
10111101 0.000212
10111110 0.000225
10111111 0.020175
11000000 0.000075
11000001 0.000000
11000010 0.000000
11000011 0.000000
11000100 0.000013
11000101 0.000000
11000110 0.000025
11000111 0.000050
11001000 0.001962
11001001 0.000037
11001010 0.000100
11001011 0.000050
11001100 0.013787
11001101 0.035625
11001110 0.013838
11001111 0.011088
11010000 0.000087
11010001 0.000000
11010010 0.000000
11010011 0.000000
11010100 0.000000
11010101 0.000037
11010110 0.000063
11010111 0.000025
11011000 0.001075
11011001 0.000125
11011010 0.000138
11011011 0.000087
11011100 0.000937
11011101 0.010775
11011110 0.004950
11011111 0.004625
11100000 0.000100
11100001 0.000100
11100010 0.000025
11100011 0.000013
11100100 0.000000
11100101 0.000037
11100110 0.000000
11100111 0.000112
11101000 0.000200
11101001 0.000087
11101010 0.000037
11101011 0.000100
11101100 0.000125
11101101 0.001975
11101110 0.001400
11101111 0.002612
11110000 0.000013
11110001 0.000000
11110010 0.000000
11110011 0.000000
11110100 0.000000
11110101 0.000063
11110110 0.000013
11110111 0.000188
11111000 0.000650
11111001 0.001388
11111010 0.000138
11111011 0.000513
11111100 0.000300
11111101 0.004975
11111110 0.002000
11111111 0.016625
