00000000 0.000000
00000001 0.000000
00000010 0.000000
00000011 0.000000
00000100 0.000000
00000101 0.000000
00000110 0.000000
00000111 0.000000
00001000 0.000063
00001001 0.000013
00001010 0.000025
00001011 0.000000
00001100 0.000375
00001101 0.000000
00001110 0.000538
00001111 0.000000
00010000 0.000588
00010001 0.000675
00010010 0.004363
00010011 0.002812
00010100 0.000000
00010101 0.000000
00010110 0.000175
00010111 0.000013
00011000 0.000562
00011001 0.000200
00011010 0.007488
00011011 0.000487
00011100 0.000000
00011101 0.000000
00011110 0.009125
00011111 0.000000
00100000 0.000000
00100001 0.000000
00100010 0.000000
00100011 0.000000
00100100 0.000000
00100101 0.000000
00100110 0.000000
00100111 0.000000
00101000 0.000338
00101001 0.001063
00101010 0.000000
00101011 0.000013
00101100 0.034087
00101101 0.002662
00101110 0.058600
00101111 0.002263
00110000 0.000013
00110001 0.000225
00110010 0.000037
00110011 0.001162
00110100 0.000013
00110101 0.000000
00110110 0.000200
00110111 0.000150
00111000 0.000037
00111001 0.000100
00111010 0.008887
00111011 0.002913
00111100 0.000037
00111101 0.000000
00111110 0.044437
00111111 0.003475
01000000 0.000000
01000001 0.002200
01000010 0.000000
01000011 0.000100
01000100 0.000013
01000101 0.000050
01000110 0.000000
01000111 0.000013
01001000 0.000075
01001001 0.001187
01001010 0.000025
01001011 0.000188
01001100 0.000525
01001101 0.000025
01001110 0.000450
01001111 0.000013
01010000 0.000325
01010001 0.016625
01010010 0.001362
01010011 0.017563
01010100 0.000000
01010101 0.000000
01010110 0.000050
01010111 0.000063
01011000 0.000138
01011001 0.000538
01011010 0.000513
01011011 0.000788
01011100 0.000000
01011101 0.000000
01011110 0.000362
01011111 0.000025
01100000 0.000000
01100001 0.000763
01100010 0.000000
01100011 0.000025
01100100 0.000000
01100101 0.000025
01100110 0.000013
01100111 0.000013
01101000 0.000200
01101001 0.030687
01101010 0.000000
01101011 0.002500
01101100 0.012775
01101101 0.065712
01101110 0.018912
01101111 0.057550
01110000 0.000000
01110001 0.006025
01110010 0.000025
01110011 0.012975
01110100 0.000000
01110101 0.000000
01110110 0.000037
01110111 0.000788
01111000 0.000037
01111001 0.003138
01111010 0.001950
01111011 0.030325
01111100 0.000013
01111101 0.000212
01111110 0.008063
01111111 0.015400
10000000 0.014837
10000001 0.008300
10000010 0.000237
10000011 0.000013
10000100 0.029325
10000101 0.001937
10000110 0.002925
10000111 0.000000
10001000 0.000663
10001001 0.000050
10001010 0.000000
10001011 0.000000
10001100 0.012650
10001101 0.000000
10001110 0.005575
10001111 0.000013
10010000 0.059850
10010001 0.018900
10010010 0.065125
10010011 0.012875
10010100 0.002812
10010101 0.000013
10010110 0.032813
10010111 0.000200
10011000 0.000013
10011001 0.000000
10011010 0.000063
10011011 0.000000
10011100 0.000087
10011101 0.000000
10011110 0.000763
10011111 0.000000
10100000 0.000000
10100001 0.000412
10100010 0.000000
10100011 0.000000
10100100 0.000812
10100101 0.000562
10100110 0.000475
10100111 0.000112
10101000 0.000075
10101001 0.000075
10101010 0.000000
10101011 0.000000
10101100 0.017550
10101101 0.001325
10101110 0.016650
10101111 0.000287
10110000 0.000000
10110001 0.000400
10110010 0.000025
10110011 0.000525
10110100 0.000188
10110101 0.000000
10110110 0.001063
10110111 0.000125
10111000 0.000000
10111001 0.000000
10111010 0.000063
10111011 0.000013
10111100 0.000075
10111101 0.000000
10111110 0.002150
10111111 0.000013
11000000 0.003775
11000001 0.044200
11000010 0.000037
11000011 0.000162
11000100 0.003063
11000101 0.007900
11000110 0.000200
11000111 0.000063
11001000 0.000175
11001001 0.000075
11001010 0.000000
11001011 0.000000
11001100 0.001213
11001101 0.000063
11001110 0.000138
11001111 0.000000
11010000 0.002300
11010001 0.057225
11010010 0.002375
11010011 0.033363
11010100 0.000013
11010101 0.000000
11010110 0.001025
11010111 0.000325
11011000 0.000000
11011001 0.000000
11011010 0.000000
11011011 0.000000
11011100 0.000000
11011101 0.000000
11011110 0.000000
11011111 0.000000
11100000 0.000000
11100001 0.008738
11100010 0.000000
11100011 0.000037
11100100 0.000500
11100101 0.008013
11100110 0.000112
11100111 0.000612
11101000 0.000000
11101001 0.000225
11101010 0.000000
11101011 0.000000
11101100 0.002600
11101101 0.004112
11101110 0.000625
11101111 0.000737
11110000 0.000000
11110001 0.000538
11110010 0.000000
11110011 0.000287
11110100 0.000000
11110101 0.000000
11110110 0.000050
11110111 0.000100
11111000 0.000000
11111001 0.000000
11111010 0.000000
11111011 0.000000
11111100 0.000000
11111101 0.000000
11111110 0.000000
11111111 0.000000
