0000000 0.000471
0000001 0.000000
0000010 0.007600
0000011 0.000057
0000100 0.002814
0000101 0.000043
0000110 0.004243
0000111 0.000114
0001000 0.000071
0001001 0.000000
0001010 0.004114
0001011 0.000057
0001100 0.040429
0001101 0.002400
0001110 0.073457
0001111 0.011257
0010000 0.004129
0010001 0.000086
0010010 0.010543
0010011 0.000529
0010100 0.015457
0010101 0.000171
0010110 0.003257
0010111 0.000100
0011000 0.000471
0011001 0.000000
0011010 0.002571
0011011 0.000314
0011100 0.114114
0011101 0.013171
0011110 0.027443
0011111 0.002086
0100000 0.000000
0100001 0.000000
0100010 0.000071
0100011 0.000043
0100100 0.000229
0100101 0.000414
0100110 0.000043
0100111 0.000157
0101000 0.000000
0101001 0.000000
0101010 0.000000
0101011 0.000014
0101100 0.001786
0101101 0.006386
0101110 0.000643
0101111 0.005657
0110000 0.002814
0110001 0.002786
0110010 0.001257
0110011 0.003971
0110100 0.008757
0110101 0.020400
0110110 0.000429
0110111 0.001829
0111000 0.000114
0111001 0.000614
0111010 0.000200
0111011 0.001171
0111100 0.024300
0111101 0.060100
0111110 0.001657
0111111 0.009829
1000000 0.010371
1000001 0.001500
1000010 0.061200
1000011 0.024000
1000100 0.001343
1000101 0.000086
1000110 0.000557
1000111 0.000157
1001000 0.002086
1001001 0.000414
1001010 0.019943
1001011 0.008929
1001100 0.004771
1001101 0.001200
1001110 0.003043
1001111 0.002600
1010000 0.005614
1010001 0.000614
1010010 0.006057
1010011 0.001486
1010100 0.000114
1010101 0.000057
1010110 0.000000
1010111 0.000000
1011000 0.000114
1011001 0.000043
1011010 0.000443
1011011 0.000214
1011100 0.000129
1011101 0.000086
1011110 0.000029
1011111 0.000000
1100000 0.002386
1100001 0.029171
1100010 0.013557
1100011 0.114629
1100100 0.000300
1100101 0.002414
1100110 0.000000
1100111 0.000500
1101000 0.000157
1101001 0.003243
1101010 0.000186
1101011 0.015500
1101100 0.000443
1101101 0.010414
1101110 0.000071
1101111 0.004571
1110000 0.011500
1110001 0.071429
1110010 0.002629
1110011 0.040929
1110100 0.000100
1110101 0.004429
1110110 0.000000
1110111 0.000100
1111000 0.000171
1111001 0.004286
1111010 0.000129
1111011 0.002529
1111100 0.000100
1111101 0.007400
1111110 0.000000
1111111 0.000543
