0.037345
0.003924
0.002085
0.001158
0.085364
0.003617
0.003989
0.000483
0.065962
0.003560
0.003937
0.000694
0.152225
0.004517
0.006830
0.000594
0.003836
0.000864
0.005227
0.005690
0.021840
0.002060
0.025938
0.010290
0.007146
0.000904
0.008816
0.003028
0.037447
0.002719
0.043497
0.008819
0.001060
0.023463
0.000085
0.019079
0.001744
0.001063
0.000102
0.000452
0.006010
0.027051
0.000494
0.015942
0.006292
0.003537
0.000319
0.001161
0.000106
0.005428
0.000130
0.120417
0.000584
0.001326
0.000471
0.023081
0.000657
0.006771
0.001170
0.113750
0.001838
0.004174
0.002249
0.045592