0000000 0.000443
0000001 0.000329
0000010 0.000086
0000011 0.000057
0000100 0.001214
0000101 0.000243
0000110 0.000071
0000111 0.000000
0001000 0.096514
0001001 0.029043
0001010 0.025986
0001011 0.003914
0001100 0.045071
0001101 0.000157
0001110 0.005800
0001111 0.000057
0010000 0.002186
0010001 0.011257
0010010 0.000771
0010011 0.002114
0010100 0.000229
0010101 0.000300
0010110 0.000014
0010111 0.000000
0011000 0.004714
0011001 0.053586
0011010 0.003429
0011011 0.011771
0011100 0.000000
0011101 0.000086
0011110 0.000014
0011111 0.000029
0100000 0.000057
0100001 0.000057
0100010 0.000057
0100011 0.000014
0100100 0.017271
0100101 0.003786
0100110 0.003829
0100111 0.000257
0101000 0.000857
0101001 0.000357
0101010 0.002414
0101011 0.000100
0101100 0.109586
0101101 0.002971
0101110 0.053086
0101111 0.000600
0110000 0.000014
0110001 0.000143
0110010 0.000014
0110011 0.000014
0110100 0.000086
0110101 0.000114
0110110 0.000043
0110111 0.000000
0111000 0.000057
0111001 0.001114
0111010 0.000086
0111011 0.000971
0111100 0.000071
0111101 0.000143
0111110 0.000129
0111111 0.000086
1000000 0.000114
1000001 0.000186
1000010 0.000243
1000011 0.000014
1000100 0.001171
1000101 0.000086
1000110 0.001014
1000111 0.000057
1001000 0.000086
1001001 0.000043
1001010 0.000129
1001011 0.000129
1001100 0.000029
1001101 0.000000
1001110 0.000200
1001111 0.000000
1010000 0.000429
1010001 0.053129
1010010 0.003129
1010011 0.108886
1010100 0.000171
1010101 0.002429
1010110 0.000300
1010111 0.000729
1011000 0.000386
1011001 0.003371
1011010 0.003900
1011011 0.017357
1011100 0.000014
1011101 0.000029
1011110 0.000057
1011111 0.000000
1100000 0.000000
1100001 0.000000
1100010 0.000057
1100011 0.000057
1100100 0.012114
1100101 0.003200
1100110 0.053314
1100111 0.004786
1101000 0.000086
1101001 0.000029
1101010 0.000543
1101011 0.000114
1101100 0.002114
1101101 0.000771
1101110 0.013071
1101111 0.002457
1110000 0.000029
1110001 0.006171
1110010 0.000143
1110011 0.046200
1110100 0.004386
1110101 0.026600
1110110 0.028786
1110111 0.095157
1111000 0.000029
1111001 0.000029
1111010 0.000300
1111011 0.001243
1111100 0.000043
1111101 0.000043
1111110 0.000257
1111111 0.000429
