000000 0.000317
000001 0.000367
000010 0.007050
000011 0.085367
000100 0.001900
000101 0.000050
000110 0.059650
000111 0.004817
001000 0.000533
001001 0.000100
001010 0.000150
001011 0.000083
001100 0.047117
001101 0.000150
001110 0.017433
001111 0.000067
010000 0.000050
010001 0.003250
010010 0.003200
010011 0.172050
010100 0.000000
010101 0.000050
010110 0.000233
010111 0.000483
011000 0.007067
011001 0.021017
011010 0.001267
011011 0.007983
011100 0.052133
011101 0.001200
011110 0.004533
011111 0.000650
100000 0.000683
100001 0.004400
100010 0.001317
100011 0.051417
100100 0.007433
100101 0.001633
100110 0.021383
100111 0.007200
101000 0.000750
101001 0.000317
101010 0.000083
101011 0.000017
101100 0.170867
101101 0.003150
101110 0.003300
101111 0.000117
110000 0.000100
110001 0.016983
110010 0.000050
110011 0.047000
110100 0.000017
110101 0.000200
110110 0.000050
110111 0.000467
111000 0.004833
111001 0.060700
111010 0.000083
111011 0.001650
111100 0.084933
111101 0.006950
111110 0.000300
111111 0.000233
