000000 0.012083
000001 0.008933
000010 0.004233
000011 0.005583
000100 0.034833
000101 0.004817
000110 0.004833
000111 0.001233
001000 0.002367
001001 0.002550
001010 0.039350
001011 0.081367
001100 0.000333
001101 0.000083
001110 0.007800
001111 0.013100
010000 0.000033
010001 0.000383
010010 0.000233
010011 0.001200
010100 0.000450
010101 0.000800
010110 0.009300
010111 0.011983
011000 0.000000
011001 0.000467
011010 0.003000
011011 0.144783
011100 0.000533
011101 0.000483
011110 0.019533
011111 0.081450
100000 0.081050
100001 0.018583
100010 0.000767
100011 0.000533
100100 0.148750
100101 0.003267
100110 0.000367
100111 0.000050
101000 0.011883
101001 0.009033
101010 0.000683
101011 0.000533
101100 0.001167
101101 0.000183
101110 0.000300
101111 0.000017
110000 0.012833
110001 0.007400
110010 0.000050
110011 0.000433
110100 0.083650
110101 0.037850
110110 0.001933
110111 0.002883
111000 0.001017
111001 0.004900
111010 0.004567
111011 0.035383
111100 0.005500
111101 0.003867
111110 0.009283
111111 0.012100
