0000000 0.000200
0000001 0.004271
0000010 0.019271
0000011 0.079829
0000100 0.000000
0000101 0.002729
0000110 0.000643
0000111 0.012057
0001000 0.000000
0001001 0.000043
0001010 0.004257
0001011 0.002643
0001100 0.000000
0001101 0.000071
0001110 0.000586
0001111 0.001857
0010000 0.009443
0010001 0.024800
0010010 0.031043
0010011 0.072800
0010100 0.000000
0010101 0.000514
0010110 0.000114
0010111 0.000757
0011000 0.001743
0011001 0.000314
0011010 0.013014
0011011 0.001686
0011100 0.000014
0011101 0.000043
0011110 0.000143
0011111 0.000171
0100000 0.000229
0100001 0.002986
0100010 0.000343
0100011 0.000800
0100100 0.000943
0100101 0.084143
0100110 0.000171
0100111 0.018200
0101000 0.000014
0101001 0.000000
0101010 0.000014
0101011 0.000000
0101100 0.000600
0101101 0.001157
0101110 0.000443
0101111 0.000914
0110000 0.006029
0110001 0.020243
0110010 0.000986
0110011 0.001086
0110100 0.005900
0110101 0.056671
0110110 0.000186
0110111 0.001314
0111000 0.001129
0111001 0.000457
0111010 0.000243
0111011 0.000043
0111100 0.003357
0111101 0.005000
0111110 0.000157
0111111 0.000271
1000000 0.000257
1000001 0.000243
1000010 0.004257
1000011 0.003786
1000100 0.000043
1000101 0.000243
1000110 0.000371
1000111 0.000886
1001000 0.001186
1001001 0.000200
1001010 0.057171
1001011 0.006114
1001100 0.001143
1001101 0.000843
1001110 0.019343
1001111 0.006314
1010000 0.000743
1010001 0.000243
1010010 0.001400
1010011 0.000557
1010100 0.000000
1010101 0.000000
1010110 0.000000
1010111 0.000000
1011000 0.018314
1011001 0.000286
1011010 0.084443
1011011 0.000900
1011100 0.000914
1011101 0.000257
1011110 0.003143
1011111 0.000143
1100000 0.000114
1100001 0.000129
1100010 0.000100
1100011 0.000014
1100100 0.001700
1100101 0.013657
1100110 0.000357
1100111 0.001643
1101000 0.000614
1101001 0.000100
1101010 0.000571
1101011 0.000000
1101100 0.072871
1101101 0.031957
1101110 0.024986
1101111 0.009000
1110000 0.001686
1110001 0.000643
1110010 0.000014
1110011 0.000000
1110100 0.002514
1110101 0.004914
1110110 0.000014
1110111 0.000029
1111000 0.011329
1111001 0.000614
1111010 0.002600
1111011 0.000014
1111100 0.079729
1111101 0.019100
1111110 0.004229
1111111 0.000214
