0.000368
0.000091
0.000906
0.000170
0.001110
0.000890
0.000064
0.000084
0.000229
0.000081
0.005140
0.001609
0.000251
0.000414
0.000131
0.000125
0.000050
0.000061
0.000238
0.000213
0.001507
0.006608
0.000176
0.000711
0.000015
0.000084
0.001249
0.003053
0.000417
0.003298
0.000202
0.001440
0.008953
0.009359
0.001939
0.001306
0.003586
0.006705
0.000124
0.000108
0.008417
0.009093
0.011270
0.008442
0.001679
0.004058
0.000325
0.000349
0.000423
0.002362
0.000105
0.000317
0.001289
0.008913
0.000032
0.000208
0.000437
0.002737
0.000729
0.003223
0.000620
0.007839
0.000166
0.000965
0.005181
0.002160
0.005494
0.001824
0.010456
0.010741
0.000589
0.000429
0.000644
0.000354
0.007572
0.003926
0.000544
0.000773
0.000216
0.000132
0.000253
0.000387
0.000231
0.000428
0.003475
0.014548
0.000208
0.000653
0.000029
0.000106
0.000594
0.001454
0.000080
0.001461
0.000100
0.000413
0.067584
0.035002
0.008577
0.003602
0.033907
0.032512
0.000814
0.000586
0.009278
0.006713
0.014928
0.007744
0.001919
0.003698
0.000341
0.000451
0.001614
0.004413
0.000231
0.000465
0.006096
0.020683
0.000084
0.000382
0.000253
0.001241
0.000522
0.001550
0.000454
0.003241
0.000028
0.000422
0.000038
0.000029
0.000707
0.000117
0.000226
0.000020
0.000035
0.000001
0.000050
0.000000
0.019181
0.003745
0.000075
0.000059
0.000488
0.000276
0.000014
0.000023
0.000917
0.000778
0.005529
0.009770
0.002840
0.004456
0.000043
0.000089
0.037025
0.038261
0.010106
0.019345
0.045556
0.074960
0.000174
0.000205
0.000322
0.000108
0.000208
0.000172
0.000056
0.000017
0.000619
0.000476
0.011074
0.005173
0.000340
0.000367
0.000311
0.000198
0.000051
0.000171
0.000153
0.000201
0.000818
0.003231
0.000186
0.000559
0.000302
0.000720
0.004358
0.008995
0.001886
0.007942
0.001833
0.008025
0.000523
0.000255
0.003701
0.000977
0.002392
0.001285
0.000470
0.000183
0.000192
0.000072
0.023921
0.008949
0.000339
0.000273
0.000589
0.000354
0.000099
0.000186
0.001097
0.001275
0.004240
0.012963
0.000931
0.002996
0.000035
0.000129
0.007845
0.011994
0.001199
0.006161
0.002408
0.012172
0.002363
0.000966
0.002842
0.000830
0.003324
0.001927
0.000272
0.000200
0.001425
0.000910
0.020158
0.008752
0.000419
0.000641
0.000416
0.000292
0.000314
0.000420
0.000455
0.000561
0.002355
0.005848
0.000197
0.000568
0.000317
0.000540
0.003845
0.005822
0.000545
0.003564
0.000617
0.002231