0000000 0.000000
0000001 0.000000
0000010 0.001686
0000011 0.025614
0000100 0.000029
0000101 0.000029
0000110 0.000429
0000111 0.001600
0001000 0.000343
0001001 0.000014
0001010 0.004600
0001011 0.003871
0001100 0.000129
0001101 0.000000
0001110 0.000114
0001111 0.000043
0010000 0.000000
0010001 0.000043
0010010 0.000114
0010011 0.022457
0010100 0.000057
0010101 0.004700
0010110 0.000100
0010111 0.008529
0011000 0.000614
0011001 0.000414
0011010 0.002486
0011011 0.006957
0011100 0.000671
0011101 0.000371
0011110 0.000129
0011111 0.000357
0100000 0.000171
0100001 0.000371
0100010 0.000671
0100011 0.001129
0100100 0.005729
0100101 0.002829
0100110 0.001686
0100111 0.001257
0101000 0.053071
0101001 0.000443
0101010 0.017857
0101011 0.000386
0101100 0.188029
0101101 0.000343
0101110 0.005500
0101111 0.000000
0110000 0.000000
0110001 0.000043
0110010 0.000000
0110011 0.000029
0110100 0.001986
0110101 0.004114
0110110 0.000071
0110111 0.000586
0111000 0.008129
0111001 0.000414
0111010 0.000257
0111011 0.000057
0111100 0.112900
0111101 0.003957
0111110 0.000186
0111111 0.000143
1000000 0.000043
1000001 0.000200
1000010 0.004186
1000011 0.110800
1000100 0.000100
1000101 0.000171
1000110 0.000457
1000111 0.007914
1001000 0.000543
1001001 0.000014
1001010 0.004400
1001011 0.001714
1001100 0.000029
1001101 0.000000
1001110 0.000071
1001111 0.000000
1010000 0.000000
1010001 0.005971
1010010 0.000343
1010011 0.188571
1010100 0.000571
1010101 0.018129
1010110 0.000786
1010111 0.053971
1011000 0.001414
1011001 0.001429
1011010 0.002857
1011011 0.005314
1011100 0.001143
1011101 0.001014
1011110 0.000286
1011111 0.000200
1100000 0.000186
1100001 0.000186
1100010 0.000571
1100011 0.000329
1100100 0.006800
1100101 0.002514
1100110 0.000400
1100111 0.000586
1101000 0.008714
1101001 0.000114
1101010 0.004871
1101011 0.000071
1101100 0.022357
1101101 0.000057
1101110 0.000129
1101111 0.000000
1110000 0.000000
1110001 0.000043
1110010 0.000000
1110011 0.000100
1110100 0.003829
1110101 0.004900
1110110 0.000014
1110111 0.000300
1111000 0.001800
1111001 0.000371
1111010 0.000029
1111011 0.000043
1111100 0.026071
1111101 0.001429
1111110 0.000000
1111111 0.000000
