000000 0.006867
000001 0.007383
000010 0.029400
000011 0.014867
000100 0.000217
000101 0.000367
000110 0.000667
000111 0.000533
001000 0.041250
001001 0.014867
001010 0.042817
001011 0.006500
001100 0.002117
001101 0.000483
001110 0.003117
001111 0.000133
010000 0.000000
010001 0.000017
010010 0.003850
010011 0.000067
010100 0.000500
010101 0.000233
010110 0.033767
010111 0.000267
011000 0.000383
011001 0.000233
011010 0.032050
011011 0.000183
011100 0.019250
011101 0.000800
011110 0.237800
011111 0.000183
100000 0.000200
100001 0.236367
100010 0.000667
100011 0.019033
100100 0.000150
100101 0.030933
100110 0.000250
100111 0.000283
101000 0.000100
101001 0.032600
101010 0.000317
101011 0.000817
101100 0.000000
101101 0.003533
101110 0.000000
101111 0.000033
110000 0.000150
110001 0.002933
110010 0.000567
110011 0.002150
110100 0.006683
110101 0.041567
110110 0.015133
110111 0.040150
111000 0.000700
111001 0.000617
111010 0.000350
111011 0.000150
111100 0.015033
111101 0.030617
111110 0.007717
111111 0.008000
