000000 0.000050
000001 0.000217
000010 0.002333
000011 0.000100
000100 0.000000
000101 0.000317
000110 0.001550
000111 0.000833
001000 0.007383
001001 0.012100
001010 0.064917
001011 0.002400
001100 0.000167
001101 0.004850
001110 0.007867
001111 0.010750
010000 0.048917
010001 0.009900
010010 0.003800
010011 0.000000
010100 0.003333
010101 0.004867
010110 0.002400
010111 0.000200
011000 0.158233
011001 0.089767
011010 0.010733
011011 0.000150
011100 0.005400
011101 0.043733
011110 0.003267
011111 0.000333
100000 0.000500
100001 0.003333
100010 0.042267
100011 0.005483
100100 0.000133
100101 0.011500
100110 0.088633
100111 0.158567
101000 0.000150
101001 0.002167
101010 0.004950
101011 0.003167
101100 0.000050
101101 0.003933
101110 0.008783
101111 0.047250
110000 0.010633
110001 0.007533
110010 0.004450
110011 0.000183
110100 0.002683
110101 0.066733
110110 0.012933
110111 0.006350
111000 0.000767
111001 0.001650
111010 0.000367
111011 0.000000
111100 0.000000
111101 0.002517
111110 0.000333
111111 0.000067
