0000000 0.019086
0000001 0.032657
0000010 0.000271
0000011 0.013929
0000100 0.010157
0000101 0.002271
0000110 0.000614
0000111 0.000129
0001000 0.004129
0001001 0.000429
0001010 0.000371
0001011 0.000186
0001100 0.030100
0001101 0.000314
0001110 0.002243
0001111 0.000157
0010000 0.020086
0010001 0.161243
0010010 0.000200
0010011 0.043857
0010100 0.001029
0010101 0.000729
0010110 0.000114
0010111 0.000014
0011000 0.052100
0011001 0.019743
0011010 0.002029
0011011 0.030943
0011100 0.018600
0011101 0.000557
0011110 0.001457
0011111 0.000043
0100000 0.000186
0100001 0.000300
0100010 0.000057
0100011 0.000229
0100100 0.004543
0100101 0.000271
0100110 0.000629
0100111 0.000100
0101000 0.000029
0101001 0.000000
0101010 0.000086
0101011 0.000000
0101100 0.009400
0101101 0.000014
0101110 0.003843
0101111 0.000071
0110000 0.000114
0110001 0.003186
0110010 0.000000
0110011 0.000357
0110100 0.000129
0110101 0.000071
0110110 0.000043
0110111 0.000000
0111000 0.000829
0111001 0.000271
0111010 0.000614
0111011 0.000257
0111100 0.006529
0111101 0.000086
0111110 0.002571
0111111 0.000057
1000000 0.000129
1000001 0.002814
1000010 0.000143
1000011 0.006229
1000100 0.000414
1000101 0.000471
1000110 0.000243
1000111 0.000643
1001000 0.000043
1001001 0.000029
1001010 0.000071
1001011 0.000143
1001100 0.000214
1001101 0.000014
1001110 0.002971
1001111 0.000186
1010000 0.000043
1010001 0.003614
1010010 0.000000
1010011 0.009700
1010100 0.000000
1010101 0.000157
1010110 0.000000
1010111 0.000100
1011000 0.000143
1011001 0.000786
1011010 0.000286
1011011 0.004029
1011100 0.000114
1011101 0.000057
1011110 0.000329
1011111 0.000229
1100000 0.000086
1100001 0.001400
1100010 0.000286
1100011 0.018371
1100100 0.029057
1100101 0.002214
1100110 0.018129
1100111 0.051929
1101000 0.000043
1101001 0.000057
1101010 0.000514
1101011 0.000971
1101100 0.044743
1101101 0.000257
1101110 0.158486
1101111 0.019271
1110000 0.000086
1110001 0.002243
1110010 0.000186
1110011 0.028486
1110100 0.000286
1110101 0.000329
1110110 0.000414
1110111 0.003714
1111000 0.000257
1111001 0.000814
1111010 0.002129
1111011 0.009986
1111100 0.012614
1111101 0.000243
1111110 0.032571
1111111 0.019029
