00000000 0.000000
00000001 0.000037
00000010 0.000000
00000011 0.000125
00000100 0.000063
00000101 0.000375
00000110 0.000200
00000111 0.000063
00001000 0.000050
00001001 0.000050
00001010 0.000188
00001011 0.000000
00001100 0.003225
00001101 0.000212
00001110 0.001025
00001111 0.000000
00010000 0.000000
00010001 0.000313
00010010 0.000063
00010011 0.010438
00010100 0.000162
00010101 0.001825
00010110 0.000963
00010111 0.008287
00011000 0.000025
00011001 0.000200
00011010 0.000850
00011011 0.005150
00011100 0.014538
00011101 0.003400
00011110 0.008775
00011111 0.012775
00100000 0.000087
00100001 0.000162
00100010 0.000037
00100011 0.000063
00100100 0.000225
00100101 0.000075
00100110 0.000138
00100111 0.000000
00101000 0.019125
00101001 0.000400
00101010 0.026312
00101011 0.000100
00101100 0.028225
00101101 0.000200
00101110 0.004550
00101111 0.000000
00110000 0.000013
00110001 0.000438
00110010 0.000713
00110011 0.012075
00110100 0.000037
00110101 0.000237
00110110 0.000750
00110111 0.000675
00111000 0.002087
00111001 0.000963
00111010 0.069900
00111011 0.017513
00111100 0.014812
00111101 0.001112
00111110 0.165675
00111111 0.005313
01000000 0.000000
01000001 0.000138
01000010 0.000013
01000011 0.000212
01000100 0.000325
01000101 0.000450
01000110 0.000262
01000111 0.000075
01001000 0.000013
01001001 0.000000
01001010 0.000262
01001011 0.000037
01001100 0.003300
01001101 0.000225
01001110 0.001337
01001111 0.000000
01010000 0.000000
01010001 0.000087
01010010 0.000000
01010011 0.004412
01010100 0.000100
01010101 0.000663
01010110 0.000450
01010111 0.004325
01011000 0.000000
01011001 0.000000
01011010 0.000125
01011011 0.000475
01011100 0.000975
01011101 0.000438
01011110 0.001512
01011111 0.002413
01100000 0.000175
01100001 0.000250
01100010 0.000025
01100011 0.000037
01100100 0.000162
01100101 0.000075
01100110 0.000138
01100111 0.000025
01101000 0.007950
01101001 0.000188
01101010 0.004450
01101011 0.000050
01101100 0.010400
01101101 0.000162
01101110 0.004600
01101111 0.000000
01110000 0.000000
01110001 0.000188
01110010 0.000037
01110011 0.000225
01110100 0.000000
01110101 0.000112
01110110 0.000037
01110111 0.000037
01111000 0.000063
01111001 0.000050
01111010 0.000162
01111011 0.000075
01111100 0.000700
01111101 0.000087
01111110 0.000750
01111111 0.000087
10000000 0.000037
10000001 0.000663
10000010 0.000125
10000011 0.000725
10000100 0.000063
10000101 0.000100
10000110 0.000037
10000111 0.000025
10001000 0.000037
10001001 0.000087
10001010 0.000087
10001011 0.000000
10001100 0.000188
10001101 0.000025
10001110 0.000150
10001111 0.000000
10010000 0.000000
10010001 0.003687
10010010 0.000087
10010011 0.009750
10010100 0.000013
10010101 0.004087
10010110 0.000237
10010111 0.008388
10011000 0.000000
10011001 0.000087
10011010 0.000100
10011011 0.000125
10011100 0.000063
10011101 0.000037
10011110 0.000287
10011111 0.000175
10100000 0.002162
10100001 0.001687
10100010 0.000375
10100011 0.001213
10100100 0.000513
10100101 0.000138
10100110 0.000013
10100111 0.000000
10101000 0.004375
10101001 0.000250
10101010 0.000575
10101011 0.000112
10101100 0.004375
10101101 0.000013
10101110 0.000112
10101111 0.000000
10110000 0.000000
10110001 0.001337
10110010 0.000138
10110011 0.003263
10110100 0.000013
10110101 0.000175
10110110 0.000037
10110111 0.000050
10111000 0.000037
10111001 0.000262
10111010 0.000412
10111011 0.000438
10111100 0.000262
10111101 0.000013
10111110 0.000075
10111111 0.000000
11000000 0.004812
11000001 0.167687
11000010 0.001300
11000011 0.014937
11000100 0.017513
11000101 0.070737
11000110 0.001012
11000111 0.001675
11001000 0.000487
11001001 0.000775
11001010 0.000200
11001011 0.000025
11001100 0.012750
11001101 0.000425
11001110 0.000750
11001111 0.000025
11010000 0.000000
11010001 0.004387
11010010 0.000150
11010011 0.028975
11010100 0.000050
11010101 0.026363
11010110 0.000475
11010111 0.018875
11011000 0.000000
11011001 0.000063
11011010 0.000050
11011011 0.000087
11011100 0.000075
11011101 0.000037
11011110 0.000275
11011111 0.000075
11100000 0.012488
11100001 0.008887
11100010 0.002775
11100011 0.014475
11100100 0.004237
11100101 0.000800
11100110 0.000150
11100111 0.000063
11101000 0.008087
11101001 0.000812
11101010 0.001888
11101011 0.000162
11101100 0.010075
11101101 0.000050
11101110 0.000275
11101111 0.000000
11110000 0.000000
11110001 0.000850
11110010 0.000237
11110011 0.003187
11110100 0.000000
11110101 0.000212
11110110 0.000037
11110111 0.000063
11111000 0.000025
11111001 0.000162
11111010 0.000450
11111011 0.000087
11111100 0.000162
11111101 0.000000
11111110 0.000063
11111111 0.000000
