0000000 0.000000
0000001 0.000000
0000010 0.000071
0000011 0.000114
0000100 0.000157
0000101 0.000100
0000110 0.092543
0000111 0.021086
0001000 0.000400
0001001 0.002629
0001010 0.000086
0001011 0.000371
0001100 0.052257
0001101 0.029057
0001110 0.058114
0001111 0.042900
0010000 0.000000
0010001 0.000014
0010010 0.000600
0010011 0.000586
0010100 0.000000
0010101 0.000000
0010110 0.017700
0010111 0.006829
0011000 0.000157
0011001 0.001143
0011010 0.000014
0011011 0.000571
0011100 0.000414
0011101 0.000100
0011110 0.000671
0011111 0.004286
0100000 0.003857
0100001 0.000000
0100010 0.000414
0100011 0.000014
0100100 0.048714
0100101 0.000100
0100110 0.016071
0100111 0.000329
0101000 0.015586
0101001 0.002171
0101010 0.000014
0101011 0.000000
0101100 0.067457
0101101 0.004329
0101110 0.000243
0101111 0.000000
0110000 0.001157
0110001 0.000100
0110010 0.001943
0110011 0.000300
0110100 0.000943
0110101 0.000000
0110110 0.001986
0110111 0.000029
0111000 0.001800
0111001 0.000643
0111010 0.000014
0111011 0.000000
0111100 0.000486
0111101 0.000014
0111110 0.000000
0111111 0.000000
1000000 0.000000
1000001 0.000000
1000010 0.000057
1000011 0.000429
1000100 0.000000
1000101 0.000029
1000110 0.000586
1000111 0.001943
1001000 0.000000
1001001 0.001871
1001010 0.000000
1001011 0.001029
1001100 0.000286
1001101 0.001786
1001110 0.000114
1001111 0.001529
1010000 0.000000
1010001 0.000143
1010010 0.003600
1010011 0.066214
1010100 0.000000
1010101 0.000000
1010110 0.002543
1010111 0.015543
1011000 0.000300
1011001 0.016043
1011010 0.000014
1011011 0.050043
1011100 0.000000
1011101 0.000429
1011110 0.000000
1011111 0.003529
1100000 0.004257
1100001 0.000643
1100010 0.000157
1100011 0.000343
1100100 0.000671
1100101 0.000000
1100110 0.001157
1100111 0.000257
1101000 0.006900
1101001 0.018286
1101010 0.000000
1101011 0.000029
1101100 0.000686
1101101 0.000557
1101110 0.000029
1101111 0.000000
1110000 0.041171
1110001 0.055786
1110010 0.028929
1110011 0.051543
1110100 0.000400
1110101 0.000186
1110110 0.002529
1110111 0.000643
1111000 0.020057
1111001 0.092671
1111010 0.000043
1111011 0.000371
1111100 0.000171
1111101 0.000114
1111110 0.000000
1111111 0.000000
