00000000 0.000000
00000001 0.000050
00000010 0.004012
00000011 0.006900
00000100 0.000050
00000101 0.000162
00000110 0.000350
00000111 0.000212
00001000 0.000000
00001001 0.000625
00001010 0.000750
00001011 0.006788
00001100 0.001375
00001101 0.051500
00001110 0.000500
00001111 0.005862
00010000 0.000000
00010001 0.000000
00010010 0.000675
00010011 0.000188
00010100 0.000100
00010101 0.000175
00010110 0.000988
00010111 0.000338
00011000 0.000000
00011001 0.000000
00011010 0.000500
00011011 0.001337
00011100 0.008350
00011101 0.091762
00011110 0.006525
00011111 0.020175
00100000 0.000000
00100001 0.000175
00100010 0.000162
00100011 0.017612
00100100 0.000000
00100101 0.000138
00100110 0.000000
00100111 0.000000
00101000 0.000025
00101001 0.005587
00101010 0.000000
00101011 0.005812
00101100 0.000000
00101101 0.017950
00101110 0.000000
00101111 0.000362
00110000 0.000000
00110001 0.000000
00110010 0.000663
00110011 0.001275
00110100 0.000000
00110101 0.000100
00110110 0.000000
00110111 0.000063
00111000 0.000000
00111001 0.000588
00111010 0.000262
00111011 0.013088
00111100 0.000262
00111101 0.090737
00111110 0.000037
00111111 0.003012
01000000 0.000025
01000001 0.000000
01000010 0.001500
01000011 0.000063
01000100 0.000188
01000101 0.000000
01000110 0.000050
01000111 0.000000
01001000 0.000000
01001001 0.000013
01001010 0.000075
01001011 0.000025
01001100 0.000300
01001101 0.000262
01001110 0.000013
01001111 0.000000
01010000 0.000025
01010001 0.000000
01010010 0.011237
01010011 0.000175
01010100 0.001538
01010101 0.000025
01010110 0.004738
01010111 0.000025
01011000 0.000000
01011001 0.000000
01011010 0.001275
01011011 0.000025
01011100 0.019762
01011101 0.000675
01011110 0.005875
01011111 0.000013
01100000 0.000112
01100001 0.000338
01100010 0.002662
01100011 0.003200
01100100 0.000025
01100101 0.000025
01100110 0.000000
01100111 0.000000
01101000 0.000175
01101001 0.000825
01101010 0.000125
01101011 0.000100
01101100 0.000050
01101101 0.000425
01101110 0.000000
01101111 0.000000
01110000 0.000612
01110001 0.000350
01110010 0.039762
01110011 0.008613
01110100 0.001050
01110101 0.000400
01110110 0.001138
01110111 0.000112
01111000 0.000275
01111001 0.000775
01111010 0.004075
01111011 0.001012
01111100 0.010175
01111101 0.006425
01111110 0.000550
01111111 0.000025
10000000 0.000112
10000001 0.000825
10000010 0.006437
10000011 0.009625
10000100 0.001175
10000101 0.003700
10000110 0.000800
10000111 0.000225
10001000 0.000050
10001001 0.000913
10001010 0.000487
10001011 0.001050
10001100 0.008250
10001101 0.040262
10001110 0.000275
10001111 0.000713
10010000 0.000000
10010001 0.000000
10010010 0.000575
10010011 0.000013
10010100 0.000050
10010101 0.000100
10010110 0.000800
10010111 0.000100
10011000 0.000000
10011001 0.000000
10011010 0.000000
10011011 0.000025
10011100 0.003063
10011101 0.002213
10011110 0.000262
10011111 0.000100
10100000 0.000000
10100001 0.006038
10100010 0.000525
10100011 0.020837
10100100 0.000013
10100101 0.001187
10100110 0.000000
10100111 0.000000
10101000 0.000025
10101001 0.004712
10101010 0.000000
10101011 0.001500
10101100 0.000188
10101101 0.011562
10101110 0.000000
10101111 0.000050
10110000 0.000000
10110001 0.000013
10110010 0.000225
10110011 0.000162
10110100 0.000013
10110101 0.000125
10110110 0.000000
10110111 0.000000
10111000 0.000000
10111001 0.000013
10111010 0.000025
10111011 0.000162
10111100 0.000150
10111101 0.001362
10111110 0.000000
10111111 0.000025
11000000 0.002863
11000001 0.000050
11000010 0.089487
11000011 0.000275
11000100 0.012438
11000101 0.000237
11000110 0.000538
11000111 0.000000
11001000 0.000025
11001001 0.000000
11001010 0.000087
11001011 0.000013
11001100 0.001063
11001101 0.000375
11001110 0.000063
11001111 0.000000
11010000 0.000287
11010001 0.000000
11010010 0.017925
11010011 0.000000
11010100 0.005763
11010101 0.000000
11010110 0.006412
11010111 0.000000
11011000 0.000000
11011001 0.000000
11011010 0.000100
11011011 0.000000
11011100 0.017012
11011101 0.000237
11011110 0.000362
11011111 0.000000
11100000 0.019762
11100001 0.006425
11100010 0.094262
11100011 0.007675
11100100 0.001475
11100101 0.000562
11100110 0.000000
11100111 0.000000
11101000 0.000237
11101001 0.000988
11101010 0.000112
11101011 0.000050
11101100 0.000212
11101101 0.000725
11101110 0.000000
11101111 0.000000
11110000 0.005387
11110001 0.000612
11110010 0.052175
11110011 0.001138
11110100 0.006500
11110101 0.000663
11110110 0.000675
11110111 0.000013
11111000 0.000200
11111001 0.000350
11111010 0.000162
11111011 0.000025
11111100 0.007050
11111101 0.003600
11111110 0.000025
11111111 0.000000
