0000000 0.000929
0000001 0.019529
0000010 0.002386
0000011 0.064029
0000100 0.002386
0000101 0.000143
0000110 0.000071
0000111 0.000000
0001000 0.000000
0001001 0.000100
0001010 0.001014
0001011 0.051243
0001100 0.000000
0001101 0.000000
0001110 0.000000
0001111 0.000043
0010000 0.000257
0010001 0.093157
0010010 0.000000
0010011 0.004171
0010100 0.002686
0010101 0.007657
0010110 0.000000
0010111 0.000000
0011000 0.000000
0011001 0.001629
0011010 0.000000
0011011 0.038357
0011100 0.000014
0011101 0.000171
0011110 0.000000
0011111 0.000043
0100000 0.000914
0100001 0.001129
0100010 0.000157
0100011 0.000086
0100100 0.006171
0100101 0.000086
0100110 0.000057
0100111 0.000000
0101000 0.000214
0101001 0.000386
0101010 0.003843
0101011 0.016371
0101100 0.000900
0101101 0.000143
0101110 0.001000
0101111 0.000786
0110000 0.000414
0110001 0.019614
0110010 0.000000
0110011 0.000114
0110100 0.012271
0110101 0.016029
0110110 0.000000
0110111 0.000000
0111000 0.000900
0111001 0.038371
0111010 0.000400
0111011 0.025043
0111100 0.008086
0111101 0.054314
0111110 0.000686
0111111 0.001900
1000000 0.001929
1000001 0.000371
1000010 0.055743
1000011 0.007371
1000100 0.025057
1000101 0.000543
1000110 0.036871
1000111 0.001029
1001000 0.000000
1001001 0.000000
1001010 0.016271
1001011 0.011929
1001100 0.000043
1001101 0.000000
1001110 0.020271
1001111 0.000386
1010000 0.000729
1010001 0.000786
1010010 0.000143
1010011 0.000800
1010100 0.016071
1010101 0.003929
1010110 0.000329
1010111 0.000114
1011000 0.000000
1011001 0.000143
1011010 0.000014
1011011 0.005857
1011100 0.000171
1011101 0.000143
1011110 0.000943
1011111 0.000586
1100000 0.000100
1100001 0.000000
1100010 0.000143
1100011 0.000014
1100100 0.038143
1100101 0.000000
1100110 0.001800
1100111 0.000000
1101000 0.000000
1101001 0.000000
1101010 0.007186
1101011 0.002743
1101100 0.003900
1101101 0.000000
1101110 0.091514
1101111 0.000357
1110000 0.000000
1110001 0.000029
1110010 0.000029
1110011 0.000000
1110100 0.052743
1110101 0.000857
1110110 0.000043
1110111 0.000000
1111000 0.000000
1111001 0.000014
1111010 0.000129
1111011 0.002714
1111100 0.064871
1111101 0.002414
1111110 0.018871
1111111 0.000800
