0000000 0.002129
0000001 0.001500
0000010 0.010143
0000011 0.003100
0000100 0.000543
0000101 0.002414
0000110 0.005457
0000111 0.010929
0001000 0.002071
0001001 0.001357
0001010 0.000171
0001011 0.000086
0001100 0.001071
0001101 0.013571
0001110 0.000443
0001111 0.002714
0010000 0.000000
0010001 0.000000
0010010 0.002571
0010011 0.000371
0010100 0.000000
0010101 0.000014
0010110 0.001557
0010111 0.001129
0011000 0.000186
0011001 0.000257
0011010 0.001171
0011011 0.000329
0011100 0.000314
0011101 0.001771
0011110 0.002900
0011111 0.007000
0100000 0.092000
0100001 0.020829
0100010 0.028786
0100011 0.003057
0100100 0.005414
0100101 0.016357
0100110 0.003629
0100111 0.003886
0101000 0.023071
0101001 0.018071
0101010 0.000257
0101011 0.000100
0101100 0.005743
0101101 0.041929
0101110 0.000243
0101111 0.000371
0110000 0.006014
0110001 0.000714
0110010 0.038257
0110011 0.002029
0110100 0.000271
0110101 0.000100
0110110 0.004400
0110111 0.003643
0111000 0.033486
0111001 0.009200
0111010 0.005600
0111011 0.001057
0111100 0.008029
0111101 0.031014
0111110 0.003800
0111111 0.008957
1000000 0.009129
1000001 0.003757
1000010 0.031686
1000011 0.008500
1000100 0.001186
1000101 0.005786
1000110 0.008914
1000111 0.034314
1001000 0.003500
1001001 0.004400
1001010 0.000143
1001011 0.000271
1001100 0.002243
1001101 0.037400
1001110 0.000543
1001111 0.005771
1010000 0.000443
1010001 0.000300
1010010 0.040443
1010011 0.005343
1010100 0.000071
1010101 0.000314
1010110 0.018357
1010111 0.022357
1011000 0.004114
1011001 0.003600
1011010 0.016700
1011011 0.005443
1011100 0.002714
1011101 0.028914
1011110 0.020500
1011111 0.092914
1100000 0.006529
1100001 0.002914
1100010 0.001900
1100011 0.000200
1100100 0.000443
1100101 0.001043
1100110 0.000200
1100111 0.000200
1101000 0.001886
1101001 0.001829
1101010 0.000000
1101011 0.000014
1101100 0.000243
1101101 0.002829
1101110 0.000014
1101111 0.000000
1110000 0.002414
1110001 0.000557
1110010 0.014286
1110011 0.001114
1110100 0.000129
1110101 0.000214
1110110 0.001486
1110111 0.002614
1111000 0.010757
1111001 0.005943
1111010 0.003057
1111011 0.000686
1111100 0.002986
1111101 0.010243
1111110 0.001543
1111111 0.002257
