0000000 0.000000
0000001 0.000000
0000010 0.000057
0000011 0.000571
0000100 0.000043
0000101 0.000514
0000110 0.001300
0000111 0.089386
0001000 0.000257
0001001 0.000629
0001010 0.001057
0001011 0.025343
0001100 0.000029
0001101 0.000371
0001110 0.000157
0001111 0.032700
0010000 0.000257
0010001 0.000000
0010010 0.000486
0010011 0.000100
0010100 0.000229
0010101 0.000157
0010110 0.001343
0010111 0.000986
0011000 0.002829
0011001 0.000614
0011010 0.001129
0011011 0.000229
0011100 0.000243
0011101 0.000243
0011110 0.000071
0011111 0.000043
0100000 0.000029
0100001 0.000286
0100010 0.000700
0100011 0.040443
0100100 0.000043
0100101 0.000629
0100110 0.000571
0100111 0.099829
0101000 0.000086
0101001 0.000457
0101010 0.000471
0101011 0.005229
0101100 0.000000
0101101 0.000071
0101110 0.000000
0101111 0.000571
0110000 0.031257
0110001 0.001157
0110010 0.083571
0110011 0.008657
0110100 0.003271
0110101 0.001443
0110110 0.028786
0110111 0.009114
0111000 0.018429
0111001 0.001871
0111010 0.002143
0111011 0.000643
0111100 0.000000
0111101 0.000000
0111110 0.000000
0111111 0.000000
1000000 0.000000
1000001 0.000014
1000010 0.000000
1000011 0.000014
1000100 0.000686
1000101 0.002014
1000110 0.001971
1000111 0.019386
1001000 0.008857
1001001 0.027171
1001010 0.001371
1001011 0.003100
1001100 0.008329
1001101 0.080700
1001110 0.001571
1001111 0.031457
1010000 0.000457
1010001 0.000000
1010010 0.000029
1010011 0.000000
1010100 0.005643
1010101 0.000214
1010110 0.000471
1010111 0.000100
1011000 0.098986
1011001 0.000971
1011010 0.000786
1011011 0.000100
1011100 0.039171
1011101 0.000886
1011110 0.000300
1011111 0.000057
1100000 0.000043
1100001 0.000114
1100010 0.000171
1100011 0.000200
1100100 0.000229
1100101 0.001386
1100110 0.000543
1100111 0.002843
1101000 0.000771
1101001 0.001271
1101010 0.000143
1101011 0.000257
1101100 0.000086
1101101 0.000429
1101110 0.000029
1101111 0.000286
1110000 0.033057
1110001 0.000386
1110010 0.000400
1110011 0.000014
1110100 0.025486
1110101 0.001314
1110110 0.000771
1110111 0.000186
1111000 0.089614
1111001 0.001257
1111010 0.000414
1111011 0.000100
1111100 0.000443
1111101 0.000143
1111110 0.000000
1111111 0.000000
