000000 0.000267
000001 0.000783
000010 0.058583
000011 0.006250
000100 0.001000
000101 0.031050
000110 0.004800
000111 0.032583
001000 0.003750
001001 0.000117
001010 0.049933
001011 0.000550
001100 0.000617
001101 0.001783
001110 0.001133
001111 0.001083
010000 0.000167
010001 0.000267
010010 0.051933
010011 0.004600
010100 0.000550
010101 0.068583
010110 0.012667
010111 0.089750
011000 0.003650
011001 0.000100
011010 0.057200
011011 0.000733
011100 0.001267
011101 0.007150
011110 0.005667
011111 0.005500
100000 0.005633
100001 0.005017
100010 0.006167
100011 0.001250
100100 0.001033
100101 0.055250
100110 0.000117
100111 0.003633
101000 0.087333
101001 0.011267
101010 0.066183
101011 0.000850
101100 0.004500
101101 0.051200
101110 0.000200
101111 0.000200
110000 0.001033
110001 0.001150
110010 0.002250
110011 0.000483
110100 0.000583
110101 0.050767
110110 0.000183
110111 0.003533
111000 0.032517
111001 0.003967
111010 0.030867
111011 0.000833
111100 0.006383
111101 0.059633
111110 0.000633
111111 0.000217
