0000000 0.000186
0000001 0.016429
0000010 0.000014
0000011 0.000571
0000100 0.000314
0000101 0.094457
0000110 0.000114
0000111 0.002471
0001000 0.010014
0001001 0.102714
0001010 0.001086
0001011 0.000129
0001100 0.042629
0001101 0.156600
0001110 0.005929
0001111 0.001543
0010000 0.000014
0010001 0.000057
0010010 0.000000
0010011 0.000571
0010100 0.000014
0010101 0.000214
0010110 0.000114
0010111 0.001771
0011000 0.000043
0011001 0.000000
0011010 0.000171
0011011 0.000071
0011100 0.000200
0011101 0.000100
0011110 0.000843
0011111 0.000871
0100000 0.000143
0100001 0.000114
0100010 0.000014
0100011 0.000043
0100100 0.000100
0100101 0.000000
0100110 0.000029
0100111 0.000000
0101000 0.004743
0101001 0.000300
0101010 0.000929
0101011 0.000014
0101100 0.010186
0101101 0.000100
0101110 0.002757
0101111 0.000000
0110000 0.000100
0110001 0.000100
0110010 0.001071
0110011 0.000871
0110100 0.000029
0110101 0.000000
0110110 0.000314
0110111 0.000057
0111000 0.001829
0111001 0.000057
0111010 0.006271
0111011 0.000071
0111100 0.003471
0111101 0.000000
0111110 0.025029
0111111 0.000071
1000000 0.000243
1000001 0.024286
1000010 0.000014
1000011 0.003643
1000100 0.000114
1000101 0.006100
1000110 0.000014
1000111 0.001400
1001000 0.000057
1001001 0.000457
1001010 0.000000
1001011 0.000000
1001100 0.000857
1001101 0.001171
1001110 0.000043
1001111 0.000243
1010000 0.000000
1010001 0.001971
1010010 0.000043
1010011 0.010643
1010100 0.000000
1010101 0.001043
1010110 0.000271
1010111 0.005071
1011000 0.000000
1011001 0.000000
1011010 0.000000
1011011 0.000043
1011100 0.000071
1011101 0.000043
1011110 0.000086
1011111 0.000129
1100000 0.000757
1100001 0.001229
1100010 0.000114
1100011 0.000143
1100100 0.000071
1100101 0.000171
1100110 0.000000
1100111 0.000071
1101000 0.001686
1101001 0.000043
1101010 0.000243
1101011 0.000029
1101100 0.000657
1101101 0.000029
1101110 0.000229
1101111 0.000000
1110000 0.001843
1110001 0.005271
1110010 0.155243
1110011 0.043957
1110100 0.000157
1110101 0.001171
1110110 0.104700
1110111 0.009257
1111000 0.002457
1111001 0.000086
1111010 0.094971
1111011 0.000243
1111100 0.000586
1111101 0.000014
1111110 0.015529
1111111 0.000143
