000000 0.000017
000001 0.000467
000010 0.000133
000011 0.010483
000100 0.000050
000101 0.000050
000110 0.000383
000111 0.005033
001000 0.000567
001001 0.004317
001010 0.000367
001011 0.019417
001100 0.006283
001101 0.010450
001110 0.041733
001111 0.179550
010000 0.016017
010001 0.026117
010010 0.033167
010011 0.107867
010100 0.000017
010101 0.000017
010110 0.001983
010111 0.000917
011000 0.000833
011001 0.003317
011010 0.004017
011011 0.016033
011100 0.000400
011101 0.000283
011110 0.004050
011111 0.000683
100000 0.000850
100001 0.004283
100010 0.000133
100011 0.000367
100100 0.015617
100101 0.004567
100110 0.003600
100111 0.001300
101000 0.000933
101001 0.002083
101010 0.000050
101011 0.000017
101100 0.112267
101101 0.032750
101110 0.026800
101111 0.016250
110000 0.182450
110001 0.042067
110010 0.010550
110011 0.005383
110100 0.019550
110101 0.000483
110110 0.004167
110111 0.000583
111000 0.005450
111001 0.000433
111010 0.000000
111011 0.000000
111100 0.010433
111101 0.000067
111110 0.000450
111111 0.000000
