0.010000 -0.402094
0.020000 -0.411115
0.030000 -0.419479
0.040000 -0.427253
0.050000 -0.434497
0.060000 -0.441263
0.070000 -0.447594
0.080000 -0.453530
0.090000 -0.459106
0.100000 -0.464351
0.110000 -0.469293
0.120000 -0.473955
0.130000 -0.478360
0.140000 -0.482527
0.150000 -0.486474
0.160000 -0.490215
0.170000 -0.493766
0.180000 -0.497139
0.190000 -0.500346
0.200000 -0.503399
0.210000 -0.506306
0.220000 -0.509077
0.230000 -0.511721
0.240000 -0.514245
0.250000 -0.516655
0.260000 -0.518960
0.270000 -0.521164
0.280000 -0.523273
0.290000 -0.525293
0.300000 -0.527227
0.310000 -0.529082
0.320000 -0.530861
0.330000 -0.532567
0.340000 -0.534205
0.350000 -0.535778
0.360000 -0.537289
0.370000 -0.538741
0.380000 -0.540136
0.390000 -0.541479
0.400000 -0.542770
0.410000 -0.544012
0.420000 -0.545208
0.430000 -0.546360
0.440000 -0.547469
0.450000 -0.548538
0.460000 -0.549567
0.470000 -0.550560
0.480000 -0.551516
0.490000 -0.552439
0.500000 -0.553328
0.510000 -0.554186
0.520000 -0.555014
0.530000 -0.555813
0.540000 -0.556584
0.550000 -0.557328
0.560000 -0.558046
0.570000 -0.558740
0.580000 -0.559409
0.590000 -0.560056
0.600000 -0.560680
0.610000 -0.561283
0.620000 -0.561866
0.630000 -0.562429
0.640000 -0.562972
0.650000 -0.563497
0.660000 -0.564004
0.670000 -0.564494
0.680000 -0.564968
0.690000 -0.565425
0.700000 -0.565867
0.710000 -0.566294
0.720000 -0.566706
0.730000 -0.567105
0.740000 -0.567489
0.750000 -0.567861
0.760000 -0.568220
0.770000 -0.568567
0.780000 -0.568901
0.790000 -0.569225
0.800000 -0.569537
0.810000 -0.569838
0.820000 -0.570129
0.830000 -0.570409
0.840000 -0.570680
0.850000 -0.570941
0.860000 -0.571193
0.870000 -0.571436
0.880000 -0.571670
0.890000 -0.571895
0.900000 -0.572113
0.910000 -0.572322
0.920000 -0.572524
0.930000 -0.572718
0.940000 -0.572905
0.950000 -0.573085
0.960000 -0.573257
0.970000 -0.573423
0.980000 -0.573583
0.990000 -0.573736
1.000000 -0.573883
1.010000 -0.574024
1.020000 -0.574160
1.030000 -0.574289
1.040000 -0.574413
1.050000 -0.574532
1.060000 -0.574645
1.070000 -0.574754
1.080000 -0.574857
1.090000 -0.574956
1.100000 -0.575049
1.110000 -0.575139
1.120000 -0.575224
1.130000 -0.575304
1.140000 -0.575381
1.150000 -0.575453
1.160000 -0.575521
1.170000 -0.575585
1.180000 -0.575646
1.190000 -0.575703
1.200000 -0.575756
1.210000 -0.575806
1.220000 -0.575852
1.230000 -0.575895
1.240000 -0.575935
1.250000 -0.575971
1.260000 -0.576004
1.270000 -0.576035
1.280000 -0.576062
1.290000 -0.576087
1.300000 -0.576109
1.310000 -0.576128
1.320000 -0.576144
1.330000 -0.576158
1.340000 -0.576169
1.350000 -0.576178
1.360000 -0.576184
1.370000 -0.576188
1.380000 -0.576190
1.390000 -0.576190
1.400000 -0.576187
1.410000 -0.576182
1.420000 -0.576175
1.430000 -0.576166
1.440000 -0.576156
1.450000 -0.576143
1.460000 -0.576128
1.470000 -0.576111
1.480000 -0.576093
1.490000 -0.576073
1.500000 -0.576051
1.510000 -0.576028
1.520000 -0.576002
1.530000 -0.575976
1.540000 -0.575947
1.550000 -0.575918
1.560000 -0.575886
1.570000 -0.575854
1.580000 -0.575819
1.590000 -0.575784
1.600000 -0.575747
1.610000 -0.575709
1.620000 -0.575669
1.630000 -0.575629
1.640000 -0.575587
1.650000 -0.575543
1.660000 -0.575499
1.670000 -0.575454
1.680000 -0.575407
1.690000 -0.575359
1.700000 -0.575311
1.710000 -0.575261
1.720000 -0.575210
1.730000 -0.575158
1.740000 -0.575106
1.750000 -0.575052
1.760000 -0.574997
1.770000 -0.574942
1.780000 -0.574886
1.790000 -0.574828
1.800000 -0.574770
1.810000 -0.574711
1.820000 -0.574652
1.830000 -0.574591
1.840000 -0.574530
1.850000 -0.574468
1.860000 -0.574406
1.870000 -0.574342
1.880000 -0.574278
1.890000 -0.574214
1.900000 -0.574148
1.910000 -0.574082
1.920000 -0.574016
1.930000 -0.573949
1.940000 -0.573881
1.950000 -0.573812
1.960000 -0.573744
1.970000 -0.573674
1.980000 -0.573604
1.990000 -0.573534
2.000000 -0.573463
2.010000 -0.573391
2.020000 -0.573319
2.030000 -0.573247
2.040000 -0.573174
2.050000 -0.573100
2.060000 -0.573026
2.070000 -0.572952
2.080000 -0.572878
2.090000 -0.572803
2.100000 -0.572727
2.110000 -0.572651
2.120000 -0.572575
2.130000 -0.572499
2.140000 -0.572422
2.150000 -0.572345
2.160000 -0.572267
2.170000 -0.572189
2.180000 -0.572111
2.190000 -0.572033
2.200000 -0.571954
2.210000 -0.571875
2.220000 -0.571795
2.230000 -0.571716
2.240000 -0.571636
2.250000 -0.571556
2.260000 -0.571476
2.270000 -0.571395
2.280000 -0.571314
2.290000 -0.571233
2.300000 -0.571152
2.310000 -0.571070
2.320000 -0.570989
2.330000 -0.570907
2.340000 -0.570825
2.350000 -0.570743
2.360000 -0.570660
2.370000 -0.570578
2.380000 -0.570495
2.390000 -0.570412
2.400000 -0.570329
2.410000 -0.570246
2.420000 -0.570163
2.430000 -0.570079
2.440000 -0.569996
2.450000 -0.569912
2.460000 -0.569828
2.470000 -0.569744
2.480000 -0.569660
2.490000 -0.569576
2.500000 -0.569492
2.510000 -0.569407
2.520000 -0.569323
2.530000 -0.569238
2.540000 -0.569154
2.550000 -0.569069
2.560000 -0.568984
2.570000 -0.568899
2.580000 -0.568815
2.590000 -0.568730
2.600000 -0.568645
2.610000 -0.568559
2.620000 -0.568474
2.630000 -0.568389
2.640000 -0.568304
2.650000 -0.568219
2.660000 -0.568133
2.670000 -0.568048
2.680000 -0.567963
2.690000 -0.567877
2.700000 -0.567792
2.710000 -0.567707
2.720000 -0.567621
2.730000 -0.567536
2.740000 -0.567450
2.750000 -0.567365
2.760000 -0.567280
2.770000 -0.567194
2.780000 -0.567109
2.790000 -0.567023
2.800000 -0.566938
2.810000 -0.566852
2.820000 -0.566767
2.830000 -0.566681
2.840000 -0.566596
2.850000 -0.566511
2.860000 -0.566425
2.870000 -0.566340
2.880000 -0.566255
2.890000 -0.566169
2.900000 -0.566084
2.910000 -0.565999
2.920000 -0.565914
2.930000 -0.565829
2.940000 -0.565744
2.950000 -0.565659
2.960000 -0.565574
2.970000 -0.565489
2.980000 -0.565404
2.990000 -0.565319
3.000000 -0.565234
3.010000 -0.565149
3.020000 -0.565065
3.030000 -0.564980
3.040000 -0.564895
3.050000 -0.564811
3.060000 -0.564726
3.070000 -0.564642
3.080000 -0.564557
3.090000 -0.564473
3.100000 -0.564389
3.110000 -0.564305
3.120000 -0.564221
3.130000 -0.564137
3.140000 -0.564053
3.150000 -0.563969
3.160000 -0.563885
3.170000 -0.563801
3.180000 -0.563718
3.190000 -0.563634
3.200000 -0.563550
3.210000 -0.563467
3.220000 -0.563384
3.230000 -0.563300
3.240000 -0.563217
3.250000 -0.563134
3.260000 -0.563051
3.270000 -0.562968
3.280000 -0.562885
3.290000 -0.562803
3.300000 -0.562720
3.310000 -0.562637
3.320000 -0.562555
3.330000 -0.562472
3.340000 -0.562390
3.350000 -0.562308
3.360000 -0.562226
3.370000 -0.562144
3.380000 -0.562062
3.390000 -0.561980
3.400000 -0.561898
3.410000 -0.561817
3.420000 -0.561735
3.430000 -0.561654
3.440000 -0.561572
3.450000 -0.561491
3.460000 -0.561410
3.470000 -0.561329
3.480000 -0.561248
3.490000 -0.561167
3.500000 -0.561087
3.510000 -0.561006
3.520000 -0.560926
3.530000 -0.560845
3.540000 -0.560765
3.550000 -0.560685
3.560000 -0.560605
3.570000 -0.560525
3.580000 -0.560445
3.590000 -0.560365
3.600000 -0.560285
3.610000 -0.560206
3.620000 -0.560126
3.630000 -0.560047
3.640000 -0.559968
3.650000 -0.559889
3.660000 -0.559810
3.670000 -0.559731
3.680000 -0.559652
3.690000 -0.559573
3.700000 -0.559495
3.710000 -0.559416
3.720000 -0.559338
3.730000 -0.559260
3.740000 -0.559182
3.750000 -0.559104
3.760000 -0.559026
3.770000 -0.558948
3.780000 -0.558871
3.790000 -0.558793
3.800000 -0.558716
3.810000 -0.558639
3.820000 -0.558561
3.830000 -0.558484
3.840000 -0.558407
3.850000 -0.558331
3.860000 -0.558254
3.870000 -0.558177
3.880000 -0.558101
3.890000 -0.558025
3.900000 -0.557948
3.910000 -0.557872
3.920000 -0.557796
3.930000 -0.557720
3.940000 -0.557645
3.950000 -0.557569
3.960000 -0.557494
3.970000 -0.557418
3.980000 -0.557343
3.990000 -0.557268
4.000000 -0.557193
4.010000 -0.557118
4.020000 -0.557043
4.030000 -0.556968
4.040000 -0.556894
4.050000 -0.556819
4.060000 -0.556745
4.070000 -0.556671
4.080000 -0.556597
4.090000 -0.556523
4.100000 -0.556449
4.110000 -0.556375
4.120000 -0.556302
4.130000 -0.556228
4.140000 -0.556155
4.150000 -0.556082
4.160000 -0.556008
4.170000 -0.555935
4.180000 -0.555863
4.190000 -0.555790
4.200000 -0.555717
4.210000 -0.555645
4.220000 -0.555572
4.230000 -0.555500
4.240000 -0.555428
4.250000 -0.555356
4.260000 -0.555284
4.270000 -0.555212
4.280000 -0.555140
4.290000 -0.555069
4.300000 -0.554997
4.310000 -0.554926
4.320000 -0.554855
4.330000 -0.554784
4.340000 -0.554713
4.350000 -0.554642
4.360000 -0.554571
4.370000 -0.554501
4.380000 -0.554430
4.390000 -0.554360
4.400000 -0.554290
4.410000 -0.554220
4.420000 -0.554150
4.430000 -0.554080
4.440000 -0.554010
4.450000 -0.553940
4.460000 -0.553871
4.470000 -0.553801
4.480000 -0.553732
4.490000 -0.553663
4.500000 -0.553594
4.510000 -0.553525
4.520000 -0.553456
4.530000 -0.553387
4.540000 -0.553319
4.550000 -0.553250
4.560000 -0.553182
4.570000 -0.553114
4.580000 -0.553046
4.590000 -0.552978
4.600000 -0.552910
4.610000 -0.552842
4.620000 -0.552775
4.630000 -0.552707
4.640000 -0.552640
4.650000 -0.552572
4.660000 -0.552505
4.670000 -0.552438
4.680000 -0.552371
4.690000 -0.552304
4.700000 -0.552238
4.710000 -0.552171
4.720000 -0.552105
4.730000 -0.552038
4.740000 -0.551972
4.750000 -0.551906
4.760000 -0.551840
4.770000 -0.551774
4.780000 -0.551708
4.790000 -0.551643
4.800000 -0.551577
4.810000 -0.551512
4.820000 -0.551446
4.830000 -0.551381
4.840000 -0.551316
4.850000 -0.551251
4.860000 -0.551186
4.870000 -0.551121
4.880000 -0.551057
4.890000 -0.550992
4.900000 -0.550928
4.910000 -0.550864
4.920000 -0.550799
4.930000 -0.550735
4.940000 -0.550671
4.950000 -0.550608
4.960000 -0.550544
4.970000 -0.550480
4.980000 -0.550417
4.990000 -0.550353
5.000000 -0.550290
