0.010000 -0.562854
0.020000 -0.568890
0.030000 -0.574560
0.040000 -0.579895
0.050000 -0.584925
0.060000 -0.589675
0.070000 -0.594167
0.080000 -0.598422
0.090000 -0.602457
0.100000 -0.606289
0.110000 -0.609933
0.120000 -0.613402
0.130000 -0.616709
0.140000 -0.619864
0.150000 -0.622877
0.160000 -0.625757
0.170000 -0.628514
0.180000 -0.631154
0.190000 -0.633684
0.200000 -0.636112
0.210000 -0.638442
0.220000 -0.640681
0.230000 -0.642833
0.240000 -0.644904
0.250000 -0.646897
0.260000 -0.648817
0.270000 -0.650667
0.280000 -0.652451
0.290000 -0.654173
0.300000 -0.655834
0.310000 -0.657439
0.320000 -0.658989
0.330000 -0.660488
0.340000 -0.661937
0.350000 -0.663339
0.360000 -0.664695
0.370000 -0.666009
0.380000 -0.667281
0.390000 -0.668513
0.400000 -0.669707
0.410000 -0.670865
0.420000 -0.671987
0.430000 -0.673076
0.440000 -0.674133
0.450000 -0.675158
0.460000 -0.676154
0.470000 -0.677120
0.480000 -0.678059
0.490000 -0.678971
0.500000 -0.679857
0.510000 -0.680718
0.520000 -0.681555
0.530000 -0.682368
0.540000 -0.683160
0.550000 -0.683929
0.560000 -0.684678
0.570000 -0.685406
0.580000 -0.686115
0.590000 -0.686804
0.600000 -0.687475
0.610000 -0.688128
0.620000 -0.688764
0.630000 -0.689384
0.640000 -0.689987
0.650000 -0.690574
0.660000 -0.691146
0.670000 -0.691703
0.680000 -0.692245
0.690000 -0.692774
0.700000 -0.693289
0.710000 -0.693790
0.720000 -0.694279
0.730000 -0.694756
0.740000 -0.695220
0.750000 -0.695672
0.760000 -0.696113
0.770000 -0.696543
0.780000 -0.696962
0.790000 -0.697370
0.800000 -0.697768
0.810000 -0.698156
0.820000 -0.698534
0.830000 -0.698903
0.840000 -0.699262
0.850000 -0.699612
0.860000 -0.699954
0.870000 -0.700286
0.880000 -0.700611
0.890000 -0.700927
0.900000 -0.701235
0.910000 -0.701535
0.920000 -0.701828
0.930000 -0.702113
0.940000 -0.702391
0.950000 -0.702662
0.960000 -0.702926
0.970000 -0.703183
0.980000 -0.703434
0.990000 -0.703678
1.000000 -0.703916
1.010000 -0.704147
1.020000 -0.704373
1.030000 -0.704592
1.040000 -0.704806
1.050000 -0.705015
1.060000 -0.705217
1.070000 -0.705415
1.080000 -0.705607
1.090000 -0.705794
1.100000 -0.705976
1.110000 -0.706153
1.120000 -0.706325
1.130000 -0.706492
1.140000 -0.706655
1.150000 -0.706813
1.160000 -0.706967
1.170000 -0.707117
1.180000 -0.707262
1.190000 -0.707403
1.200000 -0.707540
1.210000 -0.707673
1.220000 -0.707802
1.230000 -0.707927
1.240000 -0.708048
1.250000 -0.708166
1.260000 -0.708280
1.270000 -0.708391
1.280000 -0.708498
1.290000 -0.708602
1.300000 -0.708702
1.310000 -0.708799
1.320000 -0.708893
1.330000 -0.708984
1.340000 -0.709072
1.350000 -0.709156
1.360000 -0.709238
1.370000 -0.709317
1.380000 -0.709393
1.390000 -0.709466
1.400000 -0.709536
1.410000 -0.709604
1.420000 -0.709669
1.430000 -0.709732
1.440000 -0.709792
1.450000 -0.709849
1.460000 -0.709904
1.470000 -0.709957
1.480000 -0.710007
1.490000 -0.710055
1.500000 -0.710101
1.510000 -0.710144
1.520000 -0.710185
1.530000 -0.710224
1.540000 -0.710261
1.550000 -0.710296
1.560000 -0.710329
1.570000 -0.710360
1.580000 -0.710389
1.590000 -0.710416
1.600000 -0.710441
1.610000 -0.710464
1.620000 -0.710486
1.630000 -0.710506
1.640000 -0.710523
1.650000 -0.710540
1.660000 -0.710554
1.670000 -0.710567
1.680000 -0.710578
1.690000 -0.710588
1.700000 -0.710596
1.710000 -0.710602
1.720000 -0.710607
1.730000 -0.710610
1.740000 -0.710612
1.750000 -0.710613
1.760000 -0.710612
1.770000 -0.710610
1.780000 -0.710606
1.790000 -0.710601
1.800000 -0.710594
1.810000 -0.710587
1.820000 -0.710578
1.830000 -0.710568
1.840000 -0.710556
1.850000 -0.710544
1.860000 -0.710530
1.870000 -0.710515
1.880000 -0.710499
1.890000 -0.710481
1.900000 -0.710463
1.910000 -0.710443
1.920000 -0.710423
1.930000 -0.710401
1.940000 -0.710378
1.950000 -0.710355
1.960000 -0.710330
1.970000 -0.710304
1.980000 -0.710278
1.990000 -0.710250
2.000000 -0.710221
2.010000 -0.710192
2.020000 -0.710162
2.030000 -0.710130
2.040000 -0.710098
2.050000 -0.710065
2.060000 -0.710031
2.070000 -0.709997
2.080000 -0.709961
2.090000 -0.709925
2.100000 -0.709888
2.110000 -0.709850
2.120000 -0.709811
2.130000 -0.709772
2.140000 -0.709732
2.150000 -0.709691
2.160000 -0.709649
2.170000 -0.709607
2.180000 -0.709564
2.190000 -0.709520
2.200000 -0.709476
2.210000 -0.709431
2.220000 -0.709386
2.230000 -0.709339
2.240000 -0.709292
2.250000 -0.709245
2.260000 -0.709197
2.270000 -0.709148
2.280000 -0.709099
2.290000 -0.709049
2.300000 -0.708999
2.310000 -0.708948
2.320000 -0.708897
2.330000 -0.708845
2.340000 -0.708792
2.350000 -0.708739
2.360000 -0.708685
2.370000 -0.708631
2.380000 -0.708577
2.390000 -0.708522
2.400000 -0.708466
2.410000 -0.708411
2.420000 -0.708354
2.430000 -0.708297
2.440000 -0.708240
2.450000 -0.708182
2.460000 -0.708124
2.470000 -0.708066
2.480000 -0.708007
2.490000 -0.707947
2.500000 -0.707888
2.510000 -0.707827
2.520000 -0.707767
2.530000 -0.707706
2.540000 -0.707645
2.550000 -0.707583
2.560000 -0.707521
2.570000 -0.707459
2.580000 -0.707396
2.590000 -0.707333
2.600000 -0.707270
2.610000 -0.707206
2.620000 -0.707142
2.630000 -0.707078
2.640000 -0.707013
2.650000 -0.706949
2.660000 -0.706883
2.670000 -0.706818
2.680000 -0.706752
2.690000 -0.706686
2.700000 -0.706620
2.710000 -0.706553
2.720000 -0.706486
2.730000 -0.706419
2.740000 -0.706352
2.750000 -0.706284
2.760000 -0.706216
2.770000 -0.706148
2.780000 -0.706080
2.790000 -0.706011
2.800000 -0.705943
2.810000 -0.705874
2.820000 -0.705804
2.830000 -0.705735
2.840000 -0.705665
2.850000 -0.705596
2.860000 -0.705526
2.870000 -0.705455
2.880000 -0.705385
2.890000 -0.705314
2.900000 -0.705243
2.910000 -0.705172
2.920000 -0.705101
2.930000 -0.705030
2.940000 -0.704959
2.950000 -0.704887
2.960000 -0.704815
2.970000 -0.704743
2.980000 -0.704671
2.990000 -0.704599
3.000000 -0.704526
3.010000 -0.704454
3.020000 -0.704381
3.030000 -0.704308
3.040000 -0.704235
3.050000 -0.704162
3.060000 -0.704089
3.070000 -0.704015
3.080000 -0.703942
3.090000 -0.703868
3.100000 -0.703794
3.110000 -0.703721
3.120000 -0.703647
3.130000 -0.703573
3.140000 -0.703498
3.150000 -0.703424
3.160000 -0.703350
3.170000 -0.703275
3.180000 -0.703201
3.190000 -0.703126
3.200000 -0.703051
3.210000 -0.702976
3.220000 -0.702902
3.230000 -0.702827
3.240000 -0.702751
3.250000 -0.702676
3.260000 -0.702601
3.270000 -0.702526
3.280000 -0.702450
3.290000 -0.702375
3.300000 -0.702299
3.310000 -0.702224
3.320000 -0.702148
3.330000 -0.702073
3.340000 -0.701997
3.350000 -0.701921
3.360000 -0.701845
3.370000 -0.701769
3.380000 -0.701693
3.390000 -0.701617
3.400000 -0.701541
3.410000 -0.701465
3.420000 -0.701389
3.430000 -0.701313
3.440000 -0.701236
3.450000 -0.701160
3.460000 -0.701084
3.470000 -0.701008
3.480000 -0.700931
3.490000 -0.700855
3.500000 -0.700778
3.510000 -0.700702
3.520000 -0.700625
3.530000 -0.700549
3.540000 -0.700472
3.550000 -0.700396
3.560000 -0.700319
3.570000 -0.700243
3.580000 -0.700166
3.590000 -0.700090
3.600000 -0.700013
3.610000 -0.699936
3.620000 -0.699860
3.630000 -0.699783
3.640000 -0.699706
3.650000 -0.699630
3.660000 -0.699553
3.670000 -0.699476
3.680000 -0.699400
3.690000 -0.699323
3.700000 -0.699246
3.710000 -0.699170
3.720000 -0.699093
3.730000 -0.699016
3.740000 -0.698940
3.750000 -0.698863
3.760000 -0.698786
3.770000 -0.698710
3.780000 -0.698633
3.790000 -0.698557
3.800000 -0.698480
3.810000 -0.698403
3.820000 -0.698327
3.830000 -0.698250
3.840000 -0.698174
3.850000 -0.698097
3.860000 -0.698021
3.870000 -0.697944
3.880000 -0.697868
3.890000 -0.697791
3.900000 -0.697715
3.910000 -0.697639
3.920000 -0.697562
3.930000 -0.697486
3.940000 -0.697409
3.950000 -0.697333
3.960000 -0.697257
3.970000 -0.697181
3.980000 -0.697104
3.990000 -0.697028
4.000000 -0.696952
4.010000 -0.696876
4.020000 -0.696800
4.030000 -0.696724
4.040000 -0.696648
4.050000 -0.696572
4.060000 -0.696496
4.070000 -0.696420
4.080000 -0.696344
4.090000 -0.696268
4.100000 -0.696193
4.110000 -0.696117
4.120000 -0.696041
4.130000 -0.695965
4.140000 -0.695890
4.150000 -0.695814
4.160000 -0.695739
4.170000 -0.695663
4.180000 -0.695588
4.190000 -0.695512
4.200000 -0.695437
4.210000 -0.695362
4.220000 -0.695286
4.230000 -0.695211
4.240000 -0.695136
4.250000 -0.695061
4.260000 -0.694986
4.270000 -0.694911
4.280000 -0.694836
4.290000 -0.694761
4.300000 -0.694686
4.310000 -0.694611
4.320000 -0.694536
4.330000 -0.694462
4.340000 -0.694387
4.350000 -0.694312
4.360000 -0.694238
4.370000 -0.694163
4.380000 -0.694089
4.390000 -0.694014
4.400000 -0.693940
4.410000 -0.693866
4.420000 -0.693791
4.430000 -0.693717
4.440000 -0.693643
4.450000 -0.693569
4.460000 -0.693495
4.470000 -0.693421
4.480000 -0.693347
4.490000 -0.693273
4.500000 -0.693200
4.510000 -0.693126
4.520000 -0.693052
4.530000 -0.692979
4.540000 -0.692905
4.550000 -0.692832
4.560000 -0.692758
4.570000 -0.692685
4.580000 -0.692612
4.590000 -0.692539
4.600000 -0.692465
4.610000 -0.692392
4.620000 -0.692319
4.630000 -0.692246
4.640000 -0.692173
4.650000 -0.692101
4.660000 -0.692028
4.670000 -0.691955
4.680000 -0.691883
4.690000 -0.691810
4.700000 -0.691738
4.710000 -0.691665
4.720000 -0.691593
4.730000 -0.691520
4.740000 -0.691448
4.750000 -0.691376
4.760000 -0.691304
4.770000 -0.691232
4.780000 -0.691160
4.790000 -0.691088
4.800000 -0.691016
4.810000 -0.690945
4.820000 -0.690873
4.830000 -0.690801
4.840000 -0.690730
4.850000 -0.690658
4.860000 -0.690587
4.870000 -0.690516
4.880000 -0.690444
4.890000 -0.690373
4.900000 -0.690302
4.910000 -0.690231
4.920000 -0.690160
4.930000 -0.690089
4.940000 -0.690018
4.950000 -0.689948
4.960000 -0.689877
4.970000 -0.689806
4.980000 -0.689736
4.990000 -0.689665
5.000000 -0.689595
