0.010000 -0.169554
0.020000 -0.205224
0.030000 -0.236823
0.040000 -0.264816
0.050000 -0.289657
0.060000 -0.311767
0.070000 -0.331513
0.080000 -0.349218
0.090000 -0.365154
0.100000 -0.379558
0.110000 -0.392626
0.120000 -0.404527
0.130000 -0.415405
0.140000 -0.425382
0.150000 -0.434562
0.160000 -0.443035
0.170000 -0.450877
0.180000 -0.458156
0.190000 -0.464928
0.200000 -0.471244
0.210000 -0.477148
0.220000 -0.482679
0.230000 -0.487870
0.240000 -0.492751
0.250000 -0.497349
0.260000 -0.501687
0.270000 -0.505787
0.280000 -0.509666
0.290000 -0.513343
0.300000 -0.516831
0.310000 -0.520145
0.320000 -0.523298
0.330000 -0.526300
0.340000 -0.529161
0.350000 -0.531891
0.360000 -0.534498
0.370000 -0.536989
0.380000 -0.539373
0.390000 -0.541656
0.400000 -0.543843
0.410000 -0.545939
0.420000 -0.547951
0.430000 -0.549883
0.440000 -0.551738
0.450000 -0.553522
0.460000 -0.555238
0.470000 -0.556889
0.480000 -0.558478
0.490000 -0.560009
0.500000 -0.561484
0.510000 -0.562907
0.520000 -0.564279
0.530000 -0.565603
0.540000 -0.566880
0.550000 -0.568114
0.560000 -0.569306
0.570000 -0.570458
0.580000 -0.571571
0.590000 -0.572647
0.600000 -0.573687
0.610000 -0.574694
0.620000 -0.575668
0.630000 -0.576610
0.640000 -0.577522
0.650000 -0.578406
0.660000 -0.579261
0.670000 -0.580090
0.680000 -0.580892
0.690000 -0.581670
0.700000 -0.582423
0.710000 -0.583153
0.720000 -0.583861
0.730000 -0.584547
0.740000 -0.585212
0.750000 -0.585857
0.760000 -0.586482
0.770000 -0.587088
0.780000 -0.587676
0.790000 -0.588246
0.800000 -0.588799
0.810000 -0.589336
0.820000 -0.589856
0.830000 -0.590360
0.840000 -0.590849
0.850000 -0.591324
0.860000 -0.591784
0.870000 -0.592230
0.880000 -0.592663
0.890000 -0.593083
0.900000 -0.593490
0.910000 -0.593884
0.920000 -0.594267
0.930000 -0.594638
0.940000 -0.594997
0.950000 -0.595345
0.960000 -0.595683
0.970000 -0.596010
0.980000 -0.596327
0.990000 -0.596634
1.000000 -0.596931
1.010000 -0.597218
1.020000 -0.597497
1.030000 -0.597766
1.040000 -0.598027
1.050000 -0.598279
1.060000 -0.598523
1.070000 -0.598759
1.080000 -0.598987
1.090000 -0.599207
1.100000 -0.599419
1.110000 -0.599624
1.120000 -0.599822
1.130000 -0.600013
1.140000 -0.600197
1.150000 -0.600374
1.160000 -0.600544
1.170000 -0.600708
1.180000 -0.600866
1.190000 -0.601018
1.200000 -0.601164
1.210000 -0.601304
1.220000 -0.601438
1.230000 -0.601566
1.240000 -0.601689
1.250000 -0.601807
1.260000 -0.601919
1.270000 -0.602026
1.280000 -0.602128
1.290000 -0.602225
1.300000 -0.602318
1.310000 -0.602405
1.320000 -0.602488
1.330000 -0.602566
1.340000 -0.602640
1.350000 -0.602710
1.360000 -0.602775
1.370000 -0.602836
1.380000 -0.602893
1.390000 -0.602946
1.400000 -0.602995
1.410000 -0.603040
1.420000 -0.603081
1.430000 -0.603118
1.440000 -0.603152
1.450000 -0.603183
1.460000 -0.603209
1.470000 -0.603232
1.480000 -0.603252
1.490000 -0.603269
1.500000 -0.603282
1.510000 -0.603292
1.520000 -0.603299
1.530000 -0.603303
1.540000 -0.603304
1.550000 -0.603302
1.560000 -0.603297
1.570000 -0.603289
1.580000 -0.603278
1.590000 -0.603264
1.600000 -0.603248
1.610000 -0.603229
1.620000 -0.603208
1.630000 -0.603183
1.640000 -0.603157
1.650000 -0.603128
1.660000 -0.603096
1.670000 -0.603062
1.680000 -0.603026
1.690000 -0.602987
1.700000 -0.602946
1.710000 -0.602903
1.720000 -0.602858
1.730000 -0.602810
1.740000 -0.602760
1.750000 -0.602709
1.760000 -0.602655
1.770000 -0.602599
1.780000 -0.602541
1.790000 -0.602481
1.800000 -0.602420
1.810000 -0.602356
1.820000 -0.602291
1.830000 -0.602223
1.840000 -0.602154
1.850000 -0.602083
1.860000 -0.602011
1.870000 -0.601936
1.880000 -0.601860
1.890000 -0.601783
1.900000 -0.601703
1.910000 -0.601623
1.920000 -0.601540
1.930000 -0.601456
1.940000 -0.601371
1.950000 -0.601283
1.960000 -0.601195
1.970000 -0.601105
1.980000 -0.601014
1.990000 -0.600921
2.000000 -0.600827
2.010000 -0.600731
2.020000 -0.600634
2.030000 -0.600536
2.040000 -0.600436
2.050000 -0.600335
2.060000 -0.600233
2.070000 -0.600130
2.080000 -0.600025
2.090000 -0.599920
2.100000 -0.599813
2.110000 -0.599705
2.120000 -0.599595
2.130000 -0.599485
2.140000 -0.599374
2.150000 -0.599261
2.160000 -0.599147
2.170000 -0.599033
2.180000 -0.598917
2.190000 -0.598800
2.200000 -0.598682
2.210000 -0.598563
2.220000 -0.598444
2.230000 -0.598323
2.240000 -0.598201
2.250000 -0.598078
2.260000 -0.597955
2.270000 -0.597830
2.280000 -0.597705
2.290000 -0.597579
2.300000 -0.597451
2.310000 -0.597323
2.320000 -0.597195
2.330000 -0.597065
2.340000 -0.596934
2.350000 -0.596803
2.360000 -0.596671
2.370000 -0.596538
2.380000 -0.596405
2.390000 -0.596270
2.400000 -0.596135
2.410000 -0.595999
2.420000 -0.595863
2.430000 -0.595725
2.440000 -0.595587
2.450000 -0.595449
2.460000 -0.595309
2.470000 -0.595169
2.480000 -0.595028
2.490000 -0.594887
2.500000 -0.594745
2.510000 -0.594602
2.520000 -0.594459
2.530000 -0.594315
2.540000 -0.594171
2.550000 -0.594026
2.560000 -0.593880
2.570000 -0.593734
2.580000 -0.593587
2.590000 -0.593440
2.600000 -0.593292
2.610000 -0.593144
2.620000 -0.592995
2.630000 -0.592845
2.640000 -0.592695
2.650000 -0.592545
2.660000 -0.592394
2.670000 -0.592242
2.680000 -0.592090
2.690000 -0.591938
2.700000 -0.591785
2.710000 -0.591632
2.720000 -0.591478
2.730000 -0.591323
2.740000 -0.591169
2.750000 -0.591014
2.760000 -0.590858
2.770000 -0.590702
2.780000 -0.590546
2.790000 -0.590389
2.800000 -0.590232
2.810000 -0.590074
2.820000 -0.589916
2.830000 -0.589758
2.840000 -0.589599
2.850000 -0.589440
2.860000 -0.589280
2.870000 -0.589120
2.880000 -0.588960
2.890000 -0.588800
2.900000 -0.588639
2.910000 -0.588478
2.920000 -0.588316
2.930000 -0.588154
2.940000 -0.587992
2.950000 -0.587830
2.960000 -0.587667
2.970000 -0.587504
2.980000 -0.587340
2.990000 -0.587177
3.000000 -0.587013
3.010000 -0.586848
3.020000 -0.586684
3.030000 -0.586519
3.040000 -0.586354
3.050000 -0.586189
3.060000 -0.586023
3.070000 -0.585857
3.080000 -0.585691
3.090000 -0.585525
3.100000 -0.585358
3.110000 -0.585191
3.120000 -0.585024
3.130000 -0.584857
3.140000 -0.584689
3.150000 -0.584522
3.160000 -0.584354
3.170000 -0.584185
3.180000 -0.584017
3.190000 -0.583849
3.200000 -0.583680
3.210000 -0.583511
3.220000 -0.583342
3.230000 -0.583172
3.240000 -0.583003
3.250000 -0.582833
3.260000 -0.582663
3.270000 -0.582493
3.280000 -0.582323
3.290000 -0.582152
3.300000 -0.581982
3.310000 -0.581811
3.320000 -0.581640
3.330000 -0.581469
3.340000 -0.581298
3.350000 -0.581127
3.360000 -0.580955
3.370000 -0.580784
3.380000 -0.580612
3.390000 -0.580440
3.400000 -0.580268
3.410000 -0.580096
3.420000 -0.579923
3.430000 -0.579751
3.440000 -0.579578
3.450000 -0.579406
3.460000 -0.579233
3.470000 -0.579060
3.480000 -0.578887
3.490000 -0.578714
3.500000 -0.578541
3.510000 -0.578368
3.520000 -0.578194
3.530000 -0.578021
3.540000 -0.577847
3.550000 -0.577673
3.560000 -0.577500
3.570000 -0.577326
3.580000 -0.577152
3.590000 -0.576978
3.600000 -0.576804
3.610000 -0.576630
3.620000 -0.576455
3.630000 -0.576281
3.640000 -0.576107
3.650000 -0.575932
3.660000 -0.575758
3.670000 -0.575583
3.680000 -0.575409
3.690000 -0.575234
3.700000 -0.575059
3.710000 -0.574884
3.720000 -0.574709
3.730000 -0.574535
3.740000 -0.574360
3.750000 -0.574185
3.760000 -0.574010
3.770000 -0.573834
3.780000 -0.573659
3.790000 -0.573484
3.800000 -0.573309
3.810000 -0.573134
3.820000 -0.572958
3.830000 -0.572783
3.840000 -0.572608
3.850000 -0.572433
3.860000 -0.572257
3.870000 -0.572082
3.880000 -0.571906
3.890000 -0.571731
3.900000 -0.571555
3.910000 -0.571380
3.920000 -0.571204
3.930000 -0.571029
3.940000 -0.570853
3.950000 -0.570678
3.960000 -0.570502
3.970000 -0.570327
3.980000 -0.570151
3.990000 -0.569976
4.000000 -0.569800
4.010000 -0.569625
4.020000 -0.569449
4.030000 -0.569273
4.040000 -0.569098
4.050000 -0.568922
4.060000 -0.568747
4.070000 -0.568571
4.080000 -0.568396
4.090000 -0.568220
4.100000 -0.568045
4.110000 -0.567869
4.120000 -0.567694
4.130000 -0.567518
4.140000 -0.567343
4.150000 -0.567167
4.160000 -0.566992
4.170000 -0.566817
4.180000 -0.566641
4.190000 -0.566466
4.200000 -0.566291
4.210000 -0.566115
4.220000 -0.565940
4.230000 -0.565765
4.240000 -0.565590
4.250000 -0.565415
4.260000 -0.565239
4.270000 -0.565064
4.280000 -0.564889
4.290000 -0.564714
4.300000 -0.564539
4.310000 -0.564364
4.320000 -0.564189
4.330000 -0.564014
4.340000 -0.563840
4.350000 -0.563665
4.360000 -0.563490
4.370000 -0.563315
4.380000 -0.563141
4.390000 -0.562966
4.400000 -0.562791
4.410000 -0.562617
4.420000 -0.562442
4.430000 -0.562268
4.440000 -0.562094
4.450000 -0.561919
4.460000 -0.561745
4.470000 -0.561571
4.480000 -0.561396
4.490000 -0.561222
4.500000 -0.561048
4.510000 -0.560874
4.520000 -0.560700
4.530000 -0.560526
4.540000 -0.560353
4.550000 -0.560179
4.560000 -0.560005
4.570000 -0.559831
4.580000 -0.559658
4.590000 -0.559484
4.600000 -0.559311
4.610000 -0.559137
4.620000 -0.558964
4.630000 -0.558791
4.640000 -0.558618
4.650000 -0.558444
4.660000 -0.558271
4.670000 -0.558098
4.680000 -0.557925
4.690000 -0.557753
4.700000 -0.557580
4.710000 -0.557407
4.720000 -0.557234
4.730000 -0.557062
4.740000 -0.556889
4.750000 -0.556717
4.760000 -0.556545
4.770000 -0.556372
4.780000 -0.556200
4.790000 -0.556028
4.800000 -0.555856
4.810000 -0.555684
4.820000 -0.555512
4.830000 -0.555340
4.840000 -0.555169
4.850000 -0.554997
4.860000 -0.554825
4.870000 -0.554654
4.880000 -0.554482
4.890000 -0.554311
4.900000 -0.554140
4.910000 -0.553969
4.920000 -0.553798
4.930000 -0.553627
4.940000 -0.553456
4.950000 -0.553285
4.960000 -0.553114
4.970000 -0.552944
4.980000 -0.552773
4.990000 -0.552603
5.000000 -0.552432
