0.003201
0.000429
0.000251
0.003493
0.000295
0.000025
0.000076
0.000297
0.008274
0.001211
0.000233
0.000692
0.000925
0.000078
0.000053
0.000079
0.007876
0.000861
0.000537
0.005127
0.001041
0.000041
0.000379
0.000780
0.006708
0.000736
0.000231
0.000672
0.000847
0.000096
0.000149
0.000068
0.036945
0.002899
0.004059
0.035292
0.004064
0.000240
0.001644
0.004984
0.056026
0.007827
0.001926
0.004144
0.006817
0.000465
0.000685
0.000446
0.018132
0.001753
0.001569
0.011529
0.003713
0.000187
0.002583
0.002783
0.012427
0.001829
0.000503
0.000858
0.002847
0.000138
0.000464
0.000169
0.000545
0.000326
0.000077
0.007412
0.000207
0.000011
0.000315
0.003761
0.001133
0.001330
0.000040
0.001373
0.000439
0.000244
0.000054
0.000305
0.001071
0.001148
0.000133
0.010290
0.000442
0.000173
0.000983
0.004860
0.000949
0.001063
0.000052
0.001132
0.000588
0.000159
0.000206
0.000311
0.003253
0.001957
0.000458
0.054152
0.001025
0.000222
0.002293
0.013655
0.005466
0.005953
0.000331
0.006455
0.002092
0.000479
0.000637
0.001014
0.001768
0.001205
0.000200
0.017605
0.001363
0.000222
0.005934
0.007630
0.001447
0.001224
0.000026
0.001376
0.001383
0.000162
0.000725
0.000454
0.000806
0.000096
0.000198
0.001600
0.000131
0.000010
0.000077
0.000241
0.020352
0.003575
0.000188
0.001255
0.003206
0.000334
0.000213
0.000154
0.007435
0.001106
0.000489
0.005455
0.001021
0.000042
0.000696
0.000878
0.032569
0.005571
0.000470
0.002498
0.008412
0.000377
0.000875
0.000424
0.003348
0.000232
0.000368
0.004808
0.000608
0.000004
0.000704
0.000910
0.027792
0.004656
0.000511
0.001722
0.006774
0.000429
0.001023
0.000389
0.004742
0.000629
0.000449
0.004293
0.001601
0.000099
0.004300
0.001671
0.012003
0.001992
0.000384
0.001214
0.008899
0.000332
0.003293
0.000355
0.000166
0.000139
0.000019
0.004634
0.000073
0.000022
0.001245
0.005197
0.003759
0.005958
0.000044
0.003422
0.006758
0.001582
0.003187
0.003851
0.001328
0.001706
0.000078
0.014502
0.001400
0.000265
0.014916
0.037802
0.005807
0.007314
0.000157
0.006441
0.036634
0.002861
0.017020
0.020636
0.000391
0.000174
0.000037
0.007337
0.000149
0.000020
0.004068
0.004358
0.003053
0.003844
0.000060
0.002867
0.011044
0.000577
0.005753
0.001621
0.000365
0.000510
0.000043
0.007301
0.001674
0.000146
0.020118
0.010764
0.001596
0.001653
0.000027
0.001722
0.022293
0.000586
0.013664
0.002966