0.000015
0.000132
0.000038
0.000886
0.000007
0.000789
0.000503
0.038410
0.001819
0.013619
0.000518
0.009022
0.000528
0.019056
0.001578
0.143994
0.001950
0.002073
0.000120
0.000331
0.000075
0.000775
0.000117
0.003094
0.001460
0.002424
0.000080
0.000276
0.000091
0.000849
0.000072
0.002449
0.000015
0.000015
0.000046
0.000143
0.000097
0.000741
0.005320
0.053278
0.001224
0.002118
0.000607
0.001134
0.003059
0.013170
0.013953
0.157576
0.001079
0.000441
0.000112
0.000116
0.000523
0.001029
0.001099
0.004035
0.000706
0.000606
0.000076
0.000090
0.000458
0.000811
0.000575
0.003714
0.000038
0.000037
0.000098
0.000097
0.000007
0.000137
0.000251
0.004417
0.000559
0.001135
0.000338
0.000837
0.000146
0.001619
0.000409
0.011975
0.150252
0.014654
0.008289
0.001972
0.004414
0.005008
0.001840
0.005181
0.033495
0.010033
0.001481
0.000942
0.000970
0.001835
0.000380
0.002299
0.000040
0.000019
0.000067
0.000048
0.000066
0.000186
0.003042
0.006368
0.000384
0.000326
0.000311
0.000242
0.000631
0.001371
0.004704
0.016941
0.091522
0.005343
0.007392
0.000751
0.019922
0.006832
0.012754
0.007849
0.016199
0.002702
0.000962
0.000314
0.003660
0.002521
0.002659
0.003609