0.000044
0.000000
0.000490
0.000013
0.000878
0.000130
0.140157
0.003637
0.000581
0.000060
0.000383
0.000013
0.004814
0.000248
0.057568
0.001375
0.000032
0.000010
0.000421
0.000032
0.000051
0.000000
0.017343
0.000508
0.001759
0.000413
0.004369
0.000224
0.005055
0.000566
0.076722
0.002110
0.000131
0.000023
0.008509
0.000355
0.000302
0.000030
0.041619
0.001387
0.000236
0.000000
0.001103
0.000034
0.000176
0.000026
0.003549
0.000107
0.000029
0.000001
0.002545
0.000207
0.000028
0.000000
0.003865
0.000228
0.000134
0.000035
0.002259
0.000056
0.000094
0.000002
0.003862
0.000111
0.000010
0.000019
0.000040
0.000000
0.000264
0.000080
0.003280
0.000461
0.000146
0.000014
0.000084
0.000016
0.000691
0.000190
0.002040
0.000347
0.000001
0.000016
0.000193
0.000031
0.000060
0.000108
0.001439
0.000300
0.002169
0.000946
0.002070
0.000362
0.002114
0.000674
0.007809
0.001382
0.001107
0.000734
0.015522
0.002695
0.000471
0.000172
0.016939
0.002333
0.000389
0.000070
0.000982
0.000139
0.000134
0.000019
0.001131
0.000106
0.000278
0.000120
0.008760
0.001383
0.000050
0.000019
0.004538
0.000665
0.000557
0.000122
0.003228
0.000352
0.000115
0.000044
0.002179
0.000229
0.000000
0.000001
0.000002
0.000003
0.000018
0.000147
0.000835
0.000593
0.000070
0.000301
0.000012
0.000028
0.000231
0.000799
0.001050
0.000643
0.000000
0.000023
0.000017
0.000062
0.000011
0.000036
0.000187
0.000237
0.000257
0.004685
0.000282
0.000207
0.000425
0.003163
0.001883
0.001534
0.000027
0.000287
0.000630
0.000342
0.000030
0.000146
0.001586
0.000855
0.000168
0.000654
0.000254
0.000177
0.000088
0.000136
0.000584
0.000270
0.000005
0.000080
0.000240
0.000268
0.000007
0.000061
0.000325
0.000249
0.000243
0.002302
0.000819
0.000320
0.000018
0.000396
0.000861
0.000342
0.000001
0.000195
0.000000
0.000000
0.000005
0.000355
0.000084
0.000331
0.000041
0.001484
0.000039
0.000013
0.000204
0.001443
0.000200
0.000379
0.000000
0.000722
0.000013
0.000052
0.000006
0.000577
0.000060
0.000389
0.000816
0.081858
0.000351
0.001574
0.000511
0.027312
0.000906
0.003440
0.000544
0.055906
0.002473
0.008957
0.000116
0.004599
0.002356
0.005505
0.000528
0.022248
0.000626
0.000867
0.000139
0.001665
0.000408
0.000538
0.000180
0.047108
0.001990
0.011110
0.000007
0.002327
0.001061
0.003577
0.001230
0.159174
0.002402
0.008406
0.000275
0.011260
0.001501
0.003057