0.018576
0.000495
0.002967
0.000096
0.004306
0.000712
0.000420
0.000089
0.285623
0.007666
0.041499
0.001540
0.067339
0.009098
0.006594
0.001177
0.000410
0.000036
0.000296
0.000052
0.000341
0.000318
0.000245
0.000350
0.004121
0.000449
0.003465
0.000415
0.004675
0.003017
0.001929
0.001828
0.001145
0.000191
0.000695
0.000169
0.000234
0.000125
0.000106
0.000091
0.010677
0.001919
0.007997
0.001384
0.002402
0.001009
0.000788
0.000708
0.000034
0.000023
0.000332
0.000286
0.000079
0.000171
0.000053
0.001120
0.000526
0.000139
0.002076
0.001623
0.000395
0.001504
0.000432
0.003210
0.004303
0.000204
0.000843
0.000013
0.001046
0.000172
0.000133
0.000014
0.009373
0.000229
0.001579
0.000081
0.002301
0.000504
0.000335
0.000121
0.000255
0.000151
0.000309
0.000177
0.000242
0.000851
0.000277
0.001275
0.000477
0.000050
0.000552
0.000107
0.000457
0.000716
0.000303
0.000648
0.001522
0.000361
0.001614
0.000594
0.000216
0.000231
0.000087
0.000160
0.002431
0.000687
0.002564
0.000972
0.000840
0.000399
0.000237
0.000337
0.000408
0.000969
0.003530
0.023799
0.000262
0.015455
0.001474
0.346607
0.000633
0.000532
0.004256
0.007232
0.000486
0.005298
0.000772
0.035148