0.000009
0.000204
0.086278
0.019114
0.000220
0.005016
0.007899
0.004588
0.000052
0.000159
0.073847
0.026201
0.000049
0.001743
0.004327
0.003654
0.002905
0.000898
0.097531
0.005909
0.001576
0.002814
0.003976
0.000947
0.001481
0.000865
0.079935
0.007200
0.000400
0.000962
0.001624
0.000727
0.000057
0.000873
0.008017
0.007528
0.000710
0.066475
0.002864
0.007028
0.000143
0.001862
0.020813
0.021341
0.000560
0.127486
0.003921
0.012629
0.005930
0.008811
0.010563
0.003032
0.012198
0.060988
0.002194
0.001952
0.010805
0.020941
0.024263
0.008591
0.010005
0.089830
0.001946
0.002528