0.000000
0.000211
0.000026
0.000247
0.000037
0.007826
0.000288
0.012443
0.000002
0.000213
0.000029
0.000138
0.000075
0.000880
0.000096
0.000955
0.000038
0.000105
0.000026
0.000272
0.000570
0.012691
0.002566
0.017304
0.000031
0.000101
0.000025
0.000095
0.000661
0.001552
0.001284
0.002053
0.000632
0.005314
0.003761
0.007589
0.005378
0.082336
0.030496
0.101155
0.000398
0.000337
0.000685
0.000575
0.001042
0.002175
0.002436
0.002598
0.000203
0.000407
0.000425
0.000478
0.005726
0.018023
0.010537
0.020397
0.000144
0.000144
0.000092
0.000127
0.001584
0.000951
0.001524
0.001291
0.000000
0.000038
0.000134
0.000367
0.000000
0.000066
0.000077
0.000555
0.000214
0.000222
0.000554
0.000778
0.000012
0.000024
0.000096
0.000086
0.000112
0.000089
0.000628
0.000649
0.000690
0.000500
0.002894
0.003124
0.002279
0.000740
0.002946
0.001327
0.001598
0.000581
0.003324
0.001195
0.000607
0.000344
0.003502
0.001664
0.000993
0.000640
0.004669
0.003820
0.001602
0.000290
0.002358
0.000946
0.000266
0.000094
0.000756
0.000291
0.000587
0.000059
0.001587
0.000454
0.002129
0.000637
0.006045
0.002667
0.001772
0.000158
0.001450
0.000404
0.001552
0.000185
0.001810
0.000303
0.000000
0.000062
0.000000
0.000134
0.000026
0.001477
0.000140
0.002074
0.000438
0.000920
0.000132
0.000806
0.000144
0.001586
0.000173
0.001316
0.000013
0.000119
0.000026
0.000118
0.000281
0.002827
0.000419
0.003283
0.001039
0.000967
0.000334
0.000466
0.001702
0.003682
0.000597
0.002553
0.000371
0.000861
0.000836
0.001056
0.001684
0.007513
0.003339
0.008796
0.002202
0.001282
0.001287
0.001084
0.001837
0.001564
0.001643
0.001862
0.000164
0.000137
0.000143
0.000210
0.001091
0.001877
0.001588
0.002078
0.000862
0.000247
0.000302
0.000169
0.001970
0.000878
0.000938
0.000601
0.000017
0.000181
0.000251
0.000661
0.000000
0.000088
0.000136
0.000418
0.023228
0.011310
0.014400
0.014334
0.000495
0.000587
0.000525
0.000909
0.000253
0.000337
0.000878
0.000940
0.000743
0.000823
0.002225
0.002603
0.141759
0.021494
0.038687
0.019538
0.032705
0.006019
0.011269
0.007148
0.001153
0.000354
0.003708
0.001729
0.001105
0.000616
0.002990
0.002303
0.021521
0.003665
0.012952
0.005055
0.002747
0.000434
0.002554
0.000870
0.000829
0.000045
0.001747
0.000584
0.002017
0.000308
0.004015
0.001915
0.022300
0.002227
0.007658
0.002615
0.007632
0.000893
0.004798
0.001023