0.011936
0.006103
0.003739
0.001768
0.011138
0.014780
0.012721
0.015583
0.033607
0.005267
0.019822
0.004451
0.005600
0.003761
0.040649
0.022663
0.025731
0.009342
0.005321
0.002571
0.013445
0.015294
0.013372
0.016144
0.047542
0.005578
0.024395
0.004939
0.004405
0.003444
0.029111
0.019088
0.006755
0.011254
0.001921
0.003724
0.006695
0.027137
0.007092
0.029154
0.015523
0.008726
0.008995
0.008084
0.003158
0.005633
0.021137
0.040573
0.022233
0.024323
0.004742
0.006535
0.014151
0.041666
0.014732
0.040323
0.034565
0.014272
0.019114
0.012392
0.005171
0.008415
0.028553
0.049939