0.000299
0.006732
0.000411
0.005116
0.000898
0.001663
0.007934
0.006301
0.001047
0.012932
0.001060
0.012858
0.002915
0.003803
0.025113
0.016164
0.000140
0.019207
0.000015
0.002607
0.000109
0.002459
0.000213
0.002661
0.000004
0.001422
0.000002
0.000506
0.000025
0.000318
0.000073
0.000579
0.000502
0.000567
0.000488
0.000370
0.002540
0.000220
0.019294
0.000714
0.000394
0.000475
0.000379
0.000491
0.001393
0.000240
0.010409
0.000931
0.010273
0.216468
0.001222
0.010951
0.014338
0.029033
0.019400
0.011710
0.000341
0.003938
0.000090
0.000477
0.000773
0.000799
0.001686
0.000499
0.000023
0.000120
0.000112
0.000475
0.000033
0.000024
0.001765
0.000751
0.000718
0.002613
0.009691
0.024029
0.000913
0.000571
0.162417
0.043428
0.000042
0.001963
0.000045
0.001963
0.000021
0.000484
0.000345
0.001578
0.000057
0.000823
0.000060
0.001166
0.000027
0.000173
0.000479
0.001337
0.000047
0.000008
0.000198
0.000019
0.000107
0.000000
0.005767
0.000075
0.000127
0.000149
0.001683
0.001051
0.000263
0.000043
0.031250
0.002010
0.006611
0.039710
0.007221
0.029576
0.005998
0.007963
0.039897
0.025338
0.001576
0.007518
0.001988
0.006535
0.001194
0.001363
0.012943
0.006532