0.000000
0.000000
0.000003
0.000000
0.001676
0.000333
0.000104
0.000017
0.000012
0.000003
0.000000
0.000187
0.000086
0.000104
0.000029
0.000048
0.000019
0.000015
0.000007
0.000003
0.000587
0.000136
0.000007
0.000050
0.000002
0.000263
0.000084
0.115666
0.000033
0.000208
0.000042
0.000816
0.000031
0.000018
0.000043
0.000086
0.021517
0.037976
0.001150
0.007745
0.000028
0.000279
0.000060
0.013762
0.002153
0.032868
0.000888
0.047134
0.000007
0.000019
0.000025
0.000031
0.000982
0.000898
0.000067
0.000182
0.000000
0.000295
0.000036
0.027283
0.000190
0.002994
0.000156
0.010891
0.000044
0.000000
0.000030
0.000013
0.000484
0.000100
0.000012
0.000011
0.000000
0.000000
0.000000
0.000024
0.000005
0.000011
0.000009
0.000005
0.000775
0.000268
0.000805
0.000585
0.000301
0.000097
0.000021
0.000021
0.000124
0.000339
0.000698
0.064871
0.000037
0.000119
0.000000
0.000259
0.000040
0.000034
0.000048
0.000062
0.004956
0.006235
0.000314
0.001261
0.000010
0.000020
0.000007
0.000378
0.000184
0.003157
0.000108
0.001931
0.000038
0.000023
0.000006
0.000042
0.000468
0.000366
0.000023
0.000066
0.000002
0.000106
0.000030
0.006479
0.000022
0.000416
0.000009
0.000893
0.000109
0.000003
0.000057
0.000000
0.020720
0.000340
0.000711
0.000016
0.000000
0.000000
0.000064
0.000106
0.000499
0.000120
0.000200
0.000022
0.000225
0.000000
0.000090
0.000007
0.002194
0.000086
0.000086
0.000015
0.000099
0.000018
0.001296
0.013382
0.000109
0.000129
0.000066
0.000143
0.000325
0.000015
0.000135
0.000040
0.103979
0.016827
0.004748
0.002714
0.000078
0.000021
0.000272
0.002485
0.005136
0.007802
0.002069
0.007449
0.000052
0.000001
0.000036
0.000004
0.003318
0.000456
0.000153
0.000071
0.000028
0.000067
0.000124
0.003669
0.000443
0.000587
0.000299
0.001583
0.004622
0.000003
0.001811
0.000019
0.026929
0.000117
0.000986
0.000043
0.000064
0.000000
0.000177
0.000026
0.000389
0.000009
0.000181
0.000000
0.056616
0.000686
0.043984
0.001634
0.009128
0.000127
0.000679
0.000039
0.006010
0.000514
0.031749
0.040003
0.000401
0.000068
0.000162
0.000117
0.003593
0.000067
0.001343
0.000059
0.097582
0.006374
0.004135
0.001257
0.000119
0.000034
0.000323
0.000251
0.002116
0.002027
0.000724
0.001246
0.002370
0.000144
0.001295
0.000101
0.006791
0.000436
0.000383
0.000086
0.000185
0.000054
0.000452
0.003702
0.000357
0.000344
0.000223
0.000498