0.000389
0.000030
0.001983
0.000081
0.001319
0.000135
0.002100
0.000233
0.074052
0.003914
0.008436
0.000457
0.083929
0.007016
0.005525
0.000465
0.000039
0.000102
0.000236
0.000457
0.001089
0.008566
0.001594
0.011222
0.002438
0.001010
0.000363
0.000207
0.010127
0.022423
0.000896
0.002480
0.001542
0.000078
0.069894
0.003506
0.002640
0.000149
0.024464
0.001761
0.029339
0.001511
0.027785
0.001522
0.024629
0.001678
0.010936
0.000657
0.000034
0.000004
0.001683
0.001903
0.000621
0.002971
0.004783
0.021898
0.000609
0.000146
0.000450
0.000292
0.001323
0.002807
0.000799
0.001697
0.000062
0.000017
0.000442
0.000158
0.000170
0.000067
0.000248
0.000129
0.014160
0.004783
0.002179
0.000624
0.009012
0.004599
0.000648
0.000368
0.000059
0.001418
0.000442
0.010127
0.000379
0.023724
0.000784
0.038408
0.001404
0.010958
0.000231
0.002993
0.002535
0.051892
0.000263
0.006804
0.000539
0.000157
0.031895
0.011055
0.000689
0.000365
0.006047
0.002931
0.010022
0.003343
0.010548
0.003691
0.003968
0.002064
0.001950
0.001038
0.000074
0.000989
0.003062
0.053322
0.000252
0.009666
0.003595
0.128409
0.000404
0.002453
0.000724
0.003845
0.000706
0.007723
0.000338
0.006625