010001000 0.035280 0.000604
010000100 0.000864 0.000093
011001001 0.038734 0.000640
010100101 0.004566 0.000048
100110101 0.007006 0.000171
010110111 0.010650 0.000152
000110111 0.015262 0.000719
100110111 0.025425 0.000539
010001011 0.021006 0.001378
010111100 0.000723 0.000024
010100100 0.014850 0.000226
000110100 0.018563 0.000881
101110100 0.009961 0.000228
101011001 0.015276 0.000454
101110101 0.008946 0.000095
101111101 0.002824 0.000133
011100011 0.017062 0.000117
101001100 0.003723 0.000387
000111100 0.001911 0.000030
101010111 0.002529 0.000222
101110111 0.029034 0.000213
011100111 0.014590 0.000107
101111011 0.003069 0.000232
100110110 0.023168 0.000428
011001011 0.062003 0.000725
011111011 0.001088 0.000226
111000110 0.000121 0.000016
111001010 0.001453 0.000238
111000010 0.000194 0.000044
011000000 0.001517 0.000077
101100100 0.002346 0.000068
101001000 0.016453 0.001157
101001001 0.014769 0.000891
101100101 0.002144 0.000145
100011100 0.000931 0.000179
010001100 0.000681 0.000104
011000011 0.008348 0.000406
101001011 0.022254 0.000220
010110100 0.011167 0.000407
010100110 0.018974 0.000523
101100110 0.001114 0.000089
101000110 0.001078 0.000043
101001010 0.003485 0.000199
111100110 0.000204 0.000050
000110110 0.024636 0.000243
111001011 0.009386 0.000349
011001000 0.045898 0.000293
101011100 0.003159 0.000220
011101001 0.003931 0.000120
010001001 0.011567 0.000572
101011011 0.020951 0.000647
010000001 0.000961 0.000062
011100101 0.003841 0.000498
001011001 0.000261 0.000102
111000001 0.000315 0.000019
111100011 0.001434 0.000124
101011000 0.016545 0.000183
010100000 0.002579 0.000037
000111000 0.000811 0.000139
010110000 0.001306 0.000110
110100100 0.000323 0.000053
110001000 0.002316 0.000257
100110100 0.020253 0.000207
100001000 0.002451 0.000081
100001011 0.001695 0.000209
100000111 0.001226 0.000173
100011111 0.000467 0.000113
010000011 0.005857 0.000233
010100111 0.018196 0.000185
010011010 0.000391 0.000072
100111110 0.000990 0.000091
010001110 0.000295 0.000083
100100110 0.000459 0.000082
100001110 0.000145 0.000054
101010101 0.000722 0.000082
011110101 0.000939 0.000128
011100001 0.002963 0.000134
010110110 0.016598 0.000791
101111010 0.000513 0.000092
101000100 0.002266 0.000138
011100100 0.004157 0.000205
100100111 0.000675 0.000092
110000011 0.000461 0.000095
010111000 0.001310 0.000100
101111111 0.003212 0.000026
111001001 0.005669 0.000440
111100101 0.000284 0.000033
000110101 0.003774 0.000125
010001010 0.018956 0.000199
100011010 0.001783 0.000310
111000011 0.001456 0.000029
011100000 0.003107 0.000285
111100100 0.000343 0.000034
010000111 0.001235 0.000211
011111001 0.000749 0.000025
010110101 0.002872 0.000178
101011101 0.002751 0.000172
101001111 0.004637 0.000267
010000010 0.004710 0.000098
001001001 0.001925 0.000183
100111101 0.000791 0.000094
010101011 0.002095 0.000101
010100011 0.006548 0.000149
100000101 0.000273 0.000088
100001001 0.001035 0.000016
101000111 0.007565 0.000211
100111100 0.002068 0.000105
011101000 0.004549 0.000212
101111100 0.002851 0.000096
111100001 0.000240 0.000021
111101001 0.000393 0.000063
100010100 0.000511 0.000094
010110010 0.002922 0.000295
111100010 0.000221 0.000057
011101011 0.008518 0.000327
010111010 0.000968 0.000139
001001000 0.002095 0.000166
011011000 0.000787 0.000029
011001010 0.010893 0.000508
101100111 0.007396 0.000126
110110000 0.000060 0.000034
010011000 0.000652 0.000131
001011011 0.000375 0.000053
001111011 0.000544 0.000072
011100010 0.002301 0.000125
110100101 0.000072 0.000045
110001001 0.000934 0.000229
101001101 0.003243 0.000124
101000011 0.001421 0.000095
011000001 0.001769 0.000191
101000001 0.000318 0.000106
001110111 0.002862 0.000247
011110111 0.003504 0.000279
001111001 0.000329 0.000053
101111001 0.001850 0.000122
101110011 0.000918 0.000014
100111111 0.001004 0.000079
010000110 0.001340 0.000113
000111010 0.000680 0.000099
000111110 0.000912 0.000124
101000101 0.002345 0.000196
100011000 0.003795 0.000379
111001000 0.006744 0.000150
000001010 0.000285 0.000052
011100110 0.002450 0.000435
110011010 0.000065 0.000016
100010110 0.000494 0.000092
011110011 0.001976 0.000249
001111111 0.000291 0.000025
100011110 0.000437 0.000060
110011011 0.000119 0.000005
110010111 0.000022 0.000021
011000010 0.001220 0.000239
101011111 0.003706 0.000311
110001011 0.001460 0.000168
100000011 0.000149 0.000085
010101010 0.001639 0.000338
001011000 0.000336 0.000024
011011101 0.000018 0.000015
010110011 0.002839 0.000195
011011010 0.000219 0.000042
011110010 0.000368 0.000057
000110010 0.000470 0.000116
000110011 0.000484 0.000079
110111000 0.000136 0.000024
010100010 0.005058 0.000249
010111101 0.000173 0.000017
111101111 0.000105 0.000030
100011011 0.002538 0.000148
111101011 0.000680 0.000048
010111110 0.000503 0.000014
011001110 0.000207 0.000025
100001010 0.001100 0.000081
101011010 0.003569 0.000243
101110110 0.005145 0.000167
001001011 0.002706 0.000084
010111111 0.000297 0.000029
100000100 0.000682 0.000063
100001100 0.000631 0.000072
101110000 0.000172 0.000038
100110000 0.000143 0.000036
010111011 0.000924 0.000052
111011000 0.000371 0.000029
001001101 0.000197 0.000041
001001100 0.000191 0.000078
011001100 0.000904 0.000067
110110100 0.000399 0.000069
110110110 0.000626 0.000060
110110010 0.000157 0.000038
010011011 0.000417 0.000097
100011001 0.001621 0.000120
011011011 0.001092 0.000128
010000000 0.002232 0.000302
010101111 0.000457 0.000132
101101111 0.000374 0.000063
011110110 0.000618 0.000041
001110101 0.000831 0.000099
011111000 0.000848 0.000247
001110110 0.000487 0.000103
011101010 0.001315 0.000210
001111010 0.000089 0.000018
110100011 0.000311 0.000024
000001000 0.000481 0.000062
100111000 0.000663 0.000058
110000111 0.000228 0.000025
001100111 0.000733 0.000048
001001111 0.000268 0.000038
110001010 0.001117 0.000090
110001110 0.000039 0.000020
100101100 0.000069 0.000023
011101100 0.000803 0.000059
011101101 0.000634 0.000073
010111001 0.000400 0.000041
100111010 0.000456 0.000073
011011001 0.000683 0.000084
110110101 0.000111 0.000044
000111111 0.000635 0.000129
101111000 0.001941 0.000065
001000011 0.000137 0.000016
011000111 0.001136 0.000085
001101101 0.000152 0.000057
100010111 0.000601 0.000074
011110100 0.001071 0.000062
101100000 0.000060 0.000008
000111101 0.000444 0.000019
110000000 0.000294 0.000043
111001111 0.000271 0.000085
111110111 0.000371 0.000023
110110111 0.000468 0.000052
110110011 0.000223 0.000040
111100111 0.001170 0.000107
010011001 0.000250 0.000031
111101000 0.000338 0.000042
001110100 0.000990 0.000119
110111011 0.000151 0.000036
100000110 0.000713 0.000119
110111101 0.000020 0.000015
101001110 0.000766 0.000122
101111110 0.000543 0.000080
101110001 0.000210 0.000031
000111011 0.000538 0.000079
001011111 0.000041 0.000018
110100000 0.000076 0.000023
010101001 0.000778 0.000098
100100101 0.000164 0.000016
111000101 0.000168 0.000015
101010100 0.000700 0.000095
100111011 0.000607 0.000080
111110011 0.000194 0.000061
000100111 0.000487 0.000097
010001101 0.000215 0.000030
100001101 0.000262 0.000057
011001111 0.001167 0.000139
111111100 0.000048 0.000034
000101000 0.000022 0.000022
111010111 0.000032 0.000010
001100011 0.000234 0.000025
111001100 0.000222 0.000003
011111010 0.000269 0.000030
011111101 0.000126 0.000041
010101101 0.000303 0.000076
100011101 0.000381 0.000087
100010101 0.000190 0.000037
101100011 0.000158 0.000031
001111100 0.000262 0.000043
010101000 0.002030 0.000205
010101110 0.000465 0.000079
001101100 0.000209 0.000057
001110000 0.000025 0.000014
000100100 0.000298 0.000065
111000100 0.000196 0.000055
000110000 0.000217 0.000084
110011100 0.000003 0.000004
110011000 0.000113 0.000028
111011011 0.000502 0.000006
000001001 0.000210 0.000051
101011110 0.000674 0.000025
001111000 0.000379 0.000092
011101111 0.001126 0.000203
000101010 0.000025 0.000023
010001111 0.000368 0.000123
111111011 0.000239 0.000023
100001111 0.000296 0.000063
010101100 0.000644 0.000160
100100100 0.000438 0.000074
001111101 0.000209 0.000059
111111000 0.000187 0.000078
010100001 0.001072 0.000079
000111001 0.000275 0.000034
000110001 0.000065 0.000028
110001100 0.000102 0.000080
101101011 0.000205 0.000067
010010010 0.000066 0.000014
011000110 0.000219 0.000059
101010110 0.000396 0.000037
011111110 0.000055 0.000010
110100111 0.000486 0.000107
001111110 0.000067 0.000028
011101110 0.000152 0.000018
101101110 0.000075 0.000024
010000101 0.000317 0.000065
010110001 0.000460 0.000026
001101011 0.000280 0.000034
111011010 0.000083 0.000020
111110110 0.000071 0.000003
100110011 0.000384 0.000105
000100101 0.000094 0.000053
000100110 0.000347 0.000072
101000010 0.000128 0.000022
111110100 0.000121 0.000015
110000110 0.000264 0.000057
001011010 0.000084 0.000064
110000100 0.000208 0.000048
110100010 0.000120 0.000058
000011000 0.000125 0.000042
111101110 0.000010 0.000006
100110010 0.000236 0.000027
111011001 0.000202 0.000056
001011101 0.000035 0.000024
111000111 0.000591 0.000065
011110001 0.000416 0.000083
101010001 0.000179 0.000043
100010000 0.000048 0.000008
001010101 0.000002 0.000003
001001010 0.000496 0.000060
111111101 0.000022 0.000002
111101100 0.000077 0.000017
100111001 0.000237 0.000095
011110000 0.000390 0.000078
101101101 0.000286 0.000060
110111010 0.000078 0.000023
101101100 0.000314 0.000040
001100100 0.000222 0.000076
011001101 0.000726 0.000118
011010000 0.000024 0.000011
101010000 0.000128 0.000047
111100000 0.000175 0.000050
100010011 0.000098 0.000021
110101010 0.000036 0.000011
110111001 0.000057 0.000017
001110011 0.000162 0.000038
111110000 0.000039 0.000006
011000100 0.000226 0.000022
001101111 0.000194 0.000060
011111111 0.000212 0.000076
111110001 0.000028 0.000022
001000111 0.000052 0.000018
101010011 0.000692 0.000149
001110010 0.000023 0.000007
110000010 0.000230 0.000028
111110101 0.000067 0.000020
001101000 0.000168 0.000074
000001011 0.000321 0.000131
001101001 0.000184 0.000015
001100110 0.000140 0.000054
110000001 0.000086 0.000055
011111100 0.000141 0.000061
000101111 0.000020 0.000010
110100110 0.000349 0.000068
001100000 0.000035 0.000012
010010000 0.000041 0.000026
100000000 0.000068 0.000035
101010010 0.000091 0.000024
011000101 0.000225 0.000053
111101101 0.000133 0.000038
111111111 0.000028 0.000013
101101000 0.000122 0.000025
001010111 0.000005 0.000006
011010011 0.000114 0.000053
110001101 0.000043 0.000023
101000000 0.000262 0.000079
110000101 0.000060 0.000038
011010111 0.000012 0.000007
110111111 0.000011 0.000004
001100101 0.000204 0.000041
110111100 0.000029 0.000009
011010001 0.000011 0.000007
110101011 0.000085 0.000049
100010010 0.000060 0.000013
100110001 0.000050 0.000007
111000000 0.000299 0.000043
101101010 0.000057 0.000005
001001110 0.000037 0.000019
111010011 0.000049 0.000003
110001111 0.000089 0.000010
101110010 0.000102 0.000022
011011100 0.000035 0.000006
111111001 0.000143 0.000029
000000100 0.000021 0.000015
100101101 0.000019 0.000014
100101011 0.000022 0.000018
111011111 0.000013 0.000010
100100011 0.000016 0.000007
001011100 0.000024 0.000010
001101010 0.000082 0.000028
011010010 0.000014 0.000014
110101111 0.000011 0.000007
110011001 0.000113 0.000070
011011111 0.000026 0.000012
111101010 0.000135 0.000012
101101001 0.000119 0.000007
000101100 0.000032 0.000015
101100001 0.000051 0.000043
001000001 0.000025 0.000025
100000010 0.000109 0.000014
010011101 0.000003 0.000002
000001101 0.000028 0.000006
000010101 0.000001 0.000002
010010110 0.000009 0.000009
110010110 0.000021 0.000009
100000001 0.000019 0.000012
111011101 0.000019 0.000011
000100010 0.000011 0.000016
000011011 0.000066 0.000025
111110010 0.000055 0.000013
111001110 0.000032 0.000015
001000101 0.000009 0.000006
011010101 0.000006 0.000008
110110001 0.000037 0.000029
001100001 0.000035 0.000015
000001111 0.000042 0.000032
111001101 0.000154 0.000016
110101001 0.000060 0.000039
111111110 0.000008 0.000004
010010011 0.000066 0.000028
001101110 0.000041 0.000009
101100010 0.000010 0.000000
010010111 0.000024 0.000009
000100011 0.000046 0.000053
000011001 0.000018 0.000013
111010001 0.000011 0.000006
110101100 0.000033 0.000006
000101101 0.000017 0.000016
100101111 0.000025 0.000008
110101000 0.000058 0.000009
001110001 0.000027 0.000009
111111010 0.000063 0.000018
111010110 0.000012 0.000008
000101001 0.000020 0.000028
000001100 0.000046 0.000031
110011111 0.000008 0.000007
100100001 0.000007 0.000009
000000010 0.000015 0.000011
001011110 0.000001 0.000001
000011010 0.000072 0.000008
001100010 0.000023 0.000021
001000100 0.000013 0.000018
110111110 0.000010 0.000004
010011111 0.000008 0.000003
100010001 0.000025 0.000008
111011100 0.000011 0.000009
010011110 0.000022 0.000027
110101101 0.000014 0.000017
110101110 0.000004 0.000004
111010100 0.000011 0.000009
111011110 0.000003 0.000003
000000110 0.000024 0.000009
110011110 0.000004 0.000006
000000001 0.000014 0.000009
000000101 0.000012 0.000016
100100010 0.000001 0.000001
011011110 0.000001 0.000001
111010010 0.000016 0.000010
100101110 0.000008 0.000004
111010101 0.000003 0.000002
110100001 0.000017 0.000017
110010100 0.000006 0.000006
000101110 0.000008 0.000009
110010011 0.000018 0.000016
000010010 0.000014 0.000006
001010011 0.000007 0.000005
000011100 0.000008 0.000007
000000111 0.000023 0.000017
110010010 0.000001 0.000001
110010000 0.000007 0.000006
001000000 0.000009 0.000011
100101010 0.000000 0.000001
000011101 0.000022 0.000031
010011100 0.000011 0.000008
110010001 0.000008 0.000006
011010110 0.000002 0.000002
001000110 0.000004 0.000005
001000010 0.000011 0.000014
000000011 0.000010 0.000014
000010110 0.000001 0.000001
111010000 0.000001 0.000001
110010101 0.000001 0.000002
000101011 0.000008 0.000011
001010001 0.000004 0.000006
000000000 0.000001 0.000022
000001110 0.000020 0.000029
000011110 0.000004 0.000005
010010100 0.000005 0.000006
