10010011 0.023150 0.001551
10110100 0.009968 0.000095
01100100 0.012922 0.000338
10000011 0.034334 0.000253
00100100 0.018687 0.000703
11000011 0.052133 0.000178
11010001 0.001430 0.000420
11110100 0.023467 0.000385
11101100 0.008270 0.000216
01000100 0.002014 0.000141
10001011 0.031130 0.001148
00001100 0.004025 0.000242
11110010 0.011035 0.000124
01110100 0.026205 0.000226
00111100 0.059189 0.000589
11001011 0.055953 0.000480
01111100 0.057234 0.000788
11011011 0.041198 0.000880
11110011 0.016252 0.000363
11110000 0.004820 0.000453
10101011 0.003724 0.000228
00101100 0.029820 0.000425
10101001 0.000438 0.000074
10101100 0.003443 0.000079
11010011 0.039274 0.001138
00110010 0.000836 0.000119
00110100 0.036810 0.000371
10111100 0.006095 0.000121
10011011 0.022070 0.000320
00001011 0.016881 0.000330
01000101 0.000935 0.000055
00110000 0.000221 0.000054
01010011 0.001654 0.000104
11111100 0.018056 0.001029
11001010 0.001164 0.000260
00000100 0.002519 0.000062
00011101 0.001823 0.000113
00011011 0.012559 0.000247
11111010 0.010999 0.000433
10111011 0.008522 0.000318
01001011 0.009475 0.000401
01001101 0.002187 0.000240
01101100 0.029054 0.000133
10110010 0.006349 0.000372
11100100 0.012371 0.000380
10110101 0.000692 0.000058
00111011 0.003868 0.000244
00000011 0.006307 0.000553
00100101 0.000704 0.000084
11011001 0.001426 0.000289
11101010 0.005894 0.000193
10100100 0.005230 0.000191
01000011 0.002166 0.000107
11000100 0.001351 0.000071
00001111 0.001134 0.000149
11111011 0.016395 0.000037
11101011 0.006807 0.000447
11101101 0.000568 0.000082
00111110 0.002332 0.000239
11111001 0.002909 0.000270
01111101 0.002101 0.000204
00100010 0.000509 0.000054
11000001 0.001393 0.000225
11001100 0.000933 0.000175
01011100 0.001530 0.000203
11011010 0.000576 0.000062
10111010 0.005714 0.000566
11101000 0.001894 0.000065
11010111 0.000476 0.000103
00101110 0.001789 0.000334
10101000 0.000944 0.000136
10100011 0.004002 0.000233
10000101 0.000607 0.000044
00010111 0.000458 0.000121
00100110 0.001011 0.000112
11100010 0.006124 0.000193
00000101 0.001493 0.000135
01101110 0.001449 0.000188
10000010 0.000685 0.000077
10110001 0.001753 0.000079
01111000 0.000231 0.000127
10110011 0.009470 0.000193
10110110 0.000832 0.000094
11101001 0.001057 0.000090
01011011 0.005959 0.000189
11111000 0.004442 0.000032
00111010 0.002240 0.000150
10011111 0.000418 0.000135
00010011 0.004440 0.000091
11111111 0.000612 0.000029
11001101 0.000630 0.000100
01110110 0.000812 0.000043
00011111 0.000945 0.000065
10101010 0.003140 0.000045
01001100 0.003784 0.000371
01011110 0.000220 0.000050
10111001 0.001209 0.000024
01110101 0.001123 0.000048
11001001 0.001429 0.000075
11000010 0.001053 0.000102
11111110 0.001296 0.000170
01011101 0.001936 0.000206
01111001 0.000138 0.000024
11100111 0.000185 0.000032
11100011 0.006744 0.000136
10111110 0.000725 0.000023
10011001 0.000826 0.000059
10111000 0.001979 0.000165
01001111 0.000789 0.000038
11100110 0.000752 0.000153
11110101 0.001462 0.000141
11110001 0.003331 0.000402
01111011 0.001843 0.000188
10110000 0.002720 0.000229
10100010 0.003592 0.000252
01111110 0.002245 0.000160
11011111 0.000579 0.000074
11100101 0.000767 0.000033
10000100 0.000564 0.000032
11100000 0.002063 0.000121
01001110 0.000695 0.000046
00011100 0.001642 0.000282
10000001 0.000744 0.000100
11110110 0.001486 0.000072
00110101 0.001258 0.000107
10111101 0.000452 0.000024
01111111 0.000368 0.000061
00001101 0.002605 0.000118
00101010 0.001049 0.000143
01010100 0.000769 0.000100
00010101 0.001184 0.000088
11101111 0.000288 0.000039
10001010 0.000575 0.000164
11111101 0.001223 0.000103
01010101 0.000921 0.000116
00101101 0.001377 0.000115
01111010 0.001065 0.000083
01101011 0.000809 0.000114
01000110 0.000352 0.000090
01011111 0.000666 0.000110
01110011 0.000391 0.000048
10100101 0.000373 0.000072
11000101 0.000837 0.000166
10011100 0.000120 0.000049
00110011 0.001336 0.000098
10010001 0.000963 0.000042
00100011 0.000638 0.000021
00111101 0.002426 0.000157
00110110 0.001206 0.000070
11110111 0.000490 0.000124
00000111 0.000574 0.000021
00100111 0.000136 0.000031
11010101 0.000648 0.000043
11101110 0.000816 0.000082
00111111 0.000732 0.000051
10110111 0.000373 0.000092
11000111 0.000416 0.000030
01101010 0.000668 0.000072
10101110 0.000313 0.000015
11011101 0.000681 0.000098
01100101 0.000546 0.000161
01000111 0.000335 0.000056
10001100 0.000288 0.000082
00110111 0.000300 0.000099
10101111 0.000133 0.000039
00001110 0.000651 0.000081
00101111 0.000341 0.000054
10010101 0.000335 0.000080
10001000 0.000058 0.000042
10001001 0.000528 0.000099
10001101 0.000361 0.000018
10010100 0.000290 0.000027
10001110 0.000075 0.000016
00111001 0.000368 0.000077
00000110 0.000368 0.000030
00010100 0.001179 0.000268
00111000 0.000458 0.000055
10010111 0.000316 0.000036
11100001 0.001364 0.000104
10100000 0.001037 0.000070
11000110 0.000210 0.000018
00110001 0.000162 0.000020
11001111 0.000624 0.000148
00001010 0.000380 0.000169
10001111 0.000335 0.000087
10111111 0.000342 0.000044
00010010 0.000024 0.000013
01010111 0.000289 0.000125
10100001 0.000485 0.000056
01101101 0.001259 0.000152
01100010 0.000105 0.000030
00011001 0.000243 0.000115
00011110 0.000269 0.000037
00010001 0.000060 0.000034
01100110 0.000584 0.000137
11010100 0.000584 0.000063
01101111 0.000165 0.000019
00101011 0.001480 0.000163
00101001 0.000169 0.000047
00001001 0.000337 0.000146
11011100 0.000369 0.000084
00010110 0.000149 0.000014
11010010 0.000419 0.000026
10100110 0.000472 0.000058
11001110 0.000179 0.000060
01110111 0.000198 0.000020
10011101 0.000228 0.000027
10101101 0.000254 0.000038
10000111 0.000344 0.000015
10000110 0.000165 0.000088
00101000 0.000248 0.000044
00100001 0.000066 0.000023
01101000 0.000106 0.000040
01110010 0.000246 0.000057
11011000 0.000039 0.000001
01110000 0.000095 0.000021
01011001 0.000160 0.000044
01100111 0.000116 0.000055
01010110 0.000138 0.000036
10010010 0.000312 0.000075
11001000 0.000046 0.000017
01100011 0.000238 0.000133
10100111 0.000175 0.000023
10010110 0.000052 0.000018
01001010 0.000195 0.000030
01101001 0.000063 0.000057
01010001 0.000039 0.000008
10011010 0.000218 0.000071
11011110 0.000067 0.000022
01100000 0.000006 0.000008
10000000 0.000067 0.000011
00000001 0.000100 0.000058
00011010 0.000091 0.000012
01001001 0.000166 0.000095
10010000 0.000054 0.000032
11010110 0.000098 0.000021
10011110 0.000056 0.000022
01000001 0.000022 0.000004
00000010 0.000111 0.000017
00001000 0.000028 0.000021
01000010 0.000045 0.000024
01011010 0.000027 0.000020
11010000 0.000012 0.000003
00100000 0.000034 0.000024
10011000 0.000017 0.000012
11000000 0.000038 0.000053
00000000 0.000008 0.000011
01110001 0.000007 0.000009
01100001 0.000014 0.000020
01010010 0.000013 0.000018
