10010011 0.023150 0.001551
01100100 0.012922 0.000338
10000011 0.034334 0.000253
00100100 0.018687 0.000703
11000011 0.052133 0.000178
11110100 0.023467 0.000385
10001011 0.031130 0.001148
11110010 0.011035 0.000124
01110100 0.026205 0.000226
00111100 0.059189 0.000589
11001011 0.055953 0.000480
01111100 0.057234 0.000788
11011011 0.041198 0.000880
11110011 0.016252 0.000363
00101100 0.029820 0.000425
11010011 0.039274 0.001138
00110100 0.036810 0.000371
10011011 0.022070 0.000320
00001011 0.016881 0.000330
11111100 0.018056 0.001029
00011011 0.012559 0.000247
11111010 0.010999 0.000433
01101100 0.029054 0.000133
11100100 0.012371 0.000380
11111011 0.016395 0.000037
