111110010 0.012935 0.000560
011011100 0.048309 0.001018
110111011 0.035126 0.000559
000011001 0.001067 0.000128
000011100 0.002136 0.000142
000001011 0.008793 0.000278
001001100 0.028964 0.000441
101100110 0.000518 0.000051
100100111 0.000307 0.000035
111011010 0.001014 0.000101
111111100 0.010624 0.000092
010001011 0.004035 0.000150
100111011 0.019304 0.000513
001011100 0.053904 0.000788
011111101 0.000315 0.000062
011001100 0.025001 0.000534
111100110 0.001277 0.000052
111100100 0.007240 0.000525
001000100 0.016252 0.000634
000100011 0.001981 0.000242
101100100 0.002987 0.000073
100100011 0.029059 0.000429
111100011 0.007123 0.000239
101101011 0.003347 0.000133
101001101 0.000101 0.000015
101111001 0.000388 0.000138
101111100 0.003864 0.000254
111111011 0.016559 0.000397
001011101 0.002414 0.000388
011010100 0.020158 0.000702
111110011 0.016785 0.000439
111110100 0.015052 0.000331
101110011 0.009783 0.000416
001110100 0.005850 0.000076
110101011 0.048800 0.000680
001111011 0.001185 0.000057
011111100 0.009541 0.000686
110100011 0.048100 0.000485
011000100 0.010296 0.000328
010000111 0.000142 0.000045
101111011 0.008385 0.000283
000011101 0.002741 0.000131
100011011 0.003576 0.000148
010001100 0.004526 0.000063
001111100 0.006897 0.000354
110010011 0.004483 0.000213
011010110 0.000261 0.000056
101110110 0.001158 0.000145
001010100 0.030875 0.000607
101100011 0.003944 0.000269
000101011 0.004565 0.000143
010100111 0.000188 0.000047
010011011 0.002736 0.000276
100110011 0.021222 0.000452
101111010 0.006165 0.000053
110111001 0.000461 0.000055
110011011 0.005285 0.000186
000110101 0.000172 0.000007
000000001 0.000508 0.000030
000000101 0.002026 0.000098
111100010 0.006783 0.000142
100000011 0.004594 0.000378
111010010 0.000877 0.000171
000001100 0.004849 0.000261
001010011 0.000439 0.000030
011001101 0.001164 0.000197
010001110 0.000253 0.000046
101110010 0.007045 0.000401
111101100 0.005009 0.000311
101101000 0.000326 0.000084
101101111 0.000142 0.000037
001101100 0.003264 0.000360
110110011 0.034888 0.001054
110110101 0.000402 0.000055
110010001 0.000733 0.000136
111100101 0.000341 0.000051
111110000 0.001887 0.000088
010001101 0.002856 0.000150
001010101 0.001483 0.000105
000111011 0.003138 0.000085
010011100 0.001705 0.000266
011100100 0.002849 0.000389
101011011 0.001028 0.000151
111001010 0.000598 0.000070
101000100 0.001609 0.000039
110000011 0.005843 0.000139
100001001 0.000854 0.000075
101001100 0.001158 0.000218
111010101 0.000429 0.000049
111011100 0.005337 0.000326
101110100 0.006362 0.000526
010101100 0.000510 0.000048
110001011 0.008065 0.000125
000101010 0.000093 0.000026
000101110 0.000168 0.000019
000000011 0.003044 0.000281
111111010 0.012452 0.000135
011011110 0.000743 0.000263
100101011 0.025377 0.000490
011101010 0.000249 0.000054
010101011 0.002955 0.000100
111101010 0.006782 0.000053
011101100 0.004916 0.000331
111111101 0.000645 0.000089
000010011 0.002276 0.000240
000010100 0.001118 0.000092
111000100 0.003479 0.000219
110101111 0.000508 0.000120
010000100 0.001685 0.000112
100001011 0.005056 0.000421
100111001 0.000315 0.000049
011011101 0.001759 0.000117
000111101 0.000198 0.000028
111111001 0.001037 0.000105
000101101 0.000260 0.000019
111010100 0.006457 0.000218
101101110 0.000517 0.000051
101101010 0.003199 0.000115
001111111 0.000192 0.000063
000010101 0.001326 0.000141
010001001 0.000654 0.000120
011110100 0.006057 0.000546
000001101 0.004147 0.000182
000101100 0.000385 0.000116
101011100 0.002163 0.000112
000000100 0.002837 0.000232
100100001 0.000308 0.000072
001011011 0.001422 0.000307
111111000 0.001827 0.000317
111010011 0.001431 0.000097
010100101 0.000171 0.000046
101100010 0.003605 0.000325
111010000 0.000821 0.000070
110001101 0.000412 0.000042
001010111 0.000074 0.000049
111011000 0.000851 0.000101
110001100 0.000496 0.000021
001110101 0.000271 0.000027
011101110 0.000656 0.000032
110000101 0.000414 0.000024
111011011 0.001747 0.000101
010010011 0.000622 0.000067
001100100 0.002771 0.000159
111101111 0.000349 0.000022
000001111 0.000670 0.000044
011011011 0.000612 0.000076
011001011 0.000204 0.000033
001010001 0.000173 0.000029
000001001 0.001289 0.000163
001101110 0.000485 0.000073
111001100 0.002697 0.000368
000011111 0.000470 0.000075
000011011 0.005928 0.000495
011110110 0.000726 0.000133
111101011 0.006698 0.000096
111000011 0.000672 0.000007
001000101 0.000766 0.000032
101010100 0.003112 0.000158
101110101 0.000401 0.000056
100010011 0.003088 0.000099
000000110 0.000126 0.000032
111111111 0.000530 0.000031
110000001 0.000984 0.000111
001111110 0.000703 0.000142
110111111 0.000523 0.000108
101111110 0.000894 0.000162
010011101 0.002058 0.000148
010101111 0.000359 0.000048
110001001 0.000990 0.000149
101110111 0.000383 0.000059
001110110 0.000576 0.000083
000010111 0.000233 0.000000
101111000 0.000856 0.000154
011001110 0.000501 0.000049
101010001 0.000355 0.000059
101010101 0.000182 0.000042
110110111 0.000431 0.000043
001011110 0.000767 0.000022
001001110 0.000678 0.000073
010001111 0.000362 0.000013
000100101 0.000216 0.000031
000100110 0.000169 0.000026
101111111 0.000307 0.000079
111111110 0.001840 0.000026
010011111 0.000329 0.000051
110100100 0.000489 0.000081
101110001 0.000551 0.000105
000110011 0.001420 0.000142
101010011 0.001076 0.000207
111110111 0.000655 0.000061
111110110 0.002211 0.000233
010000101 0.001079 0.000018
101000110 0.000097 0.000051
110100010 0.001014 0.000074
001101011 0.000511 0.000055
101011000 0.000436 0.000039
100000001 0.000664 0.000067
010000011 0.001000 0.000118
011000000 0.000009 0.000013
110010110 0.000013 0.000006
110101110 0.000169 0.000060
010101110 0.000211 0.000034
100011001 0.000563 0.000105
010111011 0.001987 0.000118
111010110 0.000246 0.000061
010110101 0.000139 0.000049
100000101 0.000170 0.000028
010000110 0.000127 0.000065
111001001 0.000254 0.000078
011110011 0.000203 0.000049
110100101 0.000340 0.000065
010011010 0.000063 0.000024
000100100 0.000370 0.000059
110101001 0.000389 0.000059
110101100 0.000366 0.000043
111001000 0.000421 0.000045
001001111 0.000078 0.000023
001110010 0.000398 0.000084
001110011 0.000447 0.000141
111000001 0.000228 0.000027
111000101 0.000179 0.000067
101011001 0.000549 0.000150
011100110 0.000470 0.000121
010100011 0.000814 0.000043
101110000 0.001165 0.000101
000110001 0.000015 0.000012
010010111 0.000050 0.000028
111110001 0.001129 0.000096
111101000 0.000631 0.000083
110101010 0.000970 0.000072
010000001 0.000146 0.000033
010110011 0.000587 0.000066
010110111 0.000110 0.000022
111110101 0.000823 0.000040
010101101 0.000310 0.000067
111011101 0.000409 0.000079
000101111 0.000204 0.000042
011010101 0.000768 0.000077
110011101 0.000231 0.000007
011101011 0.000254 0.000061
011011010 0.000254 0.000005
100110010 0.000246 0.000037
000001010 0.000094 0.000040
101101100 0.001650 0.000045
001001010 0.000360 0.000107
001001101 0.001306 0.000098
110110001 0.000480 0.000142
111001011 0.000751 0.000163
000001110 0.000228 0.000013
000000111 0.000351 0.000036
110100001 0.000411 0.000056
001100011 0.000217 0.000107
010011001 0.000473 0.000117
111011110 0.000189 0.000046
110100111 0.000369 0.000092
100101111 0.000278 0.000087
100000100 0.000229 0.000053
101010110 0.000136 0.000013
100101010 0.000486 0.000009
111101110 0.001089 0.000136
100010101 0.000211 0.000100
001011000 0.000315 0.000133
000110100 0.000144 0.000016
111011001 0.000723 0.000123
001010110 0.000494 0.000069
001000001 0.000060 0.000055
011110111 0.000044 0.000012
110110100 0.000251 0.000058
110000100 0.000432 0.000071
110110110 0.000077 0.000038
111100000 0.000759 0.000118
011010000 0.000045 0.000023
010111101 0.000306 0.000022
110111101 0.000180 0.000035
100110111 0.000304 0.000009
101001111 0.000035 0.000030
010010100 0.000654 0.000028
010110100 0.000122 0.000038
001011010 0.000595 0.000053
011111110 0.001090 0.000139
010010101 0.000719 0.000051
100010010 0.000038 0.000008
111100001 0.000495 0.000033
110011001 0.001026 0.000145
111100111 0.000219 0.000027
101100111 0.000155 0.000036
001100110 0.000429 0.000119
110011111 0.000159 0.000040
110111100 0.000152 0.000077
011111010 0.000467 0.000056
011111011 0.000749 0.000054
000111001 0.000079 0.000022
100101101 0.000130 0.000031
110111010 0.000354 0.000153
101001011 0.000477 0.000088
011000110 0.000233 0.000045
100010111 0.000099 0.000016
110011100 0.000137 0.000024
111001101 0.000181 0.000033
100101100 0.000191 0.000009
111000010 0.000531 0.000098
111101101 0.000282 0.000055
111001110 0.000135 0.000035
001101101 0.000149 0.000023
010111110 0.000122 0.000021
100111110 0.000047 0.000011
100100101 0.000145 0.000030
111011111 0.000106 0.000026
010000010 0.000005 0.000007
100100010 0.000621 0.000111
010110110 0.000058 0.000016
110110010 0.000432 0.000067
001011001 0.000383 0.000049
011000101 0.000458 0.000036
101000011 0.000516 0.000084
001000110 0.000368 0.000102
011011111 0.000126 0.000091
101010010 0.000638 0.000066
100111100 0.000075 0.000020
111010001 0.000674 0.000075
100000010 0.000071 0.000032
111101001 0.000308 0.000018
100100100 0.000195 0.000073
110101101 0.000280 0.000039
110010101 0.000294 0.000068
100101110 0.000151 0.000055
000011110 0.000082 0.000026
001010000 0.000084 0.000036
011010010 0.000090 0.000076
011000010 0.000055 0.000043
101011010 0.000717 0.000199
100111111 0.000319 0.000009
001111010 0.000625 0.000120
001101010 0.000333 0.000148
011110101 0.000183 0.000034
101010000 0.000526 0.000028
010100110 0.000114 0.000044
011100101 0.000119 0.000013
011110010 0.000114 0.000033
100110101 0.000198 0.000027
101001010 0.000287 0.000029
110010100 0.000192 0.000021
000111111 0.000215 0.000043
110001111 0.000173 0.000035
100001101 0.000209 0.000073
011101111 0.000069 0.000008
101010111 0.000070 0.000033
110010111 0.000083 0.000010
110100110 0.000255 0.000029
010010010 0.000005 0.000007
001110111 0.000128 0.000063
110000010 0.000100 0.000054
111000000 0.000398 0.000082
000010001 0.000427 0.000091
001111101 0.000214 0.000030
101011101 0.000178 0.000037
010111111 0.000164 0.000004
011111111 0.000175 0.000029
000100111 0.000142 0.000020
101101001 0.000170 0.000027
101000001 0.000130 0.000058
101100101 0.000178 0.000027
000111100 0.000201 0.000062
001000010 0.000130 0.000043
101011111 0.000038 0.000020
001010010 0.000241 0.000006
101011110 0.000119 0.000068
001110001 0.000033 0.000016
100000110 0.000020 0.000016
011011001 0.000123 0.000051
010010110 0.000031 0.000012
001001011 0.000568 0.000127
010100100 0.000258 0.000051
101001001 0.000153 0.000052
100111010 0.000260 0.000061
010111100 0.000205 0.000017
101100001 0.000248 0.000068
101101101 0.000135 0.000048
101001110 0.000053 0.000023
110110000 0.000028 0.000021
011101101 0.000188 0.000033
100100110 0.000084 0.000011
100011100 0.000057 0.000018
110000110 0.000053 0.000031
101000101 0.000089 0.000043
001001000 0.000116 0.000047
100010001 0.000489 0.000033
100011101 0.000126 0.000031
101000000 0.000226 0.000050
011000011 0.000093 0.000009
101000010 0.000350 0.000041
010110001 0.000022 0.000019
010011110 0.000071 0.000018
111001111 0.000039 0.000028
101111101 0.000205 0.000030
001000000 0.000065 0.000016
011100011 0.000076 0.000029
011100010 0.000065 0.000020
010100010 0.000009 0.000013
000100001 0.000028 0.000013
001111001 0.000044 0.000033
001100010 0.000176 0.000027
100110110 0.000056 0.000041
110011000 0.000016 0.000023
001000111 0.000036 0.000017
001111000 0.000063 0.000018
011010001 0.000041 0.000034
011010011 0.000147 0.000046
100001110 0.000023 0.000027
000110110 0.000090 0.000009
000101000 0.000009 0.000012
100101001 0.000284 0.000049
010010001 0.000079 0.000062
110111110 0.000085 0.000012
011000111 0.000033 0.000006
101001000 0.000199 0.000022
100110001 0.000311 0.000019
110001010 0.000192 0.000034
010101010 0.000040 0.000014
100001111 0.000104 0.000033
101100000 0.000504 0.000098
000101001 0.000101 0.000039
100001000 0.000020 0.000009
011001010 0.000170 0.000009
111000110 0.000101 0.000026
001101111 0.000077 0.000020
010001010 0.000067 0.000051
110011010 0.000060 0.000020
010111010 0.000008 0.000012
110001110 0.000048 0.000025
000111010 0.000052 0.000015
110010010 0.000046 0.000013
001100101 0.000098 0.000033
100001100 0.000185 0.000056
000010110 0.000059 0.000012
011000001 0.000022 0.000028
000110111 0.000155 0.000081
001011111 0.000199 0.000033
110001000 0.000014 0.000004
100010110 0.000014 0.000011
100110100 0.000120 0.000011
100010100 0.000122 0.000040
000111110 0.000087 0.000040
111010111 0.000061 0.000021
011111000 0.000029 0.000014
011011000 0.000193 0.000085
011101000 0.000035 0.000033
000010010 0.000036 0.000006
110000111 0.000080 0.000033
001000011 0.000195 0.000034
010001000 0.000015 0.000011
001100111 0.000065 0.000052
100011111 0.000101 0.000020
100011010 0.000032 0.000022
010101001 0.000032 0.000011
011001000 0.000078 0.000040
100000111 0.000076 0.000033
100100000 0.000010 0.000002
001001001 0.000173 0.000109
101000111 0.000024 0.000018
010100001 0.000018 0.000014
010011000 0.000018 0.000025
011100111 0.000058 0.000027
100001010 0.000069 0.000050
011010111 0.000066 0.000028
111000111 0.000036 0.000008
100111101 0.000085 0.000039
110100000 0.000029 0.000004
110111000 0.000030 0.000002
011001001 0.000056 0.000019
010111001 0.000030 0.000035
011110001 0.000016 0.000014
100110000 0.000001 0.000002
100101000 0.000012 0.000007
011001111 0.000067 0.000022
110010000 0.000014 0.000014
000011010 0.000069 0.000030
000100010 0.000023 0.000003
000000010 0.000043 0.000013
100000000 0.000049 0.000030
000001000 0.000062 0.000048
000000000 0.000018 0.000013
100011000 0.000011 0.000016
110011110 0.000010 0.000009
110101000 0.000011 0.000016
011100000 0.000010 0.000014
000010000 0.000006 0.000009
001101001 0.000012 0.000008
001101000 0.000008 0.000012
001100000 0.000008 0.000014
011111001 0.000017 0.000028
100011110 0.000005 0.000007
110000000 0.000011 0.000016
000011000 0.000011 0.000016
000110010 0.000019 0.000027
011110000 0.000009 0.000013
