01110 0.085003 0.000451
11101 0.105705 0.000956
10100 0.036691 0.001235
00110 0.148993 0.001244
01111 0.023942 0.001329
10101 0.032878 0.000571
11001 0.143855 0.001397
00001 0.060689 0.000732
10001 0.059390 0.000974
00010 0.053564 0.000449
11111 0.013932 0.000555
00000 0.020964 0.001300
11110 0.036249 0.000973
00101 0.027915 0.000545
01011 0.020318 0.000353
01010 0.024788 0.000522
11010 0.009408 0.000263
10000 0.021120 0.000331
00100 0.028285 0.001338
01101 0.001903 0.000224
10011 0.001107 0.000181
10110 0.006589 0.000308
11011 0.010377 0.000426
11100 0.005937 0.000479
00111 0.005215 0.000485
00011 0.005377 0.000151
10010 0.002422 0.000035
11000 0.002393 0.000197
01100 0.000182 0.000063
10111 0.001137 0.000255
01001 0.003385 0.000275
01000 0.000286 0.000058
