01110010 0.015377 0.000646
10110010 0.033405 0.001347
11001100 0.103358 0.000431
10110011 0.079304 0.000405
11001101 0.089150 0.000920
00110011 0.094388 0.002434
01001100 0.058854 0.001913
10110001 0.013612 0.000921
11001110 0.013669 0.000753
11110010 0.027939 0.000172
01001101 0.041849 0.000836
11000110 0.017121 0.000139
11110011 0.014915 0.001002
00110010 0.061021 0.000853
00110110 0.015343 0.000272
00110001 0.014954 0.000775
11110110 0.013941 0.000224
11100110 0.010768 0.000288
00001101 0.010475 0.000178
11001001 0.014415 0.000023
11010010 0.012551 0.000638
11010110 0.010834 0.000488
