1001001110 0.032437 0.001059
1001011110 0.002058 0.000146
0101110101 0.007647 0.000380
0001001110 0.001572 0.000308
1111110101 0.013109 0.000266
1101111100 0.000441 0.000006
1000001010 0.138035 0.000563
1000011010 0.007912 0.000127
0110111000 0.002385 0.000130
0111110101 0.167899 0.003154
1011001110 0.002460 0.000160
0111011111 0.000303 0.000021
0100001000 0.000210 0.000068
0110110101 0.032761 0.000541
1000001110 0.069871 0.001083
1111100101 0.023998 0.000982
1001001010 0.019605 0.000846
0100011010 0.002341 0.000157
0000111010 0.000462 0.000032
1000101010 0.007048 0.000179
0111110111 0.006739 0.000207
0111110001 0.044533 0.000936
0000011010 0.015144 0.000208
0100111101 0.000692 0.000075
0100110001 0.002906 0.000213
0101011111 0.000279 0.000027
0100111100 0.005308 0.000218
0000001110 0.003576 0.000391
1111100001 0.007272 0.000329
1011000111 0.007502 0.000071
1000101110 0.004328 0.000348
0100110011 0.000620 0.000069
0100001110 0.000776 0.000037
1010101000 0.003325 0.000189
0010000111 0.000296 0.000074
0000001010 0.006929 0.000151
0100110000 0.007072 0.000394
0111100101 0.003103 0.000215
0110110001 0.018138 0.000427
1110100001 0.002643 0.000204
0010111100 0.000672 0.000122
0011110101 0.000571 0.000168
0100111000 0.005660 0.000298
1000111010 0.001797 0.000065
1111100111 0.002453 0.000035
1100111010 0.000323 0.000084
1000001111 0.002062 0.000201
1010101101 0.001275 0.000041
0111000101 0.001927 0.000143
0111001101 0.000061 0.000015
1000001011 0.002822 0.000134
0100001011 0.000087 0.000024
1011101100 0.002310 0.000095
0000011111 0.000183 0.000100
1010101010 0.003548 0.000272
1110100101 0.004595 0.000178
0111010111 0.002794 0.000080
0110110111 0.001434 0.000046
0100011110 0.001318 0.000172
0111010001 0.001076 0.000067
0101011110 0.000656 0.000074
0101111110 0.001039 0.000017
0100010011 0.000828 0.000078
1011100011 0.000626 0.000071
1000011110 0.003838 0.000288
1010111000 0.001340 0.000055
0110110000 0.006329 0.000361
1110100000 0.000803 0.000045
0111111100 0.001756 0.000183
1111000111 0.001773 0.000152
1111000101 0.000831 0.000183
0011011111 0.000743 0.000157
0000011110 0.008503 0.000337
0110010101 0.000652 0.000127
1010111100 0.001276 0.000111
1011001111 0.003220 0.000064
1101100000 0.000209 0.000034
1011000011 0.003519 0.000035
0100111110 0.001791 0.000129
1100110101 0.000202 0.000033
0111111101 0.004374 0.000168
1111110001 0.003798 0.000318
0011000011 0.000621 0.000025
1011100001 0.002665 0.000146
1010011011 0.000049 0.000025
1011110101 0.002609 0.000161
1011100101 0.008961 0.000261
0110111100 0.002642 0.000192
1110101010 0.000237 0.000049
0110000111 0.000614 0.000137
1001101110 0.002218 0.000141
1010001110 0.004043 0.000361
1011100111 0.002227 0.000206
0100011000 0.000372 0.000102
0100111010 0.001920 0.000097
0101011000 0.000102 0.000027
0100110010 0.001581 0.000104
1001011111 0.000252 0.000030
0110010111 0.000623 0.000156
0111000111 0.002580 0.000290
1101111010 0.000118 0.000057
0101111001 0.000366 0.000030
1100101010 0.000549 0.000127
0100100000 0.000208 0.000132
1101000000 0.000044 0.000038
0101001010 0.000277 0.000096
0101110000 0.001198 0.000055
0110111010 0.000563 0.000142
0101010011 0.000899 0.000172
1011001010 0.001437 0.000131
1011111100 0.001041 0.000101
1101110001 0.000336 0.000124
0101111000 0.001330 0.000036
0001011110 0.003848 0.000105
1010000111 0.001398 0.000304
1010001010 0.007482 0.000351
1101100001 0.000476 0.000090
0101110001 0.003541 0.000043
0010011000 0.000112 0.000030
1110101000 0.000518 0.000100
1100100101 0.000277 0.000078
0100110101 0.001782 0.000110
0110111110 0.000548 0.000043
0111110000 0.001503 0.000147
0010111110 0.000479 0.000043
0011010111 0.001356 0.000128
1110000111 0.000271 0.000024
1010111010 0.001128 0.000118
1010100111 0.000358 0.000091
1010011111 0.000098 0.000028
1110111101 0.000136 0.000053
0010010011 0.000246 0.000079
1001101010 0.001042 0.000136
1001101011 0.000096 0.000009
0101000011 0.000680 0.000120
1010101110 0.002779 0.000163
1000001000 0.000576 0.000043
1011010011 0.000211 0.000061
0010001010 0.000740 0.000245
1010101011 0.000386 0.000113
1010111011 0.000051 0.000022
1100101100 0.000561 0.000047
1001000111 0.001022 0.000102
1110110000 0.000675 0.000181
1010000101 0.000289 0.000098
1110110101 0.002461 0.000101
0110000101 0.000403 0.000077
1010001101 0.000047 0.000007
1010001100 0.000148 0.000025
0101010001 0.000502 0.000032
0100011011 0.000148 0.000047
1100111000 0.000948 0.000078
1010101111 0.000627 0.000066
1110111111 0.000039 0.000012
1001000011 0.000710 0.000098
1001001111 0.004359 0.000237
0111110100 0.001339 0.000154
1100111110 0.000256 0.000048
0110111111 0.000170 0.000022
0010111111 0.000140 0.000029
1010111111 0.000207 0.000022
1000111110 0.001128 0.000148
0101111100 0.003387 0.000283
0100001101 0.000022 0.000021
1100101110 0.000309 0.000074
0010111000 0.000549 0.000139
0111111111 0.000479 0.000059
0101010111 0.001336 0.000057
1111111001 0.000045 0.000015
0011001110 0.000416 0.000012
0110010001 0.000450 0.000083
0110001010 0.000109 0.000027
1010101100 0.003105 0.000276
0001011010 0.001958 0.000094
0001011111 0.000495 0.000091
0010011010 0.001370 0.000136
1111101101 0.001068 0.000202
0010001110 0.000477 0.000065
1000111100 0.000257 0.000121
0101111101 0.001683 0.000143
1011111101 0.001249 0.000104
1100001010 0.001392 0.000238
1101111000 0.000188 0.000037
1011111111 0.000479 0.000083
0110010010 0.000276 0.000042
1011001011 0.000653 0.000016
1111111101 0.000667 0.000091
1011000101 0.001622 0.000130
0111010101 0.003432 0.000144
1001011010 0.001200 0.000024
1010101001 0.000501 0.000082
1011101101 0.003324 0.000108
1010111110 0.001027 0.000077
1101101110 0.000168 0.000067
1100111100 0.000573 0.000077
0110100101 0.000587 0.000164
0010001111 0.000151 0.000010
1011101111 0.001568 0.000040
0010010101 0.000059 0.000022
1111000011 0.000792 0.000120
0111100001 0.000814 0.000118
1110110001 0.001537 0.000086
1101000111 0.000518 0.000135
1111101011 0.000021 0.000019
0101000001 0.000253 0.000056
0010000101 0.000077 0.000035
1010110101 0.000434 0.000039
1011110111 0.000538 0.000095
0000111110 0.000419 0.000117
1001101100 0.000264 0.000083
1101101100 0.000294 0.000093
1110100100 0.000111 0.000041
0110110011 0.000991 0.000169
1100110010 0.000165 0.000038
1000000010 0.000815 0.000133
0110110100 0.001389 0.000018
1110100111 0.000454 0.000155
0101110100 0.001005 0.000066
1101100100 0.000106 0.000031
1111010111 0.000277 0.000105
0101110010 0.000339 0.000162
0111000011 0.001139 0.000224
0110111101 0.001377 0.000129
0100010000 0.001122 0.000071
0100010010 0.001747 0.000143
0111111000 0.000578 0.000082
1000111000 0.000358 0.000119
0011000111 0.001397 0.000086
0100000010 0.001649 0.000019
1111010101 0.000192 0.000045
1010111101 0.000579 0.000082
1010100110 0.000005 0.000005
0010110110 0.000004 0.000006
0100010100 0.000167 0.000045
1001001100 0.000138 0.000052
0111000010 0.000054 0.000034
1011110001 0.000747 0.000081
1100110000 0.000724 0.000072
0010000010 0.000084 0.000031
0001001010 0.001026 0.000091
1000101000 0.000867 0.000136
1010011010 0.000581 0.000067
1010000011 0.001611 0.000079
1010000010 0.000583 0.000163
1000101100 0.000563 0.000117
1001001011 0.001380 0.000166
1101001111 0.000131 0.000038
0111000001 0.000549 0.000132
0101001111 0.000208 0.000028
1100000011 0.000372 0.000078
1000000011 0.000586 0.000015
1010100101 0.001571 0.000104
0110111011 0.000087 0.000045
1111110111 0.001181 0.000108
0100101111 0.000011 0.000015
1100001000 0.000097 0.000020
0110100001 0.000269 0.000063
1011111001 0.000218 0.000014
0111111001 0.000582 0.000035
1011010101 0.000161 0.000063
1001101101 0.000064 0.000064
0111010010 0.000086 0.000032
0100001010 0.001642 0.000121
1100110001 0.000442 0.000031
0100000011 0.000716 0.000108
1110101101 0.000220 0.000038
0111111110 0.000410 0.000030
1100100001 0.000418 0.000053
1011011111 0.000203 0.000052
1110101111 0.000081 0.000028
1011101000 0.000641 0.000133
1010001111 0.000884 0.000059
0101010101 0.000764 0.000058
1111101100 0.000200 0.000071
1011111000 0.000338 0.000046
0011010101 0.000564 0.000047
1011011010 0.000085 0.000018
0011111110 0.000217 0.000047
0010110111 0.000046 0.000034
1011000000 0.000011 0.000015
1110001111 0.000026 0.000004
1111001111 0.000131 0.000032
0011011010 0.000350 0.000071
0100010001 0.000507 0.000056
0011111101 0.000791 0.000094
0100111111 0.000120 0.000025
1100101111 0.000052 0.000019
0111101100 0.000031 0.000014
0111101101 0.000098 0.000024
0101000111 0.001158 0.000112
1110000010 0.000080 0.000053
0010101100 0.000032 0.000008
0011111111 0.000242 0.000082
0000001000 0.000057 0.000030
1010001011 0.000828 0.000051
1010110011 0.000039 0.000022
1101000010 0.000155 0.000040
1100011000 0.000061 0.000014
0011011110 0.000570 0.000043
0101010010 0.000365 0.000071
1100111101 0.000109 0.000082
0010110101 0.000104 0.000009
0101000010 0.000352 0.000088
1011010111 0.000454 0.000079
1011011110 0.000164 0.000087
0110011010 0.000180 0.000044
0110010011 0.000542 0.000067
1101100011 0.000168 0.000098
1110101100 0.000345 0.000026
1110110100 0.000116 0.000025
1111101111 0.000179 0.000065
0100011100 0.000380 0.000034
0101111111 0.000446 0.000065
0100111011 0.000100 0.000028
0111001011 0.000047 0.000018
1001111010 0.000270 0.000059
1001111110 0.000631 0.000243
1010011110 0.000323 0.000116
1100100000 0.001023 0.000021
1101101101 0.000166 0.000045
1000101111 0.000149 0.000083
0111110011 0.001944 0.000150
1100000010 0.000812 0.000054
0101110111 0.001732 0.000053
0111010011 0.001128 0.000089
1011101110 0.001724 0.000121
1101110101 0.000919 0.000063
1101100101 0.001063 0.000127
1011001101 0.000247 0.000105
1110111000 0.000401 0.000145
0010011110 0.000865 0.000119
0011001111 0.000483 0.000090
0100110111 0.000340 0.000084
1101010010 0.000021 0.000020
1100001110 0.000540 0.000100
1010100001 0.000945 0.000061
1011000001 0.000568 0.000174
1111101001 0.000195 0.000061
0100110110 0.000234 0.000085
0110000010 0.000186 0.000017
0011111100 0.000469 0.000096
1101101000 0.000156 0.000028
1111110011 0.000354 0.000090
0111011010 0.000057 0.000037
1111001010 0.000018 0.000010
1101010111 0.000111 0.000011
0100110100 0.000980 0.000073
1010000110 0.000050 0.000008
1010100011 0.000283 0.000027
1001111000 0.000054 0.000018
0000011011 0.000188 0.000077
1101110111 0.000265 0.000072
1101100111 0.000327 0.000056
0110011111 0.000041 0.000002
1000011111 0.000171 0.000068
0010011111 0.000151 0.000041
1110111110 0.000150 0.000019
0011010011 0.000551 0.000093
0100010111 0.000409 0.000077
0100111001 0.000424 0.000068
1111001011 0.000045 0.000008
0101011010 0.000412 0.000151
0101000000 0.000121 0.000076
0001011011 0.000174 0.000019
0111011101 0.000080 0.000023
1101001110 0.000245 0.000052
1101000101 0.000168 0.000069
0011010001 0.000177 0.000061
1111001101 0.000042 0.000024
1100010011 0.000052 0.000013
0101010000 0.000274 0.000046
0101001100 0.000118 0.000025
1000010011 0.000013 0.000006
0101001110 0.000424 0.000066
1110110010 0.000074 0.000012
1100000000 0.000201 0.000033
1111110000 0.000159 0.000076
1111111100 0.000326 0.000072
0111011011 0.000118 0.000070
1100101001 0.000048 0.000009
1110000011 0.000298 0.000013
0110110010 0.000584 0.000150
1001101111 0.000299 0.000068
1111111111 0.000104 0.000068
1011111110 0.000690 0.000106
1011110011 0.000195 0.000016
1011101011 0.000294 0.000086
0110010000 0.000179 0.000058
1010001000 0.000248 0.000068
1000111101 0.000024 0.000008
0010111101 0.000326 0.000117
0010111011 0.000075 0.000048
1011111010 0.000229 0.000056
1011101010 0.000670 0.000085
0011001010 0.000180 0.000015
0110001000 0.000025 0.000027
1110001100 0.000005 0.000003
0110001100 0.000010 0.000009
1111101010 0.000029 0.000029
0010101010 0.000022 0.000029
1010110111 0.000064 0.000030
1110010011 0.000042 0.000035
1111000001 0.000224 0.000027
1111101000 0.000126 0.000014
0111111010 0.000078 0.000014
1100001111 0.000049 0.000028
1011101001 0.000547 0.000082
1110011110 0.000002 0.000002
1110111100 0.000477 0.000104
0001000011 0.000015 0.000009
0011111010 0.000066 0.000037
1110100011 0.000337 0.000030
1110110011 0.000161 0.000067
1111100011 0.000821 0.000110
1111010011 0.000079 0.000030
1101111110 0.000096 0.000016
0110111001 0.000598 0.000055
1110000101 0.000091 0.000018
1101001100 0.000042 0.000041
1001001000 0.000087 0.000006
1000000111 0.000160 0.000087
1111011110 0.000011 0.000012
1000001100 0.000373 0.000059
0101000100 0.000065 0.000022
1000101001 0.000021 0.000024
0111001111 0.000257 0.000032
1101000011 0.000369 0.000062
1110101011 0.000027 0.000006
0101000101 0.000451 0.000023
1100101000 0.000783 0.000067
1000101011 0.000178 0.000055
0010001000 0.000076 0.000036
1010110001 0.000269 0.000012
0011110111 0.000259 0.000043
0010011011 0.000175 0.000075
1010111001 0.000161 0.000026
0000000011 0.000023 0.000032
0101011101 0.000089 0.000022
0101001101 0.000047 0.000036
1110100010 0.000163 0.000075
0101111011 0.000041 0.000019
0100000000 0.000558 0.000082
0000010010 0.000065 0.000030
0111010000 0.000028 0.000013
0000010111 0.000018 0.000013
0001010111 0.000108 0.000045
1100011011 0.000016 0.000012
1110110111 0.000229 0.000044
1100100011 0.000148 0.000029
0101110011 0.000759 0.000130
0011110001 0.000113 0.000013
0100000110 0.000244 0.000089
1010010011 0.000024 0.000014
0011011101 0.000112 0.000054
0101000110 0.000128 0.000055
1011001100 0.000142 0.000052
0000001011 0.000172 0.000058
0001111110 0.000196 0.000047
0101110110 0.000195 0.000074
1010100010 0.000038 0.000028
0000011000 0.000087 0.000026
1000011000 0.000017 0.000010
0010110000 0.000028 0.000039
1001010111 0.000030 0.000029
0111100111 0.000184 0.000061
1101111111 0.000082 0.000021
0111001010 0.000028 0.000019
0100010110 0.000207 0.000051
1110010111 0.000024 0.000012
1010000000 0.000038 0.000035
0111011001 0.000002 0.000001
0101010110 0.000232 0.000051
1011111011 0.000101 0.000073
1110001010 0.000120 0.000007
0010111010 0.000451 0.000104
1111010001 0.000063 0.000028
0101001011 0.000086 0.000020
1101001010 0.000201 0.000069
1001010011 0.000045 0.000013
0100011111 0.000109 0.000013
0110011011 0.000060 0.000004
1001011011 0.000102 0.000046
0010000011 0.000166 0.000087
1100110011 0.000110 0.000042
1110111010 0.000172 0.000017
1111111110 0.000066 0.000018
0101101010 0.000009 0.000010
0101111010 0.000299 0.000112
1101110011 0.000069 0.000024
0100000111 0.000241 0.000081
0101100011 0.000020 0.000014
1111101110 0.000047 0.000020
1101101111 0.000118 0.000046
0101011001 0.000047 0.000027
1100000110 0.000078 0.000027
0011011011 0.000162 0.000056
0011111001 0.000106 0.000014
1100100010 0.000351 0.000048
0010111001 0.000128 0.000031
1001000010 0.000141 0.000086
1110111001 0.000091 0.000032
1101100010 0.000041 0.000026
1000111011 0.000013 0.000011
0110001011 0.000039 0.000020
1100000001 0.000046 0.000011
1101000001 0.000126 0.000030
0011000101 0.000328 0.000032
1001100011 0.000005 0.000006
1101010011 0.000068 0.000032
1010000001 0.000193 0.000028
1111111011 0.000002 0.000003
0011000001 0.000101 0.000039
1100100100 0.000157 0.000036
0111001000 0.000005 0.000003
0000111011 0.000004 0.000004
0011001011 0.000110 0.000028
0100000101 0.000130 0.000037
1101101010 0.000061 0.000023
0011001100 0.000040 0.000017
1101111101 0.000199 0.000016
1010010001 0.000008 0.000010
0011010010 0.000011 0.000008
1001111100 0.000117 0.000033
0100101000 0.000079 0.000015
0100100111 0.000023 0.000018
0110110110 0.000124 0.000054
0111001001 0.000003 0.000003
0111000000 0.000010 0.000013
0110001101 0.000029 0.000023
0100001100 0.000139 0.000022
1100001101 0.000016 0.000004
1110011100 0.000001 0.000001
0111011100 0.000018 0.000015
1101001011 0.000093 0.000030
0011111011 0.000038 0.000026
0110011000 0.000044 0.000011
1110000110 0.000008 0.000010
0110000000 0.000117 0.000034
0111100011 0.000065 0.000045
0110100111 0.000048 0.000028
1001100111 0.000028 0.000003
0000000111 0.000001 0.000002
1001111111 0.000089 0.000012
1111100100 0.000184 0.000055
1110010100 0.000003 0.000004
0111000110 0.000039 0.000020
0110100000 0.000060 0.000017
0100011101 0.000025 0.000017
1100000111 0.000140 0.000049
1001111101 0.000039 0.000007
0011011100 0.000040 0.000022
1011011011 0.000040 0.000015
1100101101 0.000087 0.000029
0011111000 0.000132 0.000029
1000011011 0.000157 0.000066
0010101000 0.000014 0.000011
1101010110 0.000023 0.000023
1100011010 0.000330 0.000030
0100000100 0.000026 0.000019
0010001011 0.000118 0.000035
0000011100 0.000093 0.000023
1110010010 0.000022 0.000007
0100100110 0.000007 0.000000
0110000011 0.000346 0.000056
0010110011 0.000003 0.000001
0010110001 0.000040 0.000013
0110001110 0.000032 0.000005
0110001111 0.000037 0.000017
1110010101 0.000018 0.000005
0001111111 0.000017 0.000006
1100010010 0.000155 0.000051
1100011110 0.000067 0.000031
1101111001 0.000021 0.000008
0110101000 0.000029 0.000024
0111001110 0.000028 0.000009
0101011100 0.000216 0.000031
1100110111 0.000079 0.000016
0000001111 0.000115 0.000043
0100010101 0.000237 0.000008
1100111001 0.000082 0.000007
0100001111 0.000052 0.000016
1111111010 0.000039 0.000012
0001001111 0.000132 0.000061
1100010111 0.000004 0.000006
1010010111 0.000100 0.000032
0110000001 0.000261 0.000038
0110011110 0.000129 0.000017
0111011110 0.000063 0.000038
1111111000 0.000148 0.000075
0101101101 0.000024 0.000011
0101101100 0.000025 0.000021
0100101100 0.000087 0.000035
0100101101 0.000008 0.000005
1101101001 0.000035 0.000006
0000111111 0.000002 0.000003
0010010010 0.000060 0.000014
0001111100 0.000021 0.000018
1100000101 0.000035 0.000027
1101010001 0.000020 0.000017
1100001011 0.000055 0.000014
0110011101 0.000044 0.000016
1100111111 0.000038 0.000026
1110010001 0.000019 0.000012
1110101001 0.000139 0.000057
1111000010 0.000040 0.000020
1000010111 0.000027 0.000004
1101011110 0.000065 0.000041
0010010111 0.000246 0.000083
0110010100 0.000033 0.000012
1111001001 0.000003 0.000001
1111100010 0.000059 0.000026
0010011100 0.000050 0.000039
1110011010 0.000027 0.000019
1101110100 0.000099 0.000013
1011011101 0.000033 0.000022
0011100101 0.000047 0.000022
1011000010 0.000113 0.000013
0000111000 0.000055 0.000018
0111011000 0.000007 0.000010
0000111100 0.000059 0.000050
1000001101 0.000005 0.000007
0001000111 0.000025 0.000014
1111110100 0.000071 0.000029
0011001101 0.000098 0.000012
1110111011 0.000029 0.000017
1111011010 0.000003 0.000004
1101110000 0.000139 0.000031
1110001001 0.000005 0.000004
0100101010 0.000063 0.000035
1000001001 0.000012 0.000016
1011001000 0.000109 0.000065
1011001001 0.000021 0.000028
0111110110 0.000113 0.000026
1001011100 0.000025 0.000009
0011101010 0.000009 0.000013
1010100000 0.000082 0.000063
1010010010 0.000022 0.000017
1101110110 0.000037 0.000015
1101011011 0.000001 0.000015
1100101011 0.000006 0.000001
1110001110 0.000052 0.000039
1001000110 0.000048 0.000013
0101001001 0.000017 0.000018
1010001001 0.000030 0.000016
1110100110 0.000020 0.000012
0110100110 0.000010 0.000011
1100110100 0.000109 0.000028
1111000100 0.000006 0.000009
1100010110 0.000006 0.000008
1010010101 0.000045 0.000024
1101000110 0.000038 0.000015
1100010000 0.000062 0.000028
0110000110 0.000016 0.000021
0001001100 0.000021 0.000015
0001000101 0.000008 0.000012
1011110000 0.000001 0.000001
1001101000 0.000117 0.000041
0010000110 0.000000 0.000002
0101010100 0.000148 0.000022
1001001101 0.000047 0.000011
1100010101 0.000012 0.000017
1110101110 0.000077 0.000019
1110000001 0.000133 0.000029
0110100100 0.000039 0.000022
1111100000 0.000170 0.000019
0100000001 0.000237 0.000069
0011001001 0.000013 0.000010
1000100001 0.000006 0.000008
1110000000 0.000025 0.000016
1111000110 0.000018 0.000016
0110101100 0.000024 0.000017
1100001100 0.000060 0.000044
1110001011 0.000020 0.000013
0001001011 0.000022 0.000007
1011000110 0.000032 0.000005
0010101110 0.000007 0.000008
0010101111 0.000005 0.000006
0101011011 0.000072 0.000019
0010001100 0.000049 0.000054
0111010100 0.000040 0.000028
1101011100 0.000016 0.000007
1101011010 0.000052 0.000011
0111111011 0.000074 0.000014
1010110000 0.000028 0.000014
1111011101 0.000015 0.000010
1000101101 0.000017 0.000012
0000000010 0.000035 0.000008
0100100010 0.000049 0.000022
0100100101 0.000033 0.000016
0110011100 0.000017 0.000015
1111110110 0.000017 0.000019
1101110010 0.000047 0.000049
1100111011 0.000017 0.000022
0101100100 0.000034 0.000012
0111110010 0.000086 0.000053
1000000000 0.000014 0.000013
0101100000 0.000019 0.000014
1101001101 0.000042 0.000041
0001111010 0.000097 0.000028
1001010010 0.000020 0.000015
0011000110 0.000007 0.000010
1101011111 0.000025 0.000015
1111011011 0.000004 0.000004
1100100110 0.000017 0.000022
0001011100 0.000044 0.000022
1011011000 0.000006 0.000009
0101100101 0.000127 0.000014
0011110011 0.000036 0.000029
0111001100 0.000021 0.000009
1011100100 0.000031 0.000017
1111000000 0.000014 0.000010
1001111011 0.000020 0.000015
1001011000 0.000004 0.000006
0010000001 0.000061 0.000016
0011101101 0.000002 0.000001
1100100111 0.000065 0.000026
0101001000 0.000043 0.000039
0001000010 0.000013 0.000011
0001001101 0.000001 0.000001
1000011100 0.000028 0.000035
0011001000 0.000020 0.000014
0010011101 0.000037 0.000026
1000000001 0.000002 0.000009
0101100111 0.000033 0.000010
0110011001 0.000001 0.000000
1111001110 0.000034 0.000013
0110100010 0.000000 0.000000
1101011000 0.000000 0.000000
1101000100 0.000008 0.000006
1101101011 0.000028 0.000011
0000101110 0.000016 0.000013
1000010010 0.000028 0.000008
0111101001 0.000006 0.000005
0010001101 0.000014 0.000013
1100000100 0.000018 0.000012
1011100000 0.000050 0.000021
1110001000 0.000012 0.000014
0100101110 0.000059 0.000033
1000010001 0.000006 0.000000
0111101110 0.000008 0.000008
1101100110 0.000038 0.000048
0111101111 0.000014 0.000017
1011010001 0.000026 0.000009
1100011111 0.000027 0.000017
0100011001 0.000024 0.000023
0110100011 0.000013 0.000026
1101010101 0.000012 0.000012
0100001001 0.000010 0.000013
1110011011 0.000000 0.000001
0011101111 0.000000 0.000000
0010001001 0.000018 0.000002
1000100010 0.000006 0.000003
0000010011 0.000009 0.000005
0110101111 0.000003 0.000005
1001101001 0.000006 0.000007
0101101000 0.000004 0.000006
0100100011 0.000022 0.000014
0011100111 0.000013 0.000014
0011011000 0.000008 0.000007
0101100001 0.000045 0.000019
1111011111 0.000009 0.000008
0110101010 0.000005 0.000007
0110001001 0.000003 0.000003
0111000100 0.000002 0.000001
1010011100 0.000026 0.000019
1100110110 0.000037 0.000020
1111110010 0.000005 0.000007
1111001100 0.000000 0.000000
0001010011 0.000034 0.000035
1100011100 0.000021 0.000022
1110011111 0.000013 0.000016
1000000110 0.000067 0.000037
1010011101 0.000006 0.000005
1111100110 0.000030 0.000013
0010100101 0.000014 0.000016
1101001000 0.000027 0.000024
0111100000 0.000029 0.000021
0100101011 0.000000 0.000000
0110010110 0.000025 0.000018
1001001001 0.000015 0.000016
0100100001 0.000063 0.000053
0001011001 0.000002 0.000003
1011011100 0.000026 0.000027
0010010000 0.000004 0.000006
1011100010 0.000001 0.000002
1001110101 0.000004 0.000004
1000111111 0.000024 0.000020
1011100110 0.000004 0.000005
0010010001 0.000018 0.000022
0010101101 0.000006 0.000009
1011010010 0.000002 0.000003
0110101001 0.000000 0.000000
0011011001 0.000011 0.000014
0000010110 0.000002 0.000003
0011101001 0.000005 0.000000
1010010000 0.000001 0.000001
1110011001 0.000001 0.000002
1101111011 0.000003 0.000003
0110000100 0.000010 0.000023
1010100100 0.000004 0.000005
1011011001 0.000002 0.000002
1001000001 0.000011 0.000016
0001111011 0.000002 0.000003
0111010110 0.000003 0.000004
0011010110 0.000011 0.000015
0001111000 0.000002 0.000005
0000111001 0.000007 0.000010
1101011001 0.000011 0.000000
0111101011 0.000000 0.000001
1110001101 0.000008 0.000011
1010000100 0.000007 0.000007
0001011101 0.000011 0.000015
1001111001 0.000010 0.000014
0011101110 0.000011 0.000013
1100011101 0.000000 0.000000
1100001001 0.000002 0.000002
0001101110 0.000000 0.000000
0100100100 0.000001 0.000000
0110101101 0.000013 0.000018
0101101111 0.000009 0.000013
1111011000 0.000007 0.000010
0011101100 0.000011 0.000015
1001011101 0.000002 0.000003
0001011000 0.000008 0.000008
0010100111 0.000000 0.000000
1101001001 0.000002 0.000002
1000111001 0.000011 0.000008
1100010100 0.000000 0.000000
0110101110 0.000002 0.000002
0010101001 0.000002 0.000003
1110011101 0.000002 0.000003
1100010001 0.000003 0.000004
1001011001 0.000000 0.000000
0000101010 0.000008 0.000010
1011110100 0.000003 0.000004
0111101000 0.000008 0.000009
1010011000 0.000013 0.000017
0010011001 0.000017 0.000013
1111011001 0.000005 0.000004
1110110110 0.000010 0.000007
1101011101 0.000001 0.000001
1111010010 0.000000 0.000000
1011000100 0.000011 0.000015
1111010100 0.000005 0.000006
0010010110 0.000003 0.000005
1111001000 0.000010 0.000015
1010110100 0.000010 0.000015
1110010000 0.000001 0.000002
0011100011 0.000000 0.000000
1110011000 0.000000 0.000000
0001111101 0.000003 0.000005
1000011101 0.000011 0.000015
1000110011 0.000003 0.000000
1000011001 0.000000 0.000000
0011101011 0.000000 0.000000
0111100100 0.000011 0.000016
0010000000 0.000001 0.000002
1111011100 0.000000 0.000001
0000001100 0.000000 0.000000
1010011001 0.000001 0.000002
0111100110 0.000000 0.000001
0101101001 0.000001 0.000002
1010110110 0.000001 0.000001
0011000100 0.000010 0.000014
1100011001 0.000009 0.000011
0010101011 0.000000 0.000000
0110101011 0.000000 0.000000
