0110100 0.079152 0.000725
0000011 0.014464 0.000510
0111000 0.012361 0.000591
0011100 0.017760 0.001232
1000011 0.079941 0.001018
1100111 0.030037 0.000700
1001011 0.056705 0.000406
1111110 0.010262 0.000513
1001111 0.044673 0.000710
0111100 0.085949 0.001022
1011111 0.012787 0.000073
0110000 0.022432 0.000666
1100011 0.017418 0.000045
0111110 0.028158 0.001004
0110110 0.025924 0.001185
1000111 0.031997 0.000633
0110010 0.014995 0.000443
1011011 0.017599 0.000776
1111100 0.018027 0.001136
1011101 0.015790 0.000327
0100110 0.012460 0.000474
1101111 0.037721 0.000364
1000101 0.014178 0.000429
1111111 0.011296 0.000614
1001101 0.014566 0.001554
1000001 0.011479 0.000230
