1110101 0.004155 0.000229
1101100 0.000758 0.000188
0100100 0.027660 0.000488
0100101 0.149840 0.001340
1111110 0.052810 0.001994
0000011 0.010020 0.000407
0110100 0.005323 0.000303
1011010 0.133215 0.002394
1111111 0.026224 0.001318
1101001 0.008299 0.000462
1111101 0.018430 0.000736
0000101 0.051974 0.001504
1111010 0.032009 0.002491
0000100 0.009689 0.000364
0110101 0.013598 0.000445
1011011 0.049665 0.000204
1011110 0.056888 0.000147
0111100 0.001002 0.000084
0101101 0.010050 0.000469
1111100 0.010086 0.000481
0100001 0.030932 0.000376
0000001 0.053331 0.000729
0001101 0.002543 0.000166
0111111 0.001716 0.000147
0011111 0.001814 0.000107
1111011 0.029765 0.000523
1100010 0.000338 0.000035
0110111 0.001466 0.000289
1101101 0.005565 0.000677
1100101 0.009586 0.000127
0100111 0.004450 0.000270
1000010 0.000826 0.000122
1000110 0.000111 0.000033
1011111 0.011523 0.000249
0001011 0.003265 0.000339
0010111 0.001977 0.000476
0010001 0.002540 0.000212
0100011 0.002310 0.000227
0000000 0.008097 0.000308
1001010 0.003354 0.000082
0011010 0.005007 0.000296
1101011 0.008906 0.000492
0110001 0.000829 0.000084
1111001 0.007769 0.000831
0100110 0.003761 0.000375
1101010 0.003397 0.000210
1010010 0.002882 0.000122
0011011 0.003184 0.000080
0010011 0.001949 0.000313
0011110 0.003292 0.000433
0100010 0.001633 0.000250
0000110 0.002688 0.000313
1101000 0.000728 0.000212
0101111 0.001441 0.000230
0000111 0.003851 0.000104
1001011 0.005899 0.000585
1100001 0.004143 0.000138
0010101 0.006791 0.000519
0010110 0.002882 0.000145
0111101 0.003586 0.000396
0010010 0.002860 0.000707
0000010 0.007351 0.000714
1000001 0.001304 0.000147
1111000 0.001656 0.000067
1001001 0.001021 0.000160
1011001 0.001575 0.000173
1010011 0.001076 0.000073
0101011 0.001304 0.000248
1010100 0.000709 0.000118
1010110 0.002666 0.000078
1011101 0.001784 0.000143
0010000 0.000668 0.000086
1100111 0.000591 0.000092
1001100 0.000136 0.000048
1101110 0.001248 0.000064
1100100 0.002041 0.000233
1110010 0.000720 0.000130
0010100 0.002767 0.000216
0110110 0.002216 0.000250
0001001 0.003232 0.000534
1101111 0.002466 0.000179
0001110 0.000477 0.000145
0101000 0.000367 0.000034
1100000 0.000590 0.000078
1000011 0.000964 0.000018
1110110 0.002639 0.000145
1010111 0.000722 0.000080
0100000 0.004604 0.000646
0101001 0.002882 0.000320
0111110 0.001713 0.000302
0101110 0.000934 0.000123
1011100 0.001475 0.000071
0110011 0.000395 0.000204
0101010 0.000213 0.000016
0111011 0.000731 0.000093
1110100 0.003185 0.000163
0001010 0.001361 0.000123
0011101 0.001686 0.000165
1110111 0.001155 0.000120
1010001 0.000472 0.000144
1000101 0.000806 0.000120
1010000 0.000204 0.000034
1110011 0.000525 0.000038
0101100 0.001413 0.000235
0011100 0.000536 0.000060
1010101 0.000685 0.000117
1100110 0.000401 0.000124
1110001 0.000761 0.000166
0001111 0.000879 0.000266
0111000 0.000094 0.000024
1011000 0.000566 0.000034
0011001 0.000768 0.000061
0110000 0.000217 0.000066
0001100 0.000438 0.000137
1100011 0.000447 0.000199
1000111 0.000165 0.000109
0111010 0.000468 0.000117
0110010 0.000252 0.000124
1000100 0.000156 0.000026
1001110 0.000206 0.000056
1110000 0.000254 0.000063
1001111 0.000328 0.000098
1000000 0.000207 0.000063
0111001 0.000526 0.000027
0011000 0.000170 0.000081
0001000 0.000441 0.000073
1001101 0.000226 0.000116
1001000 0.000080 0.000043
