00110000 0.087295 0.000454
00110011 0.020622 0.000377
11011110 0.024606 0.001342
00110001 0.081587 0.001299
11001111 0.123795 0.001367
00010000 0.015232 0.000956
11001110 0.052091 0.000669
00010010 0.013217 0.000459
00110100 0.023038 0.000288
10110001 0.021044 0.000459
11001101 0.011876 0.000479
10110000 0.015171 0.000149
00010001 0.015377 0.000372
00100001 0.027261 0.000676
11011111 0.020915 0.000992
11101111 0.026356 0.000401
01101011 0.017701 0.000550
10110100 0.018311 0.000811
01001111 0.017269 0.000903
10010001 0.012324 0.000173
01001011 0.010280 0.000173
00110010 0.025974 0.000233
11101110 0.011883 0.000534
01101111 0.013912 0.000496
00010011 0.010271 0.000556
01001110 0.011279 0.000265
10010100 0.012725 0.000577
