0010000 0.012636 0.000276
1011111 0.011504 0.000557
1010101 0.008975 0.000825
0011011 0.011506 0.000113
1100100 0.009653 0.000098
1110101 0.075126 0.001037
1000111 0.009422 0.000518
1100101 0.076487 0.001282
0111111 0.010940 0.000410
1101110 0.003296 0.000048
1001111 0.019108 0.000745
0100101 0.013877 0.001131
0100100 0.002590 0.000165
1100000 0.001256 0.000157
0110001 0.006419 0.000303
1110100 0.009656 0.000580
1001001 0.001466 0.000160
1011110 0.003621 0.000122
0110101 0.040404 0.000643
0111010 0.032288 0.000534
1001010 0.046448 0.001240
0001010 0.041782 0.000240
0111001 0.001792 0.000280
0110100 0.006973 0.000326
0011010 0.063868 0.001674
0001011 0.007007 0.000110
1011010 0.034813 0.000734
1110110 0.003089 0.000299
1110001 0.000967 0.000059
0110010 0.007745 0.000215
1011000 0.004255 0.000432
0000001 0.002994 0.000069
0000000 0.014460 0.000135
0110111 0.009054 0.000173
0001000 0.006774 0.000549
1000101 0.028097 0.000785
1000100 0.004001 0.000508
0100001 0.002041 0.000204
0100111 0.003102 0.000181
1100111 0.024627 0.001294
0011111 0.005387 0.000123
0110000 0.020817 0.000436
1011011 0.009946 0.000486
0011000 0.009793 0.000430
0111000 0.006517 0.000813
1111101 0.007667 0.000309
1111111 0.029503 0.000943
1001110 0.004740 0.000240
1110000 0.001590 0.000137
1111010 0.010250 0.000444
1110111 0.023962 0.000437
1011101 0.002365 0.000111
1101111 0.021648 0.000594
1101010 0.004688 0.000300
0101111 0.002872 0.000246
0010101 0.005235 0.000286
1100001 0.000735 0.000265
1111110 0.005321 0.000011
1101101 0.006502 0.000713
0010001 0.002493 0.000319
0100000 0.006764 0.000552
1001011 0.013468 0.000400
0111101 0.003058 0.000183
0000100 0.001318 0.000305
0011110 0.001932 0.000274
0000101 0.006729 0.000593
0111011 0.009307 0.000287
1100110 0.003659 0.000106
0000010 0.006061 0.000721
1010000 0.001269 0.000099
0000111 0.001694 0.000164
0001001 0.001239 0.000182
0001111 0.002960 0.000153
0000011 0.001004 0.000088
0100010 0.002858 0.000309
1001000 0.006646 0.000803
0010010 0.005632 0.000126
1000001 0.001622 0.000133
1010111 0.003282 0.000234
1000000 0.003335 0.000241
0110011 0.002673 0.000136
0010100 0.000950 0.000195
1101100 0.000951 0.000090
0101000 0.001477 0.000155
0001110 0.001323 0.000233
1000010 0.001561 0.000121
1101001 0.000425 0.000056
0011001 0.002065 0.000084
1011001 0.001176 0.000124
0111100 0.000555 0.000082
1000110 0.001330 0.000143
0101001 0.000510 0.000052
1111011 0.003986 0.000115
0101101 0.000763 0.000139
0100011 0.000622 0.000123
1000011 0.000653 0.000259
1001101 0.003962 0.000574
0010011 0.001002 0.000105
1010100 0.001279 0.000066
1010011 0.000181 0.000034
0100110 0.000556 0.000024
0101010 0.006976 0.000687
1010001 0.000576 0.000108
0111110 0.003204 0.000309
0000110 0.000317 0.000050
1001100 0.001039 0.000121
1101011 0.002272 0.000293
1010110 0.000577 0.000085
0010111 0.001452 0.000157
1011100 0.000527 0.000097
0101011 0.002277 0.000191
0001101 0.000661 0.000156
1111000 0.001715 0.000096
1111100 0.001444 0.000281
0110110 0.001945 0.000197
1110010 0.000627 0.000066
0011101 0.001010 0.000173
1010010 0.000567 0.000047
1110011 0.000250 0.000030
1100011 0.000316 0.000120
0101100 0.000262 0.000065
1111001 0.000733 0.000200
1101000 0.000946 0.000071
0101110 0.000750 0.000096
0001100 0.000248 0.000054
0010110 0.000257 0.000029
1100010 0.000703 0.000091
0011100 0.000367 0.000106
