00000 0.020897 0.000735
11011 0.139397 0.001701
00100 0.133840 0.002430
01011 0.030403 0.001167
01111 0.097297 0.001114
11000 0.010298 0.000414
10100 0.058100 0.001105
11111 0.072855 0.000652
10000 0.055590 0.001280
11010 0.087465 0.000859
00101 0.062103 0.001124
00111 0.013813 0.000912
10010 0.021711 0.000892
00110 0.013185 0.001040
11101 0.027152 0.000861
10110 0.004501 0.000452
10101 0.020575 0.000790
10011 0.004458 0.000278
00010 0.025647 0.000211
01010 0.021925 0.001316
01110 0.007587 0.000363
11001 0.005853 0.000051
01101 0.034882 0.000717
10111 0.003632 0.000774
11110 0.009755 0.000111
11100 0.005347 0.000630
00011 0.002922 0.000504
10001 0.004495 0.000378
01000 0.000636 0.000279
00001 0.000988 0.000136
01100 0.002482 0.000337
01001 0.000210 0.000029
