01100 0.153626 0.001714
11100 0.029705 0.001192
11011 0.035610 0.001218
00111 0.061763 0.001564
10011 0.106179 0.001878
00101 0.033198 0.000356
10001 0.011914 0.000066
00001 0.015493 0.000258
01101 0.096656 0.000575
11010 0.077006 0.001679
00011 0.068571 0.000093
10010 0.092480 0.001422
00110 0.016589 0.000289
01011 0.018383 0.000748
11110 0.014776 0.000587
01001 0.016509 0.000673
11000 0.030010 0.001109
10110 0.011651 0.000777
11001 0.020768 0.000398
01111 0.025234 0.001021
01110 0.029903 0.000578
