111100 0.079335 0.000288
111010 0.019716 0.000764
110110 0.062856 0.001161
111110 0.052892 0.001570
100010 0.010475 0.000606
001011 0.063099 0.000602
111101 0.019031 0.000715
010100 0.038398 0.000761
000011 0.053208 0.000857
101011 0.036408 0.000374
010111 0.010728 0.000691
001001 0.053840 0.001249
001101 0.045037 0.001614
111111 0.030957 0.001255
011101 0.015778 0.000696
010110 0.019586 0.001021
101001 0.012106 0.000633
111011 0.014861 0.000701
110010 0.029282 0.000822
000000 0.011145 0.000149
101101 0.012015 0.000663
010101 0.010478 0.000740
110100 0.028962 0.001221
100011 0.014502 0.000618
101111 0.012947 0.000596
000101 0.018617 0.000338
001111 0.019949 0.001440
110111 0.012466 0.001492
000111 0.018231 0.000629
000010 0.014048 0.001134
000001 0.019880 0.000943
000100 0.013164 0.000526
