0010011 0.060268 0.000313
0111111 0.034476 0.001098
0110111 0.042797 0.000998
1111100 0.031612 0.001587
0010111 0.021158 0.000362
1111111 0.014241 0.000357
0110011 0.024071 0.000472
1100000 0.037873 0.000885
1101100 0.053332 0.000315
0011011 0.016287 0.000762
1001000 0.044428 0.001750
1111101 0.018497 0.001067
1101000 0.041431 0.000686
0001100 0.010008 0.000285
0000011 0.017053 0.000496
1110111 0.014341 0.000658
0111110 0.016619 0.000037
1001100 0.019452 0.000466
1111000 0.020141 0.000952
0011111 0.035455 0.001024
0010010 0.013464 0.000699
0011110 0.011391 0.000525
1110011 0.010622 0.000993
1111001 0.012436 0.000177
1100100 0.022071 0.000354
0110110 0.015830 0.000602
1000000 0.019495 0.001268
1011000 0.012990 0.000353
0000010 0.010115 0.000162
