00111 0.025616 0.000740
01000 0.065710 0.000945
11100 0.080507 0.002423
01010 0.056435 0.001018
01011 0.017219 0.000211
11110 0.065911 0.001484
00011 0.179697 0.000917
01111 0.004617 0.000559
10111 0.052905 0.001289
10001 0.017274 0.000422
00001 0.067620 0.001147
10011 0.045904 0.000457
00000 0.004744 0.000350
01110 0.026305 0.000132
11000 0.021233 0.001161
00101 0.018104 0.001070
10101 0.029923 0.000170
11111 0.019663 0.000437
00100 0.026951 0.000791
01100 0.034553 0.000241
10100 0.048225 0.000760
11010 0.022280 0.001106
11011 0.018488 0.000616
11101 0.008940 0.000251
01101 0.002400 0.000212
00010 0.001710 0.000107
00110 0.007828 0.000583
11001 0.005486 0.000588
10110 0.016626 0.000383
01001 0.006362 0.000236
10010 0.000199 0.000035
10000 0.000566 0.000056
