01110101 0.013392 0.000201
11110101 0.020301 0.000143
01100101 0.019661 0.001128
10011011 0.007773 0.000440
10010111 0.011691 0.000392
10110011 0.070157 0.000287
00001111 0.004751 0.000226
01001101 0.075878 0.000790
10011010 0.027951 0.000814
10010011 0.018435 0.000625
01001111 0.013751 0.000332
10110111 0.036018 0.000330
01001100 0.111344 0.000879
10110110 0.008620 0.000401
11110100 0.006227 0.000254
11110111 0.014362 0.000351
10111010 0.009568 0.000136
11001101 0.003745 0.000287
10001011 0.022648 0.001214
10110001 0.004403 0.000226
01010100 0.000631 0.000107
01010000 0.000047 0.000028
01101100 0.027975 0.000056
11111111 0.002517 0.000076
10001010 0.061862 0.000781
10010010 0.012988 0.000658
10101011 0.002257 0.000158
00011110 0.001191 0.000245
10101010 0.007865 0.000219
00001011 0.014348 0.000721
11101110 0.003617 0.000335
01111100 0.001573 0.000306
00110101 0.001294 0.000093
01110100 0.003141 0.000300
01101101 0.019366 0.000390
01000101 0.012765 0.000204
11001111 0.002927 0.000253
11011110 0.001140 0.000058
00110111 0.003081 0.000123
10000010 0.006710 0.000351
11100100 0.000992 0.000262
10110010 0.037770 0.000477
01001110 0.019278 0.000462
00001010 0.016195 0.000978
10111111 0.000984 0.000138
01011101 0.001074 0.000138
00011111 0.001663 0.000186
01100100 0.013894 0.000169
00010011 0.004336 0.000290
00110011 0.001139 0.000111
01110111 0.002196 0.000049
11110110 0.003911 0.000131
00000010 0.004025 0.000205
10011111 0.001654 0.000056
00000001 0.005770 0.000114
10110101 0.003582 0.000244
00010111 0.005839 0.000364
01000100 0.009125 0.000373
00101000 0.000223 0.000048
10000011 0.007247 0.000479
01101111 0.002207 0.000379
01111111 0.000363 0.000039
11001110 0.006439 0.000400
00111110 0.000104 0.000006
01010101 0.001517 0.000200
10001110 0.003972 0.000191
11001010 0.003695 0.000428
00011011 0.001649 0.000201
11001100 0.008201 0.000247
11101100 0.007390 0.000243
01111110 0.000403 0.000057
10111011 0.002439 0.000201
10100011 0.002084 0.000200
10011110 0.002636 0.000267
11111000 0.000865 0.000165
11111100 0.002335 0.000074
00000011 0.009236 0.000080
00001110 0.005374 0.000254
11110011 0.000635 0.000085
10000000 0.000931 0.000058
11001000 0.003162 0.000161
11111101 0.001259 0.000026
11101101 0.002291 0.000249
01001000 0.004829 0.000371
01000001 0.000712 0.000110
10000111 0.000633 0.000251
10100010 0.001984 0.000175
11101111 0.001203 0.000178
01011110 0.001193 0.000097
00010010 0.001712 0.000129
01000110 0.000154 0.000031
11111001 0.000176 0.000083
10001001 0.001101 0.000074
11101000 0.003993 0.000300
00111010 0.000131 0.000075
01100001 0.001060 0.000055
00010101 0.001245 0.000151
10110000 0.002341 0.000096
00010001 0.001124 0.000037
01001001 0.003355 0.000235
01001011 0.000759 0.000077
01101001 0.000795 0.000089
00001101 0.000794 0.000123
11011100 0.000410 0.000129
11111010 0.001861 0.000300
11101010 0.002744 0.000326
10111110 0.000993 0.000233
10100000 0.000655 0.000077
00000000 0.002331 0.000089
10101110 0.000455 0.000092
00000111 0.001776 0.000197
01110001 0.000193 0.000057
01011100 0.001161 0.000035
10010110 0.001675 0.000293
00001000 0.002833 0.000335
10000001 0.001205 0.000021
00101010 0.000789 0.000093
11011010 0.000558 0.000158
10100111 0.000194 0.000027
10010101 0.000997 0.000063
01100110 0.000164 0.000028
00001001 0.002690 0.000061
11111110 0.003783 0.000133
01010111 0.000444 0.000130
10001000 0.002205 0.000231
01011111 0.001024 0.000059
00100011 0.001004 0.000147
10010000 0.000449 0.000019
01111101 0.001323 0.000219
10001111 0.002256 0.000090
01101000 0.001119 0.000143
11010000 0.000004 0.000005
00000101 0.001070 0.000123
10101000 0.000561 0.000132
00100001 0.000947 0.000153
00101101 0.000056 0.000051
00101011 0.000551 0.000114
11011101 0.000130 0.000015
10101111 0.000274 0.000018
00011010 0.001659 0.000141
01100000 0.000919 0.000181
11001011 0.001104 0.000026
11010101 0.000282 0.000048
00010110 0.000511 0.000070
00110110 0.000107 0.000022
00000110 0.000603 0.000067
11110000 0.000784 0.000080
10111000 0.000336 0.000163
11110001 0.000592 0.000072
11001001 0.000869 0.000149
01101110 0.003117 0.000073
11010111 0.000527 0.000071
00001100 0.000673 0.000130
11100000 0.000648 0.000142
00110010 0.000387 0.000093
00011000 0.000155 0.000032
00111011 0.000187 0.000061
10011100 0.000079 0.000026
11010100 0.000089 0.000050
11011000 0.000148 0.000057
10000110 0.000482 0.000053
11101001 0.000878 0.000199
11000111 0.000053 0.000053
00110001 0.000560 0.000114
11100101 0.001111 0.000219
10111101 0.000012 0.000011
00100000 0.000564 0.000048
11110010 0.000555 0.000156
01001010 0.001201 0.000170
00101110 0.000217 0.000065
10100001 0.000400 0.000112
10001101 0.000162 0.000082
11000101 0.000348 0.000018
11011111 0.000710 0.000138
00101001 0.000136 0.000045
10110100 0.000409 0.000030
01000000 0.000663 0.000073
00011001 0.000163 0.000056
00110000 0.000188 0.000040
01011010 0.000031 0.000029
10101001 0.000226 0.000072
11100010 0.000050 0.000015
11000001 0.000088 0.000064
10111001 0.000106 0.000069
01010001 0.000032 0.000031
01100111 0.000400 0.000073
10010001 0.000993 0.000077
11101011 0.000448 0.000010
01010110 0.000056 0.000028
00011100 0.000042 0.000010
00010000 0.000344 0.000064
10101101 0.000033 0.000044
01110000 0.000159 0.000041
11111011 0.000281 0.000032
01111000 0.000023 0.000019
11100111 0.000093 0.000030
11011011 0.000166 0.000050
11000100 0.000324 0.000131
00100101 0.000255 0.000041
01110110 0.000074 0.000025
01011000 0.000046 0.000036
00011101 0.000151 0.000098
01111001 0.000036 0.000027
00110100 0.000093 0.000045
11100110 0.000107 0.000050
00000100 0.000471 0.000042
01111011 0.000026 0.000011
01101010 0.000114 0.000077
11000000 0.000115 0.000029
11100011 0.000063 0.000065
10011000 0.000421 0.000052
01000111 0.000455 0.000104
00100111 0.000247 0.000168
10000101 0.000146 0.000023
00101111 0.000185 0.000041
00111111 0.000117 0.000011
10000100 0.000020 0.000002
10010100 0.000031 0.000012
11000011 0.000023 0.000024
10100110 0.000072 0.000012
00111001 0.000057 0.000043
00100010 0.000448 0.000099
10011101 0.000038 0.000026
01100011 0.000056 0.000038
01011001 0.000020 0.000013
00111101 0.000003 0.000002
11010011 0.000033 0.000007
11010010 0.000024 0.000022
11100001 0.000201 0.000023
00010100 0.000200 0.000084
10101100 0.000030 0.000022
10111100 0.000018 0.000018
10011001 0.000146 0.000028
00100110 0.000045 0.000026
00100100 0.000036 0.000015
01110010 0.000005 0.000003
10100101 0.000010 0.000013
10001100 0.000152 0.000064
01101011 0.000099 0.000077
10100100 0.000017 0.000015
01011011 0.000036 0.000032
01100010 0.000031 0.000008
11010001 0.000014 0.000017
11011001 0.000005 0.000004
11010110 0.000076 0.000032
00111000 0.000021 0.000018
01000011 0.000016 0.000023
01111010 0.000025 0.000037
00101100 0.000030 0.000029
01000010 0.000012 0.000017
00111100 0.000012 0.000010
11000110 0.000027 0.000019
11000010 0.000033 0.000026
01110011 0.000025 0.000036
01010011 0.000013 0.000018
