100101 0.106654 0.001297
010010 0.150278 0.001018
010110 0.010953 0.000474
101101 0.140255 0.000643
110010 0.015398 0.000169
001010 0.057962 0.001327
011010 0.056588 0.001383
110101 0.038929 0.000685
010101 0.015236 0.000275
111101 0.028578 0.000875
101110 0.016046 0.001208
101111 0.033579 0.001365
001011 0.012973 0.000336
101011 0.015626 0.000216
111010 0.019493 0.000591
101010 0.039705 0.001099
001101 0.013057 0.000326
100111 0.016733 0.000570
000101 0.025419 0.000401
000010 0.024719 0.000900
