10011000 0.011329 0.000681
01100111 0.019136 0.000532
10111100 0.058804 0.000420
01000001 0.023611 0.000359
01000011 0.071721 0.000814
01000101 0.016227 0.000862
11111110 0.015637 0.000283
11101110 0.015388 0.000553
10111110 0.041180 0.000402
01000111 0.050841 0.001639
10111000 0.066871 0.000587
01010011 0.033952 0.000636
10101110 0.023610 0.000819
10111010 0.034197 0.000979
01010001 0.028746 0.001421
10101100 0.012776 0.000383
01101110 0.022191 0.000318
11010011 0.013001 0.001072
11111010 0.012085 0.000304
01010111 0.011620 0.000278
