0111011 0.009230 0.000213
0101110 0.045083 0.000593
0010001 0.063583 0.001153
0101001 0.009098 0.000761
1101110 0.116140 0.002691
1111111 0.011875 0.000234
0011000 0.025147 0.000963
0111111 0.007679 0.000368
1001110 0.006346 0.000210
1101111 0.052493 0.001858
0011001 0.059424 0.001741
0111001 0.024610 0.001137
1010000 0.031519 0.001337
0011100 0.005663 0.000391
0000001 0.009806 0.000904
0101111 0.022973 0.000551
1110110 0.014691 0.000766
0010000 0.022101 0.000423
0010110 0.000723 0.000033
1100110 0.058790 0.001231
0110000 0.004291 0.000550
0111000 0.015597 0.000745
1111001 0.003123 0.000189
1010110 0.008913 0.000530
1010001 0.034653 0.000480
0011011 0.003940 0.000207
0111110 0.020233 0.000642
0001001 0.006046 0.000118
1100111 0.025869 0.001486
1100011 0.002327 0.000345
1111110 0.028132 0.000780
0100100 0.000958 0.000165
1001111 0.005178 0.000858
1000111 0.008198 0.000694
0111010 0.003105 0.000277
0101011 0.005676 0.000289
1011100 0.005013 0.000629
1000110 0.010965 0.000349
1001001 0.001079 0.000167
0110100 0.002426 0.000282
1001101 0.000504 0.000074
1100100 0.001903 0.000243
1111100 0.004203 0.000336
1011000 0.007216 0.000153
1000001 0.005023 0.000468
1011111 0.004880 0.000229
1011001 0.011606 0.000305
1111010 0.001294 0.000241
1010101 0.005948 0.000486
1001011 0.001609 0.000225
1011011 0.003450 0.000233
1011110 0.005541 0.000361
1010100 0.014221 0.000445
0100110 0.009098 0.000141
1010111 0.006535 0.000427
0101010 0.000627 0.000053
1110111 0.006120 0.000643
1000011 0.001928 0.000104
0110001 0.008857 0.000141
1010010 0.002193 0.000100
0111101 0.001592 0.000370
0100011 0.001734 0.000160
0011111 0.000935 0.000238
0001110 0.000510 0.000114
1000101 0.001220 0.000233
1011101 0.003102 0.000149
0010100 0.004080 0.000372
1111011 0.004061 0.000115
0011110 0.001867 0.000207
0011101 0.002068 0.000165
1011010 0.001015 0.000127
0000011 0.000588 0.000050
0001111 0.000373 0.000101
1110000 0.002700 0.000232
0100001 0.004294 0.000586
1101010 0.000375 0.000075
1101100 0.001990 0.000122
0111100 0.011442 0.000346
1101001 0.000966 0.000218
0101100 0.002689 0.000122
0100111 0.006163 0.000268
0110011 0.002812 0.000225
1111000 0.002752 0.000236
0110111 0.001645 0.000272
1010011 0.006025 0.000091
1111101 0.000963 0.000181
0000100 0.000305 0.000179
1110010 0.000879 0.000165
1101011 0.003250 0.000250
1110011 0.002517 0.000131
0101101 0.000652 0.000094
1100000 0.000209 0.000082
0001000 0.000357 0.000082
1101101 0.000445 0.000038
0100000 0.000243 0.000029
0110110 0.003596 0.000263
0010101 0.001448 0.000113
0110101 0.000351 0.000077
1110001 0.003189 0.000052
1100001 0.001318 0.000144
1001100 0.000619 0.000169
0010011 0.002352 0.000086
1000100 0.001639 0.000418
0001011 0.000644 0.000168
0010111 0.000708 0.000060
1110100 0.003649 0.000260
1000000 0.000595 0.000061
0100101 0.000332 0.000027
1100101 0.000481 0.000039
0110010 0.000860 0.000218
0000101 0.000392 0.000117
0011010 0.001141 0.000207
1100010 0.000405 0.000080
1000010 0.000330 0.000094
0001100 0.000202 0.000044
0001010 0.000041 0.000037
0001101 0.000152 0.000087
0101000 0.000724 0.000245
0100010 0.000115 0.000041
1001010 0.000093 0.000049
0000000 0.000349 0.000034
0000111 0.000404 0.000122
1110101 0.000737 0.000199
0000110 0.000296 0.000089
0010010 0.000260 0.000081
1001000 0.000102 0.000034
1101000 0.000161 0.000033
0000010 0.000045 0.000005
