001010 0.098488 0.001140
001011 0.040064 0.000466
101110 0.062354 0.000554
110111 0.048777 0.001539
111111 0.018819 0.000274
110001 0.040521 0.001474
110011 0.035167 0.000734
110100 0.024796 0.000988
101111 0.028984 0.001647
010001 0.077238 0.001600
110101 0.059698 0.001547
001000 0.078427 0.001792
010101 0.017049 0.000500
111110 0.014087 0.000678
110000 0.019362 0.000255
001100 0.037489 0.001359
101010 0.031082 0.000605
110110 0.013517 0.000028
101011 0.014104 0.000273
010000 0.035104 0.001198
001101 0.015794 0.000145
101100 0.013021 0.000760
110010 0.017018 0.000147
001110 0.018716 0.000546
001001 0.034357 0.000625
