111100 0.079335 0.000288
111010 0.019716 0.000764
110110 0.062856 0.001161
111110 0.052892 0.001570
010001 0.002026 0.000265
110011 0.008431 0.000525
100010 0.010475 0.000606
001011 0.063099 0.000602
111101 0.019031 0.000715
010100 0.038398 0.000761
000011 0.053208 0.000857
100111 0.004008 0.000821
101011 0.036408 0.000374
010111 0.010728 0.000691
101100 0.007043 0.000946
001001 0.053840 0.001249
011100 0.009926 0.000628
001101 0.045037 0.001614
111111 0.030957 0.001255
011101 0.015778 0.000696
100110 0.004322 0.000372
010110 0.019586 0.001021
101001 0.012106 0.000633
111011 0.014861 0.000701
110010 0.029282 0.000822
111000 0.008562 0.000306
000000 0.011145 0.000149
101101 0.012015 0.000663
010101 0.010478 0.000740
110100 0.028962 0.001221
100011 0.014502 0.000618
011111 0.009399 0.000068
101111 0.012947 0.000596
101010 0.005430 0.000282
000101 0.018617 0.000338
000110 0.005761 0.000408
001111 0.019949 0.001440
011110 0.002257 0.000136
010000 0.005086 0.000602
011001 0.002861 0.000526
110111 0.012466 0.001492
000111 0.018231 0.000629
000010 0.014048 0.001134
101000 0.005519 0.000290
000001 0.019880 0.000943
011011 0.004363 0.000193
010010 0.006981 0.000402
100001 0.000859 0.000039
010011 0.005378 0.000346
110000 0.003345 0.000273
001100 0.004733 0.000093
000100 0.013164 0.000526
110101 0.002104 0.000047
100101 0.000809 0.000049
100000 0.000907 0.000096
111001 0.003364 0.000081
001000 0.004893 0.000508
011010 0.000829 0.000208
100100 0.001302 0.000377
011000 0.001132 0.000161
001010 0.001023 0.000097
101110 0.002503 0.000216
001110 0.000480 0.000095
110001 0.000364 0.000127
