0100001 0.101988 0.001566
1011111 0.025371 0.000571
1010110 0.101630 0.000212
1101101 0.034042 0.000397
1101001 0.046756 0.001004
1010111 0.032678 0.000992
0101001 0.061358 0.001309
0110011 0.016570 0.000376
0010110 0.026238 0.000680
1011110 0.103938 0.001557
0110001 0.016507 0.000735
1101100 0.016921 0.000089
1111110 0.010702 0.000465
1101000 0.013661 0.000310
0101000 0.013171 0.000153
0111011 0.010332 0.000293
0100000 0.019104 0.000292
0010010 0.016527 0.000615
0010111 0.013553 0.000325
1100001 0.017373 0.000714
0100101 0.015673 0.000789
1100101 0.013295 0.000498
