01010010 0.068552 0.001181
00111101 0.021802 0.000538
11100000 0.023215 0.000739
10111101 0.032232 0.000891
00011101 0.018643 0.000807
11100100 0.010130 0.001286
11100011 0.017755 0.000296
01110011 0.015806 0.000737
01000010 0.028943 0.000876
01100011 0.011933 0.000460
10101100 0.031257 0.000397
10101101 0.059314 0.001111
00111111 0.027712 0.000704
00011100 0.010682 0.000391
10111000 0.012422 0.000284
01100010 0.013647 0.000822
01010011 0.032000 0.000766
11100010 0.024271 0.001569
00011111 0.025895 0.000552
01010111 0.011432 0.000552
11000010 0.010867 0.000467
11100101 0.012886 0.000277
10101000 0.017093 0.000541
11100111 0.013768 0.000280
01110010 0.011078 0.000336
11101000 0.014242 0.001039
00011011 0.010365 0.000597
10111111 0.012088 0.000558
00111011 0.012212 0.001193
