001000 0.018151 0.001326
000001 0.219706 0.000705
111111 0.093154 0.002643
111001 0.004071 0.000200
001100 0.001579 0.000213
000000 0.067786 0.001752
111110 0.195776 0.001786
011110 0.030859 0.000994
001011 0.006021 0.000190
100000 0.015345 0.000460
110110 0.005211 0.000646
101011 0.001366 0.000075
100001 0.050254 0.001493
000011 0.042520 0.000703
011111 0.026999 0.001168
110001 0.008223 0.000698
111100 0.016569 0.000457
001001 0.029139 0.002030
001111 0.003705 0.000250
110100 0.001574 0.000153
010110 0.000970 0.000203
101001 0.008678 0.000432
110111 0.013265 0.000320
000111 0.021455 0.000540
100011 0.007590 0.000243
101100 0.000749 0.000141
011011 0.001969 0.000225
110010 0.000538 0.000059
010011 0.002368 0.000133
000101 0.020089 0.000509
101110 0.000241 0.000118
101010 0.000307 0.000122
101000 0.005988 0.000470
100111 0.003989 0.000314
000100 0.005413 0.000106
100101 0.005188 0.000261
011000 0.001362 0.000188
001101 0.002728 0.000242
010111 0.007231 0.000496
111011 0.003029 0.000105
111010 0.005860 0.000364
010001 0.003314 0.000228
111000 0.008549 0.000023
110000 0.003332 0.000464
111101 0.002934 0.000209
100010 0.000893 0.000121
001010 0.001712 0.000039
000010 0.004595 0.000572
110011 0.002947 0.000040
011001 0.001502 0.000344
000110 0.001525 0.000025
011010 0.000901 0.000111
100100 0.001769 0.000335
010000 0.001345 0.000199
001110 0.000620 0.000171
101111 0.001133 0.000236
101101 0.000926 0.000107
010100 0.000252 0.000024
010010 0.000297 0.000037
011101 0.000566 0.000123
010101 0.000935 0.000214
110101 0.002086 0.000131
100110 0.000317 0.000111
011100 0.000535 0.000039
