011010 0.058093 0.001048
001101 0.156613 0.002556
110010 0.152112 0.000800
101101 0.087230 0.000504
010110 0.014551 0.000256
110111 0.019645 0.001113
010111 0.010240 0.000521
010010 0.078551 0.002977
110110 0.016510 0.000115
001111 0.011633 0.000446
100101 0.038004 0.000934
100010 0.011671 0.000582
111010 0.039005 0.000365
110101 0.010395 0.000723
100111 0.012765 0.000026
011101 0.026860 0.000344
111011 0.016519 0.000111
110011 0.025668 0.001088
101111 0.011104 0.001139
011011 0.019747 0.000384
101010 0.013350 0.000324
011111 0.013593 0.000308
