100101 0.098351 0.001653
101110 0.039509 0.001055
011010 0.148590 0.003113
001001 0.010996 0.001353
101010 0.026423 0.001003
011011 0.062194 0.001988
100110 0.024096 0.000765
000000 0.011830 0.000758
110101 0.043414 0.000412
011001 0.021250 0.001090
001000 0.012250 0.000965
010000 0.017271 0.000453
100100 0.038547 0.000764
011000 0.024425 0.000629
010101 0.030267 0.000886
000101 0.013351 0.000520
101101 0.018947 0.000629
010001 0.020088 0.000163
100111 0.023542 0.001169
101111 0.027337 0.000898
111101 0.011754 0.000622
110111 0.018763 0.000488
001010 0.025871 0.000543
111110 0.016006 0.000755
111111 0.023932 0.000436
110100 0.013597 0.000626
101100 0.011414 0.000190
011101 0.011110 0.000669
000001 0.013471 0.000757
011111 0.020110 0.000488
011110 0.012370 0.001056
010010 0.011864 0.000402
