10110100 0.026096 0.000485
01000011 0.051412 0.001154
00111100 0.077477 0.001506
00000011 0.010880 0.000193
01001011 0.027554 0.001327
11010010 0.021092 0.000922
11110100 0.020056 0.000816
00011011 0.016194 0.000294
01010011 0.027962 0.000422
10111100 0.035127 0.000811
01011010 0.014946 0.000550
00010010 0.011010 0.000069
11100111 0.011444 0.000542
11010011 0.036500 0.000624
00011010 0.055901 0.000857
00111101 0.016589 0.000165
11110101 0.020456 0.000396
00001010 0.016934 0.000328
00101100 0.025297 0.000387
11000011 0.058054 0.000821
00110100 0.014114 0.000352
10101100 0.011477 0.000254
11001011 0.015398 0.000496
01011011 0.017433 0.000559
11100101 0.028058 0.000368
00101101 0.013748 0.000266
00001011 0.014994 0.000446
11110110 0.010022 0.000627
