010000 0.193282 0.001728
101111 0.199314 0.001990
001111 0.014585 0.000583
010001 0.139936 0.002797
011000 0.010964 0.000181
100110 0.003223 0.000444
110000 0.020129 0.000594
111111 0.013084 0.000229
011001 0.012355 0.000101
111101 0.019889 0.000967
110001 0.014295 0.000767
000011 0.001750 0.000183
010010 0.044354 0.001288
000010 0.008510 0.000840
010011 0.020410 0.000672
010101 0.012156 0.000419
101110 0.079430 0.002145
000001 0.003233 0.000363
111010 0.005257 0.000266
000110 0.020085 0.000333
111001 0.026619 0.000220
011011 0.002319 0.000151
111000 0.017763 0.000351
000111 0.012677 0.000340
111011 0.005054 0.000444
010111 0.004141 0.000132
000100 0.001809 0.000285
101101 0.020858 0.000222
110010 0.004356 0.000380
010100 0.005383 0.000256
100010 0.000844 0.000114
101001 0.002625 0.000131
000000 0.006466 0.000303
110111 0.000439 0.000135
010110 0.002817 0.000466
100001 0.000545 0.000092
011010 0.002973 0.000573
011101 0.003610 0.000251
100111 0.001500 0.000138
001110 0.011426 0.000568
101000 0.002273 0.000257
000101 0.002727 0.000381
101100 0.002414 0.000291
001010 0.000572 0.000061
011100 0.001110 0.000254
111100 0.001902 0.000189
011111 0.002725 0.000457
011110 0.001132 0.000128
110101 0.001167 0.000112
111110 0.002332 0.000104
001000 0.000912 0.000252
110110 0.000252 0.000082
101011 0.000888 0.000167
100000 0.000920 0.000224
110100 0.000469 0.000021
100101 0.000446 0.000121
001100 0.000602 0.000067
001101 0.002085 0.000052
001001 0.000582 0.000141
110011 0.001991 0.000210
101010 0.001411 0.000221
001011 0.000213 0.000020
100011 0.000194 0.000026
100100 0.000215 0.000096
