01110 0.093001 0.000647
01000 0.139728 0.002692
00001 0.015129 0.001520
01100 0.028230 0.001243
11000 0.073804 0.001346
10111 0.140619 0.000819
11111 0.079386 0.001737
11001 0.026457 0.000981
01111 0.058370 0.000690
10001 0.082211 0.001397
10000 0.037407 0.001583
11011 0.012692 0.000933
01001 0.013600 0.000695
10100 0.002697 0.000379
01010 0.006742 0.000407
00000 0.034372 0.001317
10011 0.041548 0.001013
01101 0.002630 0.000163
11110 0.025690 0.001272
00111 0.034013 0.000163
00101 0.002670 0.000099
00010 0.001238 0.000164
00110 0.010399 0.001047
10101 0.006654 0.000757
11010 0.006488 0.000272
10010 0.002761 0.000116
10110 0.004836 0.000382
01011 0.002558 0.000262
11100 0.004394 0.000360
00100 0.005662 0.001001
00011 0.001813 0.000341
11101 0.002202 0.000127
