0110101 0.025260 0.000706
1010110 0.011500 0.000750
0010010 0.032130 0.001183
1101001 0.057866 0.001570
1011110 0.011615 0.000304
1111010 0.018824 0.000382
1001000 0.010111 0.000136
1001111 0.023551 0.000536
1111001 0.011998 0.000114
0111111 0.014331 0.000712
1101111 0.023968 0.000487
0010110 0.041661 0.000700
1010010 0.034594 0.001049
0100101 0.052827 0.000932
1110000 0.033545 0.001856
1111000 0.025979 0.000368
0101111 0.018420 0.000847
1001010 0.011141 0.000819
0110000 0.013737 0.000809
1010000 0.011438 0.000709
0000101 0.017576 0.000880
1011010 0.036391 0.000368
0011111 0.013562 0.000291
0110111 0.019420 0.001196
1101101 0.044173 0.001249
0010111 0.023006 0.000523
0001111 0.016004 0.000257
1101011 0.019671 0.001094
1101000 0.032935 0.001053
1001101 0.010525 0.000052
1110010 0.012437 0.000387
0101101 0.021511 0.000671
1100000 0.012929 0.000241
