11101111 0.079164 0.002346
11101001 0.003726 0.000334
01100111 0.017428 0.000720
11011001 0.012359 0.000121
11011010 0.010299 0.000275
11100111 0.029467 0.000537
10011010 0.010009 0.000735
00011000 0.014063 0.000343
01010100 0.005382 0.000271
00010001 0.033028 0.000427
00100111 0.025876 0.000986
01011000 0.005365 0.000386
11101110 0.048472 0.001529
11011000 0.034169 0.000845
00011010 0.011837 0.000885
01010011 0.006048 0.000060
10010100 0.000482 0.000026
11101101 0.028900 0.001067
11010001 0.010185 0.000245
00100110 0.010979 0.000521
00010000 0.038448 0.000734
00101100 0.000918 0.000214
11110100 0.003101 0.000141
01010010 0.007044 0.000199
11101100 0.020533 0.000953
01010110 0.004009 0.000611
01000100 0.000142 0.000014
11010000 0.016552 0.001290
11100100 0.003289 0.000202
11011011 0.004629 0.000548
11010111 0.001253 0.000111
11010110 0.001640 0.000111
11111101 0.001636 0.000156
01010001 0.027550 0.000941
00010010 0.019171 0.001061
10101111 0.027082 0.001658
00000111 0.012973 0.000321
00010011 0.016561 0.000645
01010000 0.029660 0.000568
00011001 0.005998 0.000432
00101101 0.001600 0.000119
11100110 0.014666 0.000739
10101110 0.015071 0.000516
00010111 0.009472 0.000526
00110110 0.002852 0.000296
11111100 0.002649 0.000472
10011111 0.000304 0.000054
10011000 0.012022 0.000698
11110000 0.001582 0.000056
10010001 0.003669 0.000016
11010100 0.001256 0.000090
00000011 0.004654 0.000237
01110111 0.001376 0.000289
11101011 0.006790 0.000586
01010101 0.007019 0.000306
00010100 0.004902 0.000564
10100110 0.008331 0.001124
00110100 0.001159 0.000133
11010101 0.001217 0.000070
10001011 0.003344 0.000030
10010000 0.006439 0.000123
00101011 0.001662 0.000091
10111001 0.000515 0.000102
11010010 0.004657 0.000156
10101011 0.004433 0.000624
11001011 0.003702 0.000132
01100110 0.007508 0.000398
10010010 0.004198 0.000572
01101111 0.004846 0.000223
01100100 0.002087 0.000053
00101110 0.006244 0.000517
00010110 0.008011 0.000358
11111000 0.004209 0.000211
11101000 0.002956 0.000099
00011011 0.005513 0.000349
11110111 0.002087 0.000133
01011010 0.002170 0.000199
10011011 0.004143 0.000136
11010011 0.002743 0.000198
00101111 0.011141 0.000197
10010011 0.002709 0.000095
00001011 0.006453 0.000097
11001001 0.001544 0.000043
01110110 0.001997 0.000172
10101010 0.001439 0.000230
10100111 0.015821 0.001057
01101110 0.002877 0.000241
01010111 0.004065 0.000141
00001000 0.000491 0.000112
01100101 0.005431 0.000151
10100101 0.001249 0.000147
00010101 0.007107 0.000421
00101010 0.000451 0.000060
11000011 0.000780 0.000002
10110110 0.001774 0.000075
11111111 0.002842 0.000174
11111110 0.003822 0.000313
10000011 0.000672 0.000117
10100100 0.000642 0.000093
01011111 0.000217 0.000020
00000101 0.000483 0.000141
10010111 0.000840 0.000179
10101101 0.003918 0.000245
10011001 0.004301 0.000328
11000110 0.000262 0.000063
00001111 0.003077 0.000075
10101100 0.002840 0.000176
01101100 0.001063 0.000049
01001111 0.000813 0.000010
01000111 0.005618 0.000222
11101010 0.002477 0.000294
10111010 0.000942 0.000206
00110101 0.000918 0.000121
10001010 0.000941 0.000295
00000100 0.000098 0.000036
10111110 0.001185 0.000097
11111010 0.001269 0.000204
00110111 0.002015 0.000054
01111110 0.000197 0.000079
11110101 0.001458 0.000076
11100101 0.007285 0.000099
10101001 0.001391 0.000052
01110101 0.001201 0.000138
10011110 0.000339 0.000050
00100101 0.003101 0.000134
11011111 0.000513 0.000055
00100100 0.001282 0.000122
10110111 0.001047 0.000181
00111010 0.000259 0.000052
00001001 0.002065 0.000284
01011100 0.000261 0.000048
00111011 0.000211 0.000065
00011101 0.000226 0.000038
10110011 0.000148 0.000045
11110110 0.003590 0.000082
00011111 0.000759 0.000064
01011001 0.002161 0.000198
01101101 0.001353 0.000057
11110001 0.000695 0.000097
00001101 0.000228 0.000014
11111001 0.001810 0.000068
00001010 0.001235 0.000145
10110100 0.000599 0.000160
00000001 0.000732 0.000082
01110100 0.001894 0.000154
10110000 0.000440 0.000139
00111000 0.000307 0.000030
11011110 0.000623 0.000208
01001011 0.001011 0.000075
10111100 0.000401 0.000089
11000111 0.000972 0.000090
00110010 0.000270 0.000029
10100010 0.000081 0.000038
01001001 0.000586 0.000106
00000010 0.000280 0.000070
00000110 0.002454 0.000179
00110001 0.000197 0.000064
01111010 0.000053 0.000007
10101000 0.000752 0.000049
01011101 0.000131 0.000050
01000011 0.001558 0.000058
11011100 0.000485 0.000083
11100010 0.000056 0.000048
01101000 0.000175 0.000037
10011101 0.000076 0.000054
01000101 0.000387 0.000086
11100011 0.000570 0.000117
10110010 0.000215 0.000040
10111000 0.001244 0.000155
01011110 0.000208 0.000089
10111111 0.000991 0.000172
00110000 0.000470 0.000011
11001000 0.000284 0.000090
10111011 0.000647 0.000104
01110011 0.000099 0.000045
10001001 0.000566 0.000051
01011011 0.000917 0.000123
11111011 0.000932 0.000102
01000110 0.001065 0.000123
01110000 0.000415 0.000112
11011101 0.000369 0.000115
10001110 0.000243 0.000018
10010110 0.000760 0.000158
11001111 0.001323 0.000052
11110010 0.000340 0.000028
11000001 0.000159 0.000027
11001101 0.000251 0.000094
10000010 0.000092 0.000021
00101001 0.000460 0.000030
01111001 0.000121 0.000023
00110011 0.000232 0.000077
01000001 0.000271 0.000047
00111110 0.000404 0.000073
11001010 0.000653 0.000026
10000111 0.000580 0.000057
00101000 0.000276 0.000043
01111111 0.000149 0.000109
01001000 0.000063 0.000045
10001111 0.000921 0.000056
00111100 0.000125 0.000063
10010101 0.000429 0.000008
01110010 0.000130 0.000047
00111111 0.000409 0.000062
01000010 0.000096 0.000003
00011100 0.000198 0.000042
11001110 0.000332 0.000008
10110101 0.000368 0.000044
00001110 0.000721 0.000222
10111101 0.000244 0.000016
00011110 0.000563 0.000078
00100011 0.000427 0.000148
11110011 0.000199 0.000081
10110001 0.000237 0.000070
01001101 0.000138 0.000029
00111001 0.000186 0.000060
01101011 0.000415 0.000070
01111000 0.000091 0.000017
10100011 0.000311 0.000035
11001100 0.000026 0.000019
01101001 0.000226 0.000070
10001000 0.000214 0.000069
10011100 0.000164 0.000018
01100001 0.000116 0.000048
01000000 0.000030 0.000018
01110001 0.000218 0.000056
01100011 0.000216 0.000059
01100010 0.000045 0.000027
01001110 0.000178 0.000085
01111101 0.000143 0.000052
00111101 0.000085 0.000080
00001100 0.000028 0.000027
01111100 0.000087 0.000051
10000110 0.000117 0.000040
10001101 0.000043 0.000023
00100001 0.000038 0.000022
11100001 0.000101 0.000025
00100010 0.000020 0.000014
01111011 0.000064 0.000001
10000101 0.000037 0.000005
01101010 0.000062 0.000014
01001010 0.000124 0.000040
11000101 0.000064 0.000015
10100001 0.000046 0.000009
11000100 0.000013 0.000009
00000000 0.000062 0.000017
10000001 0.000017 0.000015
00100000 0.000002 0.000003
11000010 0.000042 0.000004
01100000 0.000014 0.000016
01001100 0.000023 0.000029
11100000 0.000011 0.000016
10000100 0.000008 0.000012
10000000 0.000005 0.000000
10001100 0.000002 0.000013
