00000000 0.012639 0.000371
01101011 0.043306 0.001219
10010101 0.031149 0.000303
00111011 0.000939 0.000052
10111100 0.000506 0.000138
00101010 0.014617 0.000692
01011111 0.004511 0.000612
01101000 0.001244 0.000215
01101010 0.018986 0.000070
11010101 0.025243 0.000147
01010011 0.002453 0.000057
10010100 0.037997 0.000942
11001111 0.060674 0.000761
01010000 0.002984 0.000167
00100000 0.060404 0.000115
11011111 0.088724 0.000596
01111011 0.006034 0.000289
11011101 0.046833 0.000943
00011001 0.001274 0.000253
10011101 0.007221 0.000106
10011100 0.001935 0.000134
11110110 0.000807 0.000046
00100010 0.064272 0.000347
01001111 0.003671 0.000387
00110000 0.029805 0.000864
11111111 0.030166 0.000459
00010000 0.038689 0.001309
01100010 0.008884 0.000383
01001011 0.011992 0.000619
01010010 0.000765 0.000211
11101111 0.057713 0.001115
00100100 0.001938 0.000381
00001000 0.002453 0.000172
00001011 0.001038 0.000114
11010111 0.017902 0.000104
10010111 0.004533 0.000324
00100110 0.002213 0.000104
10110100 0.007571 0.000348
00101000 0.008739 0.000619
01010111 0.000819 0.000295
10000101 0.000835 0.000038
01111000 0.000435 0.000108
00110100 0.003252 0.000049
11011011 0.003600 0.000294
01100001 0.000128 0.000029
11001101 0.004196 0.000412
00110010 0.013835 0.000231
00011000 0.002422 0.000191
11101110 0.001550 0.000148
01110001 0.000272 0.000086
10011111 0.002615 0.000251
00101011 0.005993 0.000439
10000000 0.002226 0.000154
10010000 0.010667 0.001265
01001010 0.000706 0.000117
01011011 0.007624 0.000376
10100110 0.002893 0.000253
10100010 0.002168 0.000042
11010100 0.004118 0.000139
01101111 0.009059 0.000249
11101001 0.000058 0.000021
11101101 0.000761 0.000035
11100110 0.000631 0.000137
10010010 0.000501 0.000095
10110010 0.000527 0.000165
10000110 0.000727 0.000155
11000101 0.000293 0.000049
10110000 0.001505 0.000083
00010010 0.002424 0.000203
10000100 0.002248 0.000291
10100000 0.002065 0.000253
00111000 0.002190 0.000186
10101111 0.003780 0.000285
00010101 0.001545 0.000214
01111111 0.003251 0.000471
00011101 0.000507 0.000035
01011001 0.004509 0.000204
01110000 0.000647 0.000095
00100011 0.005160 0.000318
10100101 0.000494 0.000047
00100111 0.000742 0.000114
01010101 0.000983 0.000141
11101011 0.002362 0.000075
00110001 0.001228 0.000068
01001001 0.002504 0.000370
01000010 0.000461 0.000117
10000111 0.001050 0.000177
10110110 0.002702 0.000142
11111101 0.001710 0.000042
11110111 0.004921 0.000476
00110011 0.001819 0.000068
00010001 0.004316 0.000183
00010100 0.003859 0.000344
10001101 0.001262 0.000141
10101101 0.000531 0.000064
11100111 0.002219 0.000173
10110111 0.002823 0.000200
10110101 0.002001 0.000364
01011101 0.002795 0.000196
10010110 0.002310 0.000156
11010011 0.001034 0.000072
10001111 0.002374 0.000172
10101010 0.000514 0.000176
11010000 0.000884 0.000163
01110010 0.002192 0.000113
00011100 0.000230 0.000077
11010110 0.000817 0.000101
01110011 0.001561 0.000105
01111001 0.000766 0.000100
00101001 0.001177 0.000173
00000001 0.000910 0.000113
11011100 0.001249 0.000306
11001011 0.003236 0.000329
01010001 0.002095 0.000228
00111010 0.001714 0.000122
10001011 0.000202 0.000102
00001010 0.000569 0.000002
01110111 0.000692 0.000145
00000010 0.001919 0.000237
01101101 0.000186 0.000102
10010001 0.002094 0.000134
10111110 0.000392 0.000077
01010100 0.000367 0.000077
00100101 0.000167 0.000089
01110100 0.000159 0.000042
11001010 0.000225 0.000107
01100000 0.001299 0.000126
10100011 0.000205 0.000031
10001000 0.000405 0.000050
10100111 0.002082 0.000337
01010110 0.000112 0.000044
00000110 0.000118 0.000019
10111111 0.001649 0.000259
01111010 0.001409 0.000176
10111000 0.000112 0.000053
00100001 0.001445 0.000018
00110101 0.000399 0.000092
01000001 0.000204 0.000115
00110111 0.000519 0.000060
10100100 0.002501 0.000123
01100110 0.000394 0.000061
00110110 0.001625 0.000224
10101001 0.000143 0.000091
10111011 0.000100 0.000069
11110101 0.000630 0.000059
11010010 0.000238 0.000140
11101010 0.000527 0.000077
11000110 0.000271 0.000106
01011000 0.000908 0.000111
10101110 0.000949 0.000084
00010111 0.000285 0.000016
11010001 0.001385 0.000067
11011001 0.002479 0.000164
00011111 0.000137 0.000013
00010011 0.001158 0.000118
10011001 0.000546 0.000075
10000001 0.000410 0.000201
11001100 0.000224 0.000030
01000011 0.000416 0.000050
11110100 0.000551 0.000111
10101100 0.000367 0.000165
00010110 0.000231 0.000071
11001001 0.000701 0.000054
11001110 0.000427 0.000138
11111011 0.000566 0.000223
00101110 0.000574 0.000158
01100011 0.003395 0.000548
00001001 0.001069 0.000170
00101111 0.000940 0.000195
10101011 0.000378 0.000053
10001110 0.000176 0.000098
11000111 0.001363 0.000214
01001000 0.000643 0.000081
00011110 0.000069 0.000023
10001100 0.000750 0.000124
00111111 0.000278 0.000077
11000000 0.000099 0.000017
11011000 0.000285 0.000034
01100111 0.000405 0.000036
00000100 0.000510 0.000019
00101100 0.000439 0.000182
10101000 0.000235 0.000069
01000000 0.000721 0.000180
01101110 0.000756 0.000257
10011000 0.000566 0.000014
00111001 0.000466 0.000074
11001000 0.000166 0.000045
10111101 0.000821 0.000077
11011110 0.000551 0.000054
11011010 0.000116 0.000020
01111100 0.000022 0.000025
10010011 0.000269 0.000036
10110011 0.000100 0.000051
10000011 0.000186 0.000031
11101100 0.000124 0.000062
01101001 0.000726 0.000074
11110011 0.000150 0.000011
01110110 0.000319 0.000077
00011011 0.000592 0.000121
00111100 0.000204 0.000060
11100010 0.000349 0.000070
10110001 0.000139 0.000085
01011110 0.000097 0.000037
00001101 0.000187 0.000029
01111110 0.000179 0.000047
11000011 0.000170 0.000009
10011010 0.000046 0.000062
01001101 0.000339 0.000139
10001010 0.000046 0.000006
00111110 0.000133 0.000103
11000100 0.000125 0.000060
11100011 0.000137 0.000060
10001001 0.000176 0.000068
10011011 0.000142 0.000025
11000001 0.000057 0.000016
11101000 0.000060 0.000032
10011110 0.000203 0.000084
01001100 0.000055 0.000049
01111101 0.000207 0.000103
11000010 0.000102 0.000022
10111001 0.000025 0.000011
01011010 0.000463 0.000078
11100101 0.000060 0.000014
00000011 0.000480 0.000040
00101101 0.000167 0.000045
11111110 0.000470 0.000033
00011010 0.000188 0.000072
10111010 0.000077 0.000066
11111010 0.000074 0.000025
11111100 0.000098 0.000021
00111101 0.000177 0.000025
00001111 0.000158 0.000021
11111001 0.000062 0.000033
10000010 0.000318 0.000038
00000111 0.000082 0.000048
01100100 0.000058 0.000021
00001110 0.000064 0.000017
01011100 0.000156 0.000013
01000110 0.000040 0.000032
01101100 0.000030 0.000007
01001110 0.000059 0.000016
11100000 0.000061 0.000062
11110000 0.000040 0.000001
01110101 0.000081 0.000071
11100001 0.000013 0.000018
11110010 0.000066 0.000062
01000100 0.000018 0.000020
10100001 0.000100 0.000051
00000101 0.000062 0.000045
11100100 0.000108 0.000032
01000111 0.000062 0.000041
00001100 0.000092 0.000077
01100101 0.000015 0.000017
11110001 0.000023 0.000017
11111000 0.000014 0.000018
01000101 0.000013 0.000019
