0010001 0.143124 0.000824
1100111 0.020310 0.000324
1101111 0.063988 0.001493
1111111 0.029168 0.000745
1111110 0.035117 0.000208
0011001 0.027786 0.000565
0000001 0.020335 0.000602
0011000 0.026771 0.000367
1110111 0.012662 0.000205
0011011 0.015420 0.001068
0000011 0.011203 0.000281
1101110 0.128061 0.001860
0010011 0.073096 0.000646
1101100 0.064888 0.001007
1111100 0.018162 0.000487
1101101 0.018973 0.000326
0010010 0.012637 0.000390
0010000 0.034880 0.001504
1100110 0.011701 0.000785
0101100 0.010545 0.000544
