110010 0.061151 0.000478
101010 0.019409 0.001306
011111 0.029294 0.001267
111010 0.109986 0.002495
111011 0.044184 0.001449
001100 0.075560 0.001812
000101 0.103531 0.001914
110011 0.094611 0.003322
011100 0.017510 0.000556
000111 0.041269 0.000991
001110 0.013982 0.000792
100010 0.047843 0.001164
100011 0.020574 0.000323
001101 0.054879 0.001356
011101 0.034756 0.000845
111000 0.023301 0.000342
000110 0.011768 0.000136
000100 0.034734 0.000633
001111 0.012554 0.000399
011110 0.012452 0.000713
010111 0.019830 0.000173
