1100000 0.015573 0.000744
0101000 0.054482 0.001216
0001011 0.020637 0.000634
0101001 0.082459 0.001066
0100000 0.019734 0.000316
1110100 0.015597 0.000238
0111011 0.025306 0.000464
0101011 0.065959 0.001055
0000000 0.022229 0.000727
0111111 0.052701 0.000725
1000000 0.038927 0.000938
1111111 0.026962 0.000476
1110110 0.028424 0.000239
1010110 0.082570 0.001171
1111110 0.021130 0.000481
0001000 0.016664 0.000606
1101001 0.016939 0.001140
1010111 0.022645 0.000881
0101111 0.021744 0.000525
1011111 0.012197 0.000931
1010100 0.047017 0.000225
0001001 0.020694 0.000277
1101000 0.016807 0.000250
1011110 0.011020 0.000968
