000101 0.155373 0.000725
111000 0.114206 0.000163
111111 0.065305 0.000674
111001 0.023432 0.000367
111010 0.129434 0.001407
000111 0.072166 0.001009
100001 0.022717 0.000754
101000 0.017490 0.000955
000001 0.044969 0.002426
000000 0.053330 0.001291
111110 0.071252 0.000548
001111 0.005313 0.000194
010001 0.002344 0.000159
110001 0.006144 0.000366
100011 0.000919 0.000231
110111 0.002354 0.000291
010100 0.001213 0.000253
010111 0.019058 0.001006
000100 0.047975 0.001809
101010 0.002737 0.000128
011000 0.002732 0.000187
001101 0.006285 0.000324
110000 0.001976 0.000292
011111 0.027148 0.000972
011010 0.001402 0.000370
011110 0.004458 0.000547
111101 0.004527 0.000532
101001 0.004108 0.000308
011001 0.001168 0.000355
110011 0.001781 0.000053
111011 0.030787 0.000405
010000 0.002224 0.000281
000110 0.007412 0.000165
100000 0.007474 0.000182
000010 0.001777 0.000297
111100 0.005437 0.000186
100111 0.000684 0.000147
011101 0.003921 0.000204
010101 0.004564 0.000385
101110 0.000246 0.000050
101111 0.000407 0.000058
001000 0.002302 0.000128
101100 0.000893 0.000149
011100 0.001540 0.000136
010011 0.000543 0.000156
010110 0.001999 0.000149
101101 0.000904 0.000139
100101 0.002950 0.000245
001100 0.001587 0.000257
001110 0.000771 0.000072
000011 0.001761 0.000052
101011 0.000658 0.000175
100100 0.000601 0.000181
110010 0.000604 0.000140
011011 0.000779 0.000157
001011 0.000228 0.000051
110110 0.000339 0.000019
001001 0.001106 0.000100
001010 0.000320 0.000043
010010 0.000548 0.000083
110101 0.000793 0.000151
100010 0.000262 0.000043
100110 0.000130 0.000064
110100 0.000134 0.000079
