00001000 0.002092 0.000114
01110101 0.008078 0.000170
11101010 0.020079 0.000567
10111110 0.000861 0.000125
11101000 0.011737 0.000523
10101001 0.004485 0.000378
11100001 0.000020 0.000013
11000010 0.079590 0.000836
11001000 0.006266 0.000229
00011101 0.076676 0.000739
00110111 0.006556 0.000476
01110011 0.008033 0.000213
10001110 0.002201 0.000261
10110110 0.001876 0.000077
11000110 0.018138 0.000653
10111101 0.008543 0.000302
11110011 0.012704 0.000187
00111011 0.002287 0.000087
11001011 0.006574 0.000778
10111011 0.002163 0.000035
10101010 0.018876 0.000430
01000110 0.004981 0.000304
01010100 0.005703 0.000115
00101100 0.005971 0.000382
01010101 0.019170 0.001081
11100010 0.062368 0.000500
11001010 0.023206 0.001057
10101000 0.022166 0.000584
10100011 0.013366 0.000488
00101010 0.001167 0.000173
01110010 0.000345 0.000104
01011101 0.015190 0.000446
01010111 0.014663 0.000103
01010110 0.003591 0.000216
01001100 0.003749 0.000293
11011111 0.000903 0.000081
01110111 0.006368 0.000539
00101001 0.003571 0.000028
10110101 0.003150 0.000080
10101011 0.015593 0.000086
10100010 0.011937 0.000217
11110101 0.002469 0.000045
11001110 0.006197 0.000323
10101100 0.008167 0.000059
11110010 0.004498 0.000140
11111111 0.000776 0.000075
11100110 0.013916 0.000268
00101111 0.001112 0.000094
00111100 0.010711 0.000817
00110100 0.003018 0.000108
11010110 0.004487 0.000118
01010001 0.003247 0.000124
00101000 0.003602 0.000220
00110101 0.012978 0.000546
00111101 0.044200 0.000359
10110011 0.006229 0.000180
11010111 0.005163 0.000428
01100011 0.004591 0.000305
11111100 0.001135 0.000065
00010101 0.008032 0.000208
10110111 0.006160 0.000222
00011111 0.001528 0.000230
01110001 0.003388 0.000152
00010111 0.002496 0.000124
01011111 0.001381 0.000066
00000110 0.000249 0.000054
11100011 0.026135 0.000745
01010011 0.009983 0.000618
01001001 0.001494 0.000066
11101100 0.002886 0.000310
11110111 0.007645 0.000578
11000011 0.016404 0.000310
00110011 0.004478 0.000298
01000010 0.006268 0.000568
01100010 0.003390 0.000263
00011100 0.009858 0.000311
11101110 0.004453 0.000354
01110110 0.001503 0.000137
00100011 0.002975 0.000496
10001010 0.004750 0.000146
00110110 0.001133 0.000133
11101011 0.007689 0.000097
00001011 0.002923 0.000447
10001000 0.002646 0.000331
00101011 0.004269 0.000371
10111100 0.004498 0.000396
00010011 0.000847 0.000146
00110001 0.002201 0.000193
11111000 0.000699 0.000118
01110100 0.001790 0.000212
11111011 0.001199 0.000301
01001011 0.002742 0.000339
01011000 0.000142 0.000027
00001100 0.007100 0.000493
11000111 0.002388 0.000160
10010100 0.000096 0.000068
00111001 0.008226 0.000131
01011100 0.003791 0.000483
10001011 0.003803 0.000235
11011101 0.001066 0.000210
10011101 0.002028 0.000102
10011100 0.000784 0.000169
10011110 0.000286 0.000034
01111100 0.001507 0.000135
10100110 0.004537 0.000368
00000011 0.000539 0.000069
11010011 0.005730 0.000473
01101011 0.001958 0.000101
00011001 0.004733 0.000352
10101110 0.007087 0.000149
11101111 0.001029 0.000121
01101000 0.002390 0.000097
01111011 0.001198 0.000080
11001111 0.001188 0.000248
10111111 0.002063 0.000166
10001100 0.001182 0.000175
00100010 0.000678 0.000126
01101100 0.001688 0.000186
11111001 0.000784 0.000064
11110000 0.000513 0.000028
11100111 0.002951 0.000435
10101111 0.003621 0.000287
11100000 0.001068 0.000215
01100110 0.002131 0.000138
11001001 0.000745 0.000102
01011110 0.000410 0.000023
01001010 0.002247 0.000481
01011001 0.003492 0.000292
00010110 0.000570 0.000111
01000011 0.004955 0.000226
11110110 0.004036 0.000272
10100111 0.002800 0.000436
01111101 0.004983 0.000388
01111111 0.000670 0.000035
00001110 0.001067 0.000119
10010011 0.000193 0.000052
10111000 0.001369 0.000124
00111111 0.002056 0.000099
10111001 0.002676 0.000079
11010010 0.003491 0.000489
11110001 0.001245 0.000130
11011011 0.000859 0.000122
11011000 0.000277 0.000133
00011011 0.001042 0.000136
10001001 0.000937 0.000112
10110001 0.000681 0.000082
01001000 0.003684 0.000118
00101110 0.001486 0.000042
01011011 0.001529 0.000247
11111110 0.000759 0.000159
10110100 0.000940 0.000192
00001111 0.000932 0.000241
11111101 0.001470 0.000090
01111001 0.002558 0.000266
11001100 0.001712 0.000270
01010010 0.000373 0.000037
10001111 0.000994 0.000117
10110000 0.000080 0.000016
01001110 0.001731 0.000234
10010110 0.000273 0.000056
10100000 0.000412 0.000042
01100100 0.000134 0.000027
11110100 0.000752 0.000081
00100110 0.001003 0.000040
00111000 0.000305 0.000099
00111010 0.000042 0.000044
00111110 0.000458 0.000113
11010100 0.000547 0.000106
11011100 0.000554 0.000144
11101001 0.001087 0.000144
10011111 0.000525 0.000020
01101111 0.000299 0.000094
10111010 0.000485 0.000090
00001101 0.001229 0.000204
00010100 0.001186 0.000228
10110010 0.000927 0.000165
10010111 0.000526 0.000033
01101001 0.001094 0.000166
00101101 0.001285 0.000162
11111010 0.000583 0.000148
11010101 0.000975 0.000095
01101010 0.001335 0.000202
01101110 0.000789 0.000150
10100100 0.000065 0.000007
00001001 0.002074 0.000177
01000111 0.001216 0.000108
00110010 0.000074 0.000022
10011000 0.000239 0.000074
10011011 0.000377 0.000096
11011010 0.000518 0.000132
11011001 0.000455 0.000033
01001101 0.000411 0.000041
10000110 0.000504 0.000067
10000011 0.000603 0.000109
11011110 0.000703 0.000140
01100101 0.000011 0.000015
00000111 0.000166 0.000061
10000010 0.000933 0.000185
10101101 0.001058 0.000185
01001111 0.000528 0.000114
01100111 0.000788 0.000015
00100111 0.000736 0.000093
11100100 0.000132 0.000034
00001010 0.000474 0.000092
01000000 0.000103 0.000039
11000000 0.000092 0.000046
01000100 0.000088 0.000038
00011110 0.000299 0.000054
10011001 0.000293 0.000068
11101101 0.000161 0.000072
01111010 0.000036 0.000022
01111110 0.000189 0.000014
01111000 0.000104 0.000021
11001101 0.000160 0.000029
01101101 0.000166 0.000021
10010101 0.000268 0.000054
10011010 0.000055 0.000033
10001101 0.000175 0.000060
01011010 0.000063 0.000032
11010001 0.000306 0.000098
01110000 0.000132 0.000025
00010001 0.000423 0.000037
00100101 0.000008 0.000014
01000101 0.000004 0.000003
01100000 0.000230 0.000098
00100100 0.000064 0.000042
10100001 0.000028 0.000038
11000100 0.000007 0.000002
00000100 0.000006 0.000008
00100000 0.000065 0.000022
00011000 0.000084 0.000092
01000001 0.000057 0.000080
10010010 0.000031 0.000023
10000111 0.000139 0.000082
00100001 0.000073 0.000046
01100001 0.000056 0.000006
00000010 0.000094 0.000034
11010000 0.000022 0.000026
01010000 0.000076 0.000040
00110000 0.000013 0.000011
11100101 0.000006 0.000008
10010001 0.000028 0.000013
10100101 0.000001 0.000001
00011010 0.000014 0.000034
