1101101 0.133003 0.001283
1111110 0.011423 0.000369
0110110 0.035973 0.000473
1011101 0.014075 0.000424
0110010 0.044746 0.000836
1010011 0.011909 0.000265
1101100 0.012624 0.000159
1001101 0.036201 0.000542
0111110 0.016358 0.000554
1101001 0.093926 0.001700
0010110 0.086506 0.002131
0010010 0.126341 0.000124
1011011 0.010301 0.000442
1111001 0.017714 0.000508
1111111 0.014985 0.000644
0010011 0.020881 0.001190
0100110 0.013100 0.000813
0011110 0.013705 0.000838
1001001 0.023029 0.000571
1111101 0.022769 0.000549
1101111 0.010028 0.000688
1011111 0.010960 0.000271
1100001 0.010825 0.001102
0100010 0.022273 0.001044
