1010011 0.007181 0.000302
1010111 0.030854 0.000486
1111001 0.001781 0.000105
1111101 0.007707 0.000228
0101000 0.041075 0.001093
1101101 0.162596 0.000389
0100001 0.011660 0.000344
0111010 0.039782 0.001060
1111110 0.019554 0.000262
1111100 0.000476 0.000144
1111000 0.000307 0.000046
1010110 0.075274 0.000399
0111110 0.006264 0.000089
1100101 0.029020 0.000550
1011110 0.018821 0.000235
1101100 0.005088 0.000352
1100001 0.007767 0.000226
0010110 0.019151 0.000512
0101001 0.065838 0.001727
0011010 0.029254 0.000042
0101101 0.014723 0.000335
0110010 0.010509 0.000216
1010101 0.003925 0.000532
1010010 0.025358 0.000368
1000001 0.004725 0.000511
1110110 0.005288 0.000349
0010010 0.115481 0.000970
0001101 0.001004 0.000131
0100000 0.007771 0.000191
1001101 0.010097 0.000256
0011110 0.005106 0.000245
1101001 0.042525 0.000750
1011111 0.008834 0.000292
1011011 0.002000 0.000199
0010101 0.000270 0.000055
0010111 0.002149 0.000170
1000101 0.018956 0.000263
1101000 0.003200 0.000345
0000001 0.008030 0.000265
0000101 0.001582 0.000105
0101010 0.008522 0.000421
1111111 0.014870 0.000162
1001001 0.002688 0.000138
0001111 0.000033 0.000017
1100100 0.001028 0.000127
1100111 0.000624 0.000059
1101111 0.003143 0.000248
1111010 0.006533 0.000282
0001001 0.004092 0.000033
1101010 0.000686 0.000144
0101100 0.006008 0.000316
0001100 0.000505 0.000155
0001000 0.002617 0.000296
0100010 0.001617 0.000180
0010100 0.000167 0.000056
0011011 0.002553 0.000605
1011010 0.006051 0.000443
1110101 0.001350 0.000077
0110110 0.001933 0.000178
0010011 0.008591 0.000512
0011111 0.000672 0.000108
0101011 0.002884 0.000124
0111011 0.005856 0.000376
0111111 0.001402 0.000234
0100100 0.001002 0.000053
1100110 0.000193 0.000044
0111001 0.002246 0.000170
0100101 0.002746 0.000273
1011001 0.000398 0.000186
0010001 0.001089 0.000146
1111011 0.003695 0.000039
0100011 0.000470 0.000066
0110011 0.001330 0.000089
1110111 0.003801 0.000077
1101011 0.001065 0.000081
0111101 0.000549 0.000074
0111000 0.001422 0.000317
0000000 0.005082 0.000093
1001100 0.000301 0.000049
1000111 0.000370 0.000035
0000100 0.000676 0.000165
0010000 0.000654 0.000060
1010001 0.000963 0.000133
0110111 0.000392 0.000040
1110010 0.002024 0.000177
0001011 0.000209 0.000068
0001010 0.000553 0.000047
1100011 0.000272 0.000138
1011101 0.001353 0.000183
1001110 0.000092 0.000052
0110101 0.000092 0.000044
1011000 0.000031 0.000022
0110100 0.000022 0.000036
0111100 0.000193 0.000045
1100000 0.000430 0.000091
0110001 0.000376 0.000119
0011100 0.000026 0.000022
0011000 0.000294 0.000061
1110011 0.000898 0.000115
1001011 0.000086 0.000036
1000100 0.000790 0.000091
0101111 0.000499 0.000196
1010100 0.000348 0.000116
0110000 0.000303 0.000109
0000010 0.001217 0.000263
1001111 0.000259 0.000129
1000000 0.000336 0.000148
1101110 0.001214 0.000066
1010000 0.000120 0.000057
1110001 0.000334 0.000120
0100111 0.000121 0.000049
0101110 0.001180 0.000192
1000010 0.000059 0.000033
0011101 0.000124 0.000074
1110100 0.000099 0.000044
0000011 0.000391 0.000060
1011100 0.000099 0.000029
0100110 0.000251 0.000009
1100010 0.000107 0.000024
0011001 0.000335 0.000041
0000110 0.000166 0.000031
1000110 0.000217 0.000076
0000111 0.000063 0.000015
1001000 0.000290 0.000066
1000011 0.000123 0.000024
0001110 0.000054 0.000031
1001010 0.000041 0.000003
1110000 0.000053 0.000048
