00001 0.026813 0.001105
01001 0.015098 0.000415
01101 0.148431 0.000349
10010 0.181574 0.002037
11101 0.077275 0.000382
10001 0.096768 0.001936
01110 0.038120 0.000409
11110 0.017138 0.001042
00010 0.064613 0.002019
00110 0.019679 0.001273
11111 0.013776 0.000455
01111 0.047193 0.000584
11001 0.053115 0.000614
10000 0.037113 0.001550
00101 0.012345 0.000515
10110 0.019464 0.000505
00011 0.015681 0.000922
11010 0.016966 0.000302
10011 0.021336 0.000528
10101 0.014440 0.000451
11011 0.010964 0.000895
