1100010 0.076769 0.001731
1100001 0.010562 0.000375
0011100 0.007793 0.001049
1111100 0.004581 0.000579
1010111 0.001239 0.000054
0110111 0.002590 0.000232
0110000 0.000590 0.000206
1011110 0.014905 0.000505
0010101 0.017616 0.000907
1000000 0.006627 0.000346
1101010 0.035857 0.002861
1011100 0.019753 0.000645
0011101 0.077122 0.001292
1100011 0.019103 0.000967
1000011 0.003984 0.000444
1000001 0.014060 0.000247
1011101 0.046084 0.001514
0000101 0.029222 0.001302
0011110 0.011227 0.000415
1111010 0.052285 0.002216
0011111 0.033381 0.001453
1110010 0.031995 0.000458
1101011 0.005136 0.000662
1010100 0.001209 0.000221
0000001 0.021985 0.000260
1100111 0.007693 0.000530
0010011 0.000596 0.000144
1110011 0.007231 0.000452
0111111 0.008429 0.000245
0101010 0.010655 0.000465
1111011 0.007185 0.000681
1101111 0.004004 0.000319
1110000 0.010879 0.000957
0111110 0.003630 0.000110
1111001 0.003739 0.000406
1000100 0.001720 0.000219
1010101 0.008336 0.000706
0001111 0.017557 0.000858
0010111 0.003309 0.000239
0001101 0.019074 0.000961
0011001 0.005700 0.000788
1100000 0.011201 0.000374
1000101 0.009866 0.000172
0100010 0.017292 0.000983
1101110 0.007365 0.000284
1101001 0.001117 0.000129
0110011 0.003584 0.000298
0011000 0.000803 0.000037
1111110 0.020651 0.000270
0000111 0.011423 0.000243
0011011 0.001647 0.000051
1110110 0.004021 0.000458
1110101 0.005064 0.000590
0111101 0.005406 0.000139
1000111 0.003965 0.000161
1001110 0.005991 0.000324
0001110 0.006312 0.000203
1001101 0.007798 0.000391
1110100 0.001702 0.000256
0100011 0.011625 0.000200
1110001 0.006455 0.000178
0001010 0.003056 0.000130
1000110 0.001808 0.000156
0001001 0.004095 0.000543
1111101 0.010037 0.000497
0111010 0.011788 0.000303
0100110 0.001548 0.000264
1111111 0.012046 0.000831
1011010 0.001987 0.000064
1011001 0.004032 0.000211
0000010 0.003758 0.000051
0110010 0.004943 0.000372
0101011 0.003631 0.000562
1001010 0.003449 0.000102
0011010 0.001049 0.000051
0000110 0.001943 0.000103
0100111 0.004880 0.000332
1010001 0.002334 0.000455
0111011 0.004336 0.000132
0010001 0.003909 0.000515
0000011 0.006907 0.000722
1011111 0.015778 0.001159
1110111 0.003743 0.000285
0101111 0.003493 0.000191
1100110 0.007215 0.000676
1111000 0.006558 0.000230
1100101 0.004170 0.000244
0000000 0.002579 0.000252
0100001 0.003513 0.000399
1001000 0.001761 0.000285
0001011 0.003298 0.000320
1000010 0.004486 0.000374
1011000 0.002959 0.000149
0110100 0.000057 0.000040
0001000 0.000937 0.000045
1001111 0.007089 0.000317
1010010 0.000413 0.000009
0100101 0.001932 0.000100
0110001 0.001918 0.000379
0010000 0.000366 0.000070
0100000 0.000744 0.000111
0001100 0.001867 0.000256
1001100 0.003759 0.000095
0110101 0.002413 0.000114
0111000 0.000395 0.000080
0101110 0.001826 0.000178
0111001 0.001134 0.000340
1011011 0.000989 0.000254
1101101 0.001285 0.000288
1010000 0.001180 0.000165
0101000 0.000105 0.000043
0110110 0.000569 0.000176
1010011 0.000289 0.000085
1001011 0.001735 0.000220
0101101 0.000624 0.000097
1001001 0.001906 0.000215
1100100 0.001193 0.000240
0000100 0.000921 0.000074
0111100 0.000494 0.000114
1101100 0.000449 0.000077
0101001 0.000354 0.000187
1101000 0.001247 0.000102
0010110 0.000607 0.000208
0010100 0.000352 0.000205
1010110 0.000734 0.000101
0010010 0.000120 0.000075
0100100 0.000079 0.000021
0101100 0.000129 0.000044
