000010 0.045624 0.000477
000001 0.035094 0.000851
011110 0.110378 0.000546
100001 0.114855 0.002077
100101 0.019685 0.000196
001000 0.012038 0.000262
000000 0.011606 0.000292
100011 0.015205 0.000488
011010 0.022874 0.001092
110101 0.051571 0.000682
111110 0.067417 0.001041
101001 0.032152 0.001415
010110 0.016537 0.000648
110110 0.029098 0.001509
001011 0.027055 0.000404
001001 0.033629 0.000109
110100 0.016596 0.000575
000011 0.025322 0.000502
001010 0.056822 0.001339
111111 0.015032 0.001076
111100 0.018527 0.000503
011111 0.015129 0.000466
111101 0.048894 0.001980
101101 0.011236 0.000637
