01110011 0.003747 0.000086
01111111 0.171342 0.000563
10000010 0.002219 0.000087
00110111 0.052306 0.000447
11110101 0.000725 0.000139
00111011 0.014910 0.000443
10000000 0.229587 0.001570
10111111 0.006280 0.000312
10010000 0.006423 0.000415
11000001 0.003171 0.000222
10001000 0.029006 0.000228
01011000 0.000129 0.000011
00111111 0.079785 0.000615
10100000 0.016563 0.000262
01111011 0.007075 0.000587
00001001 0.000344 0.000154
10000100 0.027716 0.000859
11001100 0.024397 0.000341
01110111 0.018002 0.000537
11101110 0.000961 0.000197
11101101 0.002560 0.000068
10100101 0.000893 0.000141
10000011 0.001048 0.000138
10000001 0.029347 0.000645
00000000 0.009692 0.000391
00110011 0.023775 0.000298
11111101 0.001803 0.000098
11001001 0.001712 0.000383
01101100 0.004800 0.000051
10110110 0.000444 0.000107
10010001 0.004013 0.000200
01111110 0.008373 0.000136
01101111 0.005000 0.000056
11000100 0.006392 0.000227
11000000 0.024773 0.000885
01101011 0.001505 0.000318
01101010 0.001382 0.000197
00100000 0.001063 0.000237
11001000 0.011921 0.000357
11110011 0.000165 0.000030
11101100 0.013779 0.000493
10101000 0.002227 0.000029
01001100 0.005846 0.000246
10001100 0.009899 0.000532
00011110 0.000198 0.000017
11100100 0.003397 0.000084
01011010 0.000203 0.000086
01001000 0.001814 0.000221
01101001 0.000167 0.000030
01011110 0.000608 0.000137
11100000 0.005093 0.000128
00001000 0.002136 0.000212
01011111 0.001568 0.000315
10110000 0.000882 0.000089
10010100 0.002000 0.000173
10101100 0.001277 0.000113
10000101 0.003755 0.000216
11110111 0.001484 0.000019
11111100 0.002464 0.000102
11011000 0.000479 0.000105
10100010 0.000656 0.000119
00000010 0.000932 0.000186
10001101 0.001099 0.000069
11100101 0.000632 0.000079
11111110 0.001244 0.000108
11001010 0.000155 0.000014
10001001 0.003178 0.000363
11000101 0.000960 0.000114
01001110 0.001178 0.000093
00100100 0.000248 0.000019
11111111 0.006983 0.000117
11010000 0.000657 0.000015
01100110 0.000135 0.000035
10110101 0.001013 0.000220
10011001 0.000612 0.000079
01011100 0.001055 0.000069
00110110 0.000822 0.000171
10100001 0.002330 0.000428
11001101 0.003548 0.000197
11010110 0.000059 0.000016
11110110 0.000298 0.000099
11010010 0.000035 0.000020
01111101 0.001384 0.000142
11000010 0.000222 0.000088
01101110 0.004144 0.000393
11011101 0.001414 0.000152
11101000 0.003211 0.000389
10011000 0.001746 0.000151
10010101 0.001292 0.000213
10100100 0.005379 0.000101
11010100 0.000589 0.000069
01000000 0.001087 0.000054
10111100 0.000733 0.000128
10110001 0.000726 0.000175
11011100 0.002366 0.000261
00001010 0.000657 0.000140
10011100 0.001449 0.000150
11011001 0.000195 0.000026
00010011 0.000922 0.000141
10011111 0.000581 0.000050
01111100 0.001382 0.000099
10101101 0.000128 0.000048
11110001 0.000267 0.000046
01001111 0.000748 0.000087
10011101 0.000695 0.000045
10001110 0.000373 0.000119
00011011 0.000745 0.000045
10010010 0.000322 0.000085
00111110 0.002680 0.000240
10100111 0.000194 0.000035
10010011 0.000595 0.000031
00111010 0.000798 0.000126
11111001 0.000094 0.000022
01011101 0.000502 0.000062
10111101 0.000602 0.000135
11101111 0.000794 0.000049
11010101 0.000274 0.000056
10110111 0.002280 0.000062
00011111 0.000670 0.000041
10001011 0.000511 0.000078
00001110 0.000190 0.000057
10110100 0.000955 0.000154
11110000 0.000277 0.000028
11100001 0.000591 0.000089
10001111 0.000159 0.000001
11010001 0.000310 0.000021
00010000 0.000493 0.000060
10100110 0.000352 0.000101
00000100 0.000856 0.000113
11110100 0.000660 0.000070
10111000 0.000223 0.000059
00100110 0.000079 0.000034
10000110 0.000307 0.000061
10110011 0.000623 0.000064
11011011 0.000051 0.000031
00100001 0.000230 0.000055
10111001 0.000136 0.000055
01111010 0.000756 0.000068
00111001 0.000040 0.000006
10100011 0.000367 0.000009
10011011 0.000352 0.000022
00100111 0.000061 0.000062
00000011 0.000573 0.000082
01000100 0.000269 0.000080
10101111 0.000177 0.000028
10011110 0.000342 0.000120
00011100 0.000300 0.000111
00000001 0.001815 0.000195
01100011 0.000210 0.000061
00101011 0.000190 0.000082
11001110 0.000483 0.000108
01111000 0.000094 0.000040
01110001 0.000026 0.000018
11001111 0.000323 0.000099
10101001 0.000231 0.000046
01001011 0.000369 0.000195
10110010 0.000182 0.000050
01000010 0.000144 0.000094
10111110 0.000631 0.000128
00101100 0.000229 0.000084
10101110 0.000292 0.000070
01001001 0.000266 0.000052
00011001 0.000060 0.000039
11111010 0.000084 0.000047
01100100 0.000205 0.000087
00100010 0.000522 0.000043
00110100 0.000136 0.000034
10001010 0.000771 0.000156
00110010 0.000493 0.000038
01101101 0.001171 0.000064
00110101 0.000241 0.000039
00010001 0.000273 0.000030
11010011 0.000061 0.000081
11000011 0.000137 0.000017
01011011 0.000477 0.000040
10010111 0.000491 0.000156
00101110 0.000191 0.000048
00000101 0.000154 0.000021
01001101 0.000997 0.000136
11100011 0.000082 0.000030
01101000 0.001026 0.000077
10011010 0.000266 0.000047
10101011 0.000130 0.000025
00010101 0.000085 0.000046
00011000 0.000199 0.000061
01100001 0.000141 0.000022
11011110 0.000187 0.000009
01010011 0.000112 0.000056
11111011 0.000266 0.000128
00100011 0.000313 0.000036
01110100 0.000079 0.000039
11011111 0.000441 0.000015
00001100 0.000676 0.000073
00111101 0.000218 0.000078
11111000 0.000276 0.000064
01111001 0.000127 0.000014
11101001 0.000590 0.000110
00011010 0.000212 0.000063
11101010 0.000224 0.000067
01100101 0.000083 0.000022
00101010 0.000303 0.000037
01100111 0.000109 0.000033
01110010 0.000224 0.000111
10010110 0.000128 0.000052
11110010 0.000040 0.000029
01100000 0.000436 0.000063
10111011 0.000667 0.000049
01010010 0.000023 0.000016
01110110 0.000378 0.000077
01010000 0.000053 0.000024
00110000 0.000084 0.000036
11011010 0.000040 0.000024
01100010 0.000235 0.000068
10101010 0.000206 0.000067
11100110 0.000204 0.000026
01110101 0.000140 0.000025
01001010 0.000561 0.000171
11101011 0.000161 0.000063
00000110 0.000076 0.000059
01010111 0.000065 0.000020
00111100 0.000154 0.000052
00101001 0.000029 0.000015
10111010 0.000151 0.000045
00010010 0.000111 0.000040
00001011 0.000248 0.000117
00010111 0.000324 0.000122
11010111 0.000075 0.000012
01000001 0.000199 0.000062
11100111 0.000078 0.000037
11100010 0.000214 0.000037
00100101 0.000049 0.000032
01000111 0.000033 0.000033
11000111 0.000037 0.000007
00000111 0.000054 0.000038
00110001 0.000116 0.000019
00111000 0.000066 0.000007
11000110 0.000091 0.000067
00011101 0.000092 0.000087
10000111 0.000152 0.000088
11001011 0.000113 0.000070
00010110 0.000047 0.000017
00010100 0.000154 0.000049
01011001 0.000038 0.000024
00101000 0.000167 0.000047
01110000 0.000042 0.000027
00101111 0.000069 0.000026
00001101 0.000085 0.000036
01010110 0.000030 0.000018
01010101 0.000031 0.000021
00001111 0.000072 0.000020
01000011 0.000040 0.000013
01000110 0.000000 0.000001
01000101 0.000030 0.000041
01010001 0.000022 0.000027
01010100 0.000037 0.000029
