1110110 0.062186 0.000546
1111010 0.054896 0.000459
1110010 0.164115 0.001046
0001010 0.003188 0.000376
0001001 0.035760 0.002069
1110011 0.032976 0.000250
0001100 0.039926 0.000818
0001101 0.152695 0.000669
1111110 0.076391 0.001042
0000100 0.002586 0.000286
0000101 0.095712 0.000247
0000001 0.033106 0.000053
1000101 0.021048 0.000553
1110000 0.003779 0.000263
1111100 0.003077 0.000168
1000111 0.004524 0.000360
0001110 0.009572 0.000554
0010111 0.001154 0.000294
0111110 0.015150 0.000663
1010111 0.005374 0.000275
0001111 0.014531 0.000357
1110100 0.001519 0.000170
0101000 0.003060 0.000128
0111101 0.000556 0.000099
0010101 0.001244 0.000242
0110101 0.000203 0.000098
1111011 0.002394 0.000373
1110111 0.015769 0.000781
0101100 0.009182 0.000255
0000111 0.004565 0.000496
0110110 0.001966 0.000173
0000011 0.002038 0.000085
0011010 0.001395 0.000219
1011110 0.000601 0.000100
0101110 0.003158 0.000352
0101101 0.003507 0.000192
0111010 0.009494 0.000403
0111100 0.004163 0.000210
1000001 0.009716 0.000618
1110101 0.002604 0.000223
0011101 0.003384 0.000132
0111000 0.002412 0.000223
1001101 0.006822 0.000247
1011111 0.002388 0.000156
1010011 0.002724 0.000360
1010101 0.003382 0.000192
1111111 0.004341 0.000444
1001011 0.000435 0.000095
0100100 0.000986 0.000032
0011111 0.003862 0.000215
0110100 0.000500 0.000105
0100101 0.000970 0.000039
0101010 0.001095 0.000157
1100111 0.000468 0.000044
0011110 0.003554 0.000435
0001000 0.011953 0.000304
1101100 0.000621 0.000135
0011100 0.002820 0.000364
1100101 0.001096 0.000102
0000110 0.000482 0.000049
1010001 0.001497 0.000007
1001110 0.000420 0.000145
0001011 0.003883 0.000217
1111101 0.000699 0.000250
1011001 0.000269 0.000102
0000000 0.000560 0.000098
1100001 0.000921 0.000144
1000011 0.001995 0.000142
1001100 0.000595 0.000018
0110111 0.000317 0.000038
1101001 0.000217 0.000054
0010001 0.000542 0.000188
1111000 0.001739 0.000062
1110001 0.003745 0.000066
1101101 0.000808 0.000100
1000100 0.000049 0.000004
0011011 0.001127 0.000076
1101010 0.000259 0.000134
0010011 0.000502 0.000120
0110010 0.000662 0.000038
1101111 0.000304 0.000088
0011000 0.000639 0.000074
1001000 0.000252 0.000069
1111001 0.000280 0.000017
0101001 0.001055 0.000145
0011001 0.001240 0.000171
1011100 0.000173 0.000019
1001001 0.001442 0.000246
0111001 0.000143 0.000016
0100110 0.000380 0.000077
1100011 0.000504 0.000100
1001111 0.001868 0.000150
0111011 0.000278 0.000098
0010110 0.000252 0.000023
1011101 0.001194 0.000059
0101111 0.000830 0.000051
1101011 0.000110 0.000080
0101011 0.000229 0.000077
0111111 0.000697 0.000236
1100010 0.000243 0.000100
1011010 0.000221 0.000154
0100001 0.000238 0.000068
0110000 0.000158 0.000007
1100000 0.000135 0.000053
1010010 0.000128 0.000077
1101000 0.000239 0.000077
0010010 0.000057 0.000023
1000110 0.000099 0.000044
0110011 0.000065 0.000054
1100100 0.000174 0.000028
1101110 0.000598 0.000077
0100111 0.000121 0.000045
0110001 0.000033 0.000016
0100011 0.000024 0.000030
1011011 0.000413 0.000073
0100000 0.000176 0.000104
1010110 0.000212 0.000049
0000010 0.000181 0.000066
0010100 0.000163 0.000080
1001010 0.000069 0.000019
1100110 0.000250 0.000045
1011000 0.000017 0.000018
1000000 0.000001 0.000001
1010100 0.000038 0.000034
0100010 0.000053 0.000033
1000010 0.000036 0.000026
0010000 0.000004 0.000000
