00110101 0.028981 0.000125
11001111 0.010417 0.000209
11001110 0.013715 0.000287
00111101 0.018497 0.000328
11000111 0.040117 0.000631
01000111 0.015097 0.000605
00100100 0.011739 0.000176
10111111 0.010525 0.000264
10111001 0.019728 0.000801
01000110 0.016162 0.000111
00100110 0.018593 0.000512
11111001 0.017608 0.000478
00111000 0.013370 0.000546
11001000 0.016983 0.000271
10111101 0.011543 0.000530
01100110 0.013048 0.000592
11011001 0.024733 0.000526
11000110 0.027708 0.000529
11000101 0.010452 0.000385
00111001 0.020128 0.000596
11000001 0.013453 0.000552
10110101 0.017408 0.000559
00111111 0.013771 0.001083
00110111 0.015000 0.000355
01111001 0.012305 0.000264
11001001 0.017173 0.000302
