000000 0.007229 0.000340
000101 0.009878 0.000466
110000 0.026188 0.001441
011101 0.131501 0.000427
000011 0.007087 0.000185
000010 0.041036 0.000815
100010 0.227544 0.001849
101111 0.012662 0.000412
111000 0.022172 0.000118
001101 0.013242 0.000558
100001 0.012299 0.000461
011111 0.034444 0.000740
110010 0.031213 0.000507
011110 0.006903 0.000427
110001 0.011756 0.000467
000111 0.021658 0.000941
100011 0.013914 0.000915
111110 0.038876 0.000802
111101 0.022535 0.000715
001111 0.036750 0.001075
111111 0.012708 0.000736
101110 0.035598 0.000275
111001 0.004809 0.000220
100111 0.005515 0.000325
100000 0.040207 0.000528
101010 0.018748 0.000492
100110 0.016497 0.000187
010010 0.005083 0.000199
001110 0.006887 0.000376
111100 0.020333 0.000619
001001 0.001222 0.000245
011001 0.005648 0.000550
101101 0.002287 0.000381
010111 0.003901 0.000347
000001 0.017104 0.000668
001010 0.003313 0.000072
101000 0.005225 0.000657
010001 0.017405 0.001211
011000 0.003892 0.000609
110110 0.002388 0.000261
011010 0.001106 0.000246
011100 0.003244 0.000237
010000 0.004873 0.000297
111010 0.007129 0.000614
010101 0.007172 0.000403
101011 0.000932 0.000256
001011 0.000495 0.000112
110101 0.001100 0.000087
100101 0.001585 0.000115
110011 0.001785 0.000144
000110 0.003455 0.000106
101100 0.002667 0.000264
110111 0.000891 0.000108
101001 0.000895 0.000266
010110 0.000446 0.000075
010100 0.000127 0.000032
100100 0.000913 0.000125
001100 0.000374 0.000061
111011 0.000276 0.000084
010011 0.001080 0.000074
011011 0.000079 0.000048
110100 0.000597 0.000117
001000 0.000900 0.000236
000100 0.000225 0.000044
