10001001 0.036360 0.000934
11101001 0.018072 0.000517
11111011 0.019852 0.000137
00100111 0.010743 0.000441
11111010 0.017895 0.000673
01111010 0.027841 0.001185
01110110 0.016934 0.000720
00100100 0.019562 0.000436
01111110 0.013022 0.000792
00101000 0.011274 0.000402
10101000 0.018545 0.000176
11011011 0.018321 0.000667
11001001 0.038930 0.000602
00110110 0.026529 0.000436
00100110 0.027449 0.000858
01011010 0.021012 0.000413
00000100 0.014589 0.000730
00000110 0.013525 0.001268
01011110 0.012007 0.000452
11011111 0.011946 0.000419
10101001 0.028606 0.000509
11111001 0.012409 0.000188
01110111 0.013499 0.000677
10001000 0.016512 0.000755
01010110 0.011793 0.000458
11011010 0.017182 0.000610
01010111 0.010078 0.000386
