1111001 0.038096 0.001572
0000100 0.016133 0.000931
1101010 0.014441 0.000305
0000110 0.061169 0.001175
0111101 0.012013 0.000539
0100000 0.021340 0.000675
0010111 0.017085 0.000943
0111000 0.013099 0.000692
1011010 0.020707 0.000851
0110001 0.022400 0.000266
1001011 0.010459 0.000527
1111000 0.038456 0.000489
1001010 0.024949 0.000187
1111101 0.016586 0.000434
1111100 0.010437 0.000378
1010111 0.015262 0.000894
1011111 0.023408 0.000493
0000010 0.012193 0.000484
0100100 0.028552 0.000655
1011110 0.020058 0.000934
0100110 0.010598 0.000409
1001110 0.025049 0.000720
1000110 0.013130 0.000101
1101000 0.013062 0.000173
0100101 0.025943 0.000755
0100001 0.018622 0.001072
1111111 0.013059 0.000596
0000111 0.021794 0.000868
1001111 0.021131 0.000646
0110101 0.044433 0.000214
1111110 0.011227 0.000209
1111010 0.032970 0.002008
1000111 0.029758 0.001236
0111001 0.010576 0.000843
1011011 0.012159 0.000404
1111011 0.019126 0.000333
0110111 0.010192 0.000369
0000101 0.010806 0.000644
