00000110 0.011618 0.000509
01111010 0.048541 0.001048
11111011 0.054442 0.000794
01110010 0.059343 0.000392
01000100 0.038751 0.001807
10111011 0.062871 0.000859
11000100 0.053653 0.000736
10000100 0.091089 0.002461
01110011 0.016054 0.000505
00000100 0.068488 0.000321
10000101 0.014165 0.000816
01111011 0.045444 0.000405
01010010 0.012720 0.000137
10001100 0.026126 0.001143
11001101 0.015269 0.000605
00111010 0.019132 0.000074
00111011 0.037141 0.001114
00110010 0.012638 0.000530
10001101 0.028403 0.000721
11001100 0.013798 0.000493
10101101 0.012287 0.001368
10101001 0.013972 0.000327
