0010011 0.043101 0.000386
1101100 0.029271 0.000870
1001100 0.010252 0.000531
1011101 0.015728 0.000336
0110010 0.012144 0.000392
0100000 0.064462 0.001228
0110001 0.081483 0.000817
0110000 0.134292 0.001221
0001111 0.015698 0.000455
1011111 0.049278 0.000743
1001111 0.136565 0.000160
0010001 0.017079 0.000344
1111101 0.014569 0.001055
0100110 0.012128 0.000573
1001110 0.081572 0.000648
0110011 0.019188 0.000122
1011001 0.010300 0.000383
1101111 0.012258 0.000833
1101110 0.019516 0.000511
0100010 0.018683 0.000793
