1011101 0.104964 0.000741
1110111 0.011552 0.000540
0001110 0.013929 0.000096
1010111 0.011079 0.000220
0001010 0.038237 0.001280
0100000 0.036338 0.000558
0100010 0.069421 0.000673
1011111 0.048503 0.000955
1111101 0.029402 0.000280
1011110 0.025137 0.000376
1110001 0.040140 0.001271
1110011 0.015629 0.000237
1111111 0.013501 0.000635
1110101 0.027344 0.000292
1111001 0.023997 0.000055
1111011 0.010435 0.000312
0101010 0.011107 0.000651
0111010 0.020740 0.000305
0110010 0.017025 0.000393
1010101 0.024885 0.000081
0000110 0.010410 0.000353
1000101 0.018719 0.000762
0100001 0.012910 0.000210
1100001 0.011725 0.000208
0000010 0.041216 0.000766
0001000 0.016349 0.000820
0000000 0.020497 0.000574
1011001 0.011589 0.000470
