01001 0.029129 0.001708
01011 0.127907 0.001090
11000 0.097289 0.001293
11100 0.090462 0.001873
10000 0.023183 0.000713
11011 0.004108 0.000821
01111 0.061014 0.000121
00111 0.066802 0.001244
01000 0.038480 0.000839
00011 0.064164 0.001207
10100 0.084391 0.002818
00101 0.009405 0.000495
00010 0.016736 0.000668
00100 0.003302 0.000528
10110 0.032199 0.001443
10111 0.038862 0.001136
01010 0.037890 0.001473
10010 0.007749 0.000416
11010 0.011242 0.000374
11101 0.024799 0.000455
00110 0.007301 0.000470
10101 0.047733 0.000181
00001 0.004034 0.000211
11110 0.014020 0.000486
11111 0.013451 0.000695
10011 0.002391 0.000379
01101 0.020233 0.000477
01100 0.006622 0.000413
01110 0.006213 0.000054
11001 0.003544 0.000357
00000 0.004550 0.000132
10001 0.000792 0.000244
