01000011 0.017552 0.000674
00001001 0.010575 0.000197
00010001 0.013751 0.000410
11111111 0.018792 0.000805
10110101 0.017763 0.001109
00111010 0.000380 0.000047
01011110 0.001554 0.000202
00110101 0.009361 0.000373
00111101 0.002491 0.000128
10011000 0.022512 0.000434
00011001 0.008406 0.000884
10001010 0.004476 0.000160
11101111 0.005972 0.000131
00001010 0.017414 0.000548
00010011 0.003930 0.000096
00000011 0.025775 0.000314
11011010 0.039902 0.000715
00101011 0.000209 0.000090
00100001 0.004388 0.000291
01100101 0.006405 0.000420
01100111 0.009948 0.001032
01001011 0.004171 0.000462
00100101 0.020646 0.000910
11110111 0.026414 0.001107
11111110 0.034144 0.001485
11000001 0.001360 0.000070
11111101 0.016732 0.000628
00000001 0.045969 0.000575
10101100 0.002246 0.000063
11110000 0.001269 0.000146
11110100 0.002606 0.000077
11110101 0.042379 0.000459
11011000 0.014016 0.000534
00011010 0.010227 0.000090
00101110 0.001289 0.000122
11111100 0.034522 0.000699
00000111 0.013989 0.000347
11110001 0.004425 0.000083
01001010 0.009091 0.000378
01101111 0.002438 0.000092
01101110 0.001373 0.000042
00001011 0.008323 0.000381
10011001 0.003990 0.000227
10001000 0.004901 0.000152
00111110 0.001030 0.000100
00011110 0.002116 0.000192
11100111 0.019171 0.000398
00001000 0.021532 0.000994
11101010 0.002518 0.000215
00101001 0.000746 0.000106
11101101 0.003743 0.000337
11100001 0.001954 0.000257
00111111 0.002320 0.000049
11010011 0.004992 0.000433
00101100 0.001163 0.000160
00011000 0.019624 0.000686
10011010 0.015113 0.000515
11101100 0.006088 0.000479
10001111 0.000305 0.000100
00110001 0.002019 0.000284
01011111 0.001293 0.000075
11111000 0.013661 0.000539
10111010 0.002996 0.000110
11010001 0.002389 0.000263
00100111 0.009549 0.000181
01010010 0.000325 0.000172
11100101 0.017833 0.000256
11010000 0.000415 0.000126
11110011 0.001172 0.000234
11111010 0.009340 0.000286
01111100 0.001015 0.000107
01110101 0.004658 0.000096
11101110 0.009208 0.000319
10110001 0.003202 0.000289
10111110 0.007358 0.000104
01000010 0.002605 0.000440
00011111 0.002006 0.000179
01001110 0.002554 0.000155
01101101 0.000731 0.000184
10011100 0.000985 0.000030
01111101 0.001420 0.000146
11001010 0.012374 0.000234
01011010 0.006775 0.000099
11101000 0.002812 0.000137
11000101 0.000315 0.000048
11011001 0.002271 0.000231
11000011 0.005470 0.000511
11011110 0.007939 0.000126
10111011 0.000523 0.000085
11110010 0.000375 0.000098
10110111 0.004101 0.000517
11000010 0.001935 0.000095
01000111 0.008660 0.000302
00000101 0.007801 0.000298
01001001 0.001509 0.000150
10010001 0.004553 0.000222
01001000 0.002169 0.000365
01011000 0.002650 0.000173
11011011 0.004241 0.000152
11001101 0.000053 0.000016
00000110 0.000375 0.000027
01010111 0.001819 0.000406
01000001 0.004577 0.000355
11010101 0.000362 0.000134
10111000 0.010852 0.000111
01010011 0.003523 0.000207
11010010 0.000900 0.000235
00010111 0.002242 0.000359
00010000 0.000643 0.000048
00001111 0.003749 0.000278
11011111 0.001766 0.000175
10000001 0.002150 0.000037
10100001 0.001419 0.000135
01011011 0.002098 0.000168
10111001 0.001974 0.000328
11001000 0.002595 0.000160
10111100 0.012019 0.000310
00101101 0.002296 0.000231
11001011 0.001689 0.000176
10101111 0.001467 0.000161
10100101 0.007861 0.000251
11100110 0.001733 0.000056
10101101 0.001736 0.000091
10010111 0.000608 0.000236
10111101 0.008577 0.000386
00011011 0.003794 0.000248
10101110 0.001546 0.000125
00101111 0.002870 0.000409
10111111 0.004801 0.000490
10101000 0.001830 0.000333
11001111 0.000731 0.000113
10001101 0.000072 0.000053
10001110 0.000785 0.000110
00001100 0.001028 0.000134
11000111 0.001849 0.000212
11001110 0.002289 0.000210
01000110 0.000619 0.000113
01111111 0.002216 0.000148
01110110 0.000101 0.000076
01001100 0.000199 0.000054
01111010 0.000394 0.000101
10011111 0.000958 0.000111
10100111 0.002574 0.000363
00110111 0.002633 0.000186
10000011 0.001285 0.000037
00111001 0.000695 0.000162
10101010 0.000663 0.000096
01000101 0.000933 0.000104
01101100 0.000492 0.000135
11001001 0.000570 0.000101
00000010 0.001884 0.000157
10010101 0.000459 0.000056
00010101 0.002421 0.000461
00001110 0.004052 0.000527
10000000 0.000219 0.000066
01010001 0.001943 0.000192
11110110 0.001231 0.000226
10000110 0.000045 0.000029
10100110 0.000059 0.000037
01110111 0.003078 0.000302
10010011 0.001318 0.000091
01001111 0.001960 0.000233
00101000 0.001310 0.000214
00111000 0.001800 0.000206
10011011 0.002320 0.000271
01101000 0.000354 0.000110
01110001 0.000570 0.000017
11010111 0.002010 0.000217
01111110 0.001632 0.000137
01100100 0.000228 0.000089
01101010 0.000375 0.000068
00011101 0.001113 0.000115
10000101 0.000336 0.000060
10011110 0.002567 0.000175
10001011 0.000750 0.000121
11100100 0.000987 0.000031
00111100 0.001579 0.000292
00000000 0.001304 0.000230
11011100 0.000705 0.000035
00100000 0.000122 0.000024
11111001 0.001928 0.000110
10101011 0.000176 0.000020
00011100 0.000776 0.000140
01000000 0.000433 0.000116
01111000 0.000430 0.000077
00100011 0.000714 0.000081
11101011 0.000344 0.000036
11001100 0.000218 0.000080
10000010 0.000131 0.000024
11000000 0.000198 0.000039
01100010 0.000135 0.000048
11100011 0.001014 0.000133
01011001 0.001394 0.000297
01100011 0.000681 0.000130
01100001 0.000862 0.000230
10010010 0.000113 0.000061
01011101 0.000207 0.000054
01010101 0.000387 0.000029
10101001 0.000394 0.000049
11011101 0.000253 0.000077
01001101 0.000321 0.000051
10100000 0.000145 0.000009
11111011 0.000992 0.000141
10011101 0.000321 0.000041
10000111 0.000424 0.000108
10001100 0.000137 0.000029
00001101 0.001362 0.000052
10001001 0.001068 0.000288
01111001 0.000261 0.000041
00110011 0.000205 0.000079
01011100 0.000131 0.000078
01100110 0.000276 0.000028
01110100 0.000055 0.000015
10110100 0.000315 0.000054
00100100 0.000131 0.000084
11101001 0.000365 0.000050
10110000 0.000318 0.000072
11100000 0.000486 0.000085
11100010 0.000519 0.000112
11000110 0.000310 0.000083
00010010 0.000181 0.000117
00101010 0.000553 0.000084
10010000 0.000392 0.000086
10110011 0.000377 0.000097
01010110 0.000026 0.000036
00000100 0.000101 0.000039
00110110 0.000028 0.000023
00100110 0.000153 0.000058
01101011 0.000241 0.000054
11010110 0.000139 0.000058
00110010 0.000020 0.000010
00111011 0.000217 0.000035
10100100 0.000101 0.000082
10100011 0.000206 0.000040
01101001 0.000153 0.000041
10110110 0.000054 0.000050
10010100 0.000013 0.000018
01111011 0.000068 0.000036
00110000 0.000076 0.000035
00010100 0.000026 0.000036
00010110 0.000013 0.000018
01110011 0.000124 0.000021
01010000 0.000054 0.000048
10100010 0.000016 0.000013
10110010 0.000019 0.000016
00100010 0.000104 0.000086
01100000 0.000080 0.000055
11000100 0.000002 0.000001
01010100 0.000005 0.000007
00110100 0.000043 0.000033
10010110 0.000019 0.000013
11010100 0.000013 0.000019
01000100 0.000013 0.000019
