111111 0.020655 0.000184
110111 0.076750 0.002064
010100 0.062707 0.001600
110011 0.049146 0.002150
011100 0.049442 0.002036
101011 0.057649 0.000777
010101 0.019698 0.000340
001000 0.036619 0.000731
001100 0.055586 0.001854
101010 0.016084 0.000502
001101 0.015217 0.000877
000100 0.039031 0.000435
010110 0.011850 0.000576
110110 0.053799 0.001240
001001 0.052264 0.000663
111110 0.013321 0.000193
001011 0.013823 0.000693
110101 0.026240 0.000861
111011 0.050709 0.000386
011001 0.017627 0.000631
001010 0.021728 0.000685
111010 0.015390 0.000465
011101 0.016873 0.000437
100111 0.012610 0.000247
100011 0.024846 0.000400
011000 0.013867 0.000385
110010 0.014908 0.000761
