11110 0.069585 0.000552
01111 0.026279 0.001078
11000 0.095190 0.002125
01000 0.020024 0.001218
00100 0.008587 0.001176
00101 0.203012 0.000196
11111 0.148933 0.000797
10001 0.007425 0.000617
10000 0.027754 0.000178
11010 0.100696 0.000622
00111 0.103365 0.003040
10010 0.003664 0.000387
00000 0.068507 0.001280
00001 0.048465 0.000659
10111 0.020448 0.000808
11001 0.005320 0.000621
01100 0.001697 0.000073
01001 0.005351 0.000514
11011 0.004876 0.000528
01101 0.010185 0.000133
10101 0.007807 0.000423
00110 0.001547 0.000129
11101 0.002835 0.000196
10011 0.000822 0.000343
00010 0.000732 0.000073
01010 0.000647 0.000169
01110 0.001419 0.000288
10100 0.000939 0.000150
11100 0.001675 0.000147
10110 0.000987 0.000228
01011 0.000214 0.000119
00011 0.001013 0.000195
