00100 0.144385 0.003688
10000 0.043477 0.000374
01111 0.074280 0.003184
00000 0.110033 0.002726
11111 0.090714 0.000170
11011 0.146775 0.002755
11001 0.009598 0.000312
01100 0.076372 0.001309
11000 0.019467 0.000810
11101 0.005954 0.000455
10011 0.043356 0.000862
00101 0.022235 0.001385
11010 0.017050 0.000738
10100 0.004655 0.000402
10110 0.002105 0.000200
01110 0.020578 0.000926
01101 0.034751 0.000820
01001 0.000792 0.000238
00111 0.022736 0.001092
00110 0.024967 0.001131
10001 0.007791 0.000144
11100 0.005373 0.000484
10111 0.003839 0.000213
10010 0.030592 0.000788
00001 0.009507 0.000837
00010 0.012422 0.000194
10101 0.001072 0.000328
00011 0.004567 0.000440
11110 0.003705 0.000076
01010 0.001013 0.000248
01011 0.000452 0.000102
01000 0.005385 0.000696
