011100 0.025282 0.000688
000101 0.001465 0.000143
101101 0.132223 0.001851
010010 0.119804 0.000349
111000 0.001059 0.000168
000110 0.003842 0.000681
011010 0.068473 0.000618
010011 0.024385 0.000824
110101 0.024496 0.000138
111011 0.025071 0.000170
110011 0.069718 0.000761
011110 0.022609 0.001029
011011 0.006862 0.000083
100101 0.043595 0.000521
111001 0.007881 0.000472
101011 0.025180 0.000319
100011 0.010551 0.001155
111111 0.007754 0.000843
010100 0.021304 0.000885
101111 0.031099 0.000653
011101 0.002724 0.000240
001110 0.024073 0.000467
001010 0.014335 0.000499
101100 0.024396 0.001474
110111 0.015413 0.000565
110100 0.003487 0.000214
100100 0.003310 0.000309
010001 0.005131 0.000427
100111 0.011912 0.000497
000010 0.002585 0.000054
101110 0.008645 0.000417
001100 0.050108 0.001736
010110 0.029888 0.000607
101001 0.011814 0.000262
111101 0.016809 0.000618
011001 0.001651 0.000190
011000 0.005937 0.000461
110001 0.016712 0.000438
001101 0.004439 0.000248
100001 0.003539 0.000456
110010 0.013196 0.000492
010101 0.005040 0.000305
111010 0.008822 0.000158
000100 0.006434 0.000323
110110 0.003641 0.000173
101010 0.004690 0.000623
111100 0.005068 0.000118
010000 0.005581 0.000526
010111 0.003822 0.000177
111110 0.002976 0.000208
100110 0.001438 0.000263
011111 0.001652 0.000090
001011 0.001240 0.000130
100010 0.000779 0.000217
110000 0.001030 0.000032
001111 0.001182 0.000270
101000 0.000599 0.000108
001000 0.001585 0.000104
000001 0.000134 0.000078
001001 0.000406 0.000125
000011 0.000487 0.000060
000111 0.000519 0.000153
000000 0.000064 0.000023
100000 0.000050 0.000021
