111100 0.042275 0.002022
101101 0.021751 0.000620
111101 0.008225 0.000134
101100 0.052397 0.001004
011100 0.006972 0.000271
101001 0.005852 0.000257
111001 0.004530 0.000503
110100 0.027114 0.000933
010001 0.083566 0.001157
100100 0.020112 0.000525
010000 0.073728 0.001334
011110 0.016808 0.001047
010011 0.039620 0.000462
110001 0.011551 0.000358
000011 0.035452 0.001004
011111 0.029208 0.002155
100000 0.007630 0.000426
101110 0.079850 0.001291
010010 0.021588 0.000984
000110 0.004842 0.000369
111110 0.045553 0.000224
110000 0.044132 0.001150
010100 0.013743 0.000287
100001 0.009829 0.000730
101111 0.037510 0.000938
011101 0.007113 0.000183
011000 0.002636 0.000215
011011 0.022971 0.000513
110110 0.007017 0.000622
001011 0.033734 0.001599
001111 0.044880 0.000832
010111 0.006815 0.000307
000001 0.019262 0.001040
100101 0.001966 0.000106
001110 0.016467 0.000768
110010 0.003587 0.000383
010101 0.005501 0.000311
111111 0.012556 0.000215
010110 0.008638 0.000328
001100 0.001710 0.000140
000111 0.007850 0.000618
111000 0.004430 0.000434
100010 0.000745 0.000140
011001 0.007163 0.000132
100110 0.006965 0.000306
100111 0.000602 0.000195
011010 0.005679 0.000008
100011 0.001594 0.000289
111011 0.001884 0.000167
001001 0.002632 0.000202
110101 0.001200 0.000154
000101 0.001690 0.000195
000010 0.002538 0.000133
001101 0.002613 0.000158
000100 0.001842 0.000163
111010 0.001635 0.000211
101000 0.001251 0.000151
001010 0.001521 0.000182
110011 0.001348 0.000069
101011 0.003344 0.000376
000000 0.001761 0.000290
110111 0.000371 0.000056
101010 0.000573 0.000058
001000 0.000077 0.000113
