1111101 0.018669 0.000399
0011110 0.022886 0.000810
1111001 0.035791 0.001713
1100010 0.021703 0.000432
0100010 0.011853 0.000261
0111001 0.066996 0.001199
0000000 0.014396 0.000196
1000110 0.040744 0.000729
0101011 0.013870 0.000541
0011111 0.013423 0.001004
0101001 0.037282 0.001160
1010100 0.012776 0.000097
1111111 0.024010 0.000709
1010110 0.035053 0.000538
0111011 0.026196 0.000661
1101011 0.014818 0.000791
0010110 0.028779 0.000746
0000100 0.012633 0.000129
1100011 0.013074 0.000887
1011111 0.018679 0.000335
1011110 0.025067 0.000749
0000110 0.027426 0.000649
0010100 0.016047 0.000449
1000010 0.032814 0.000653
1011101 0.010449 0.000263
1101001 0.016458 0.000639
0011101 0.015396 0.000453
1111011 0.035667 0.001581
0011100 0.019244 0.000702
0111101 0.012738 0.000049
1000100 0.010996 0.000453
0000010 0.032905 0.000372
1011100 0.012159 0.000148
1110011 0.013045 0.001355
