011010 0.032072 0.000910
100001 0.057629 0.001463
011110 0.093772 0.001298
111111 0.010332 0.000219
100100 0.019567 0.000535
110001 0.024655 0.000368
111100 0.026005 0.001910
110100 0.029186 0.000640
000011 0.015808 0.000486
000001 0.040341 0.002016
110101 0.034026 0.001107
001011 0.019420 0.001416
100101 0.045692 0.002012
111110 0.041830 0.001857
001000 0.036863 0.001452
011011 0.031450 0.001170
001001 0.058293 0.002151
010110 0.024986 0.001285
101100 0.020130 0.000511
110011 0.011421 0.001028
101001 0.034383 0.000272
011111 0.017683 0.000709
010011 0.026856 0.000764
110110 0.034645 0.000434
110111 0.031807 0.000506
001110 0.012098 0.000573
001010 0.011866 0.000933
010111 0.019151 0.000679
011000 0.010567 0.001134
