01000011 0.017552 0.000674
00001001 0.010575 0.000197
00010001 0.013751 0.000410
11111111 0.018792 0.000805
10110101 0.017763 0.001109
10011000 0.022512 0.000434
00001010 0.017414 0.000548
00000011 0.025775 0.000314
11011010 0.039902 0.000715
00100101 0.020646 0.000910
11110111 0.026414 0.001107
11111110 0.034144 0.001485
11111101 0.016732 0.000628
00000001 0.045969 0.000575
11110101 0.042379 0.000459
11011000 0.014016 0.000534
00011010 0.010227 0.000090
11111100 0.034522 0.000699
00000111 0.013989 0.000347
11100111 0.019171 0.000398
00001000 0.021532 0.000994
00011000 0.019624 0.000686
10011010 0.015113 0.000515
11111000 0.013661 0.000539
11100101 0.017833 0.000256
11001010 0.012374 0.000234
10111000 0.010852 0.000111
10111100 0.012019 0.000310
