01010111 0.163929 0.002588
10100000 0.084820 0.000870
01010101 0.039548 0.000547
11101000 0.011607 0.000276
10110000 0.015714 0.000074
01011101 0.011497 0.000731
01011111 0.045674 0.000950
10101000 0.101276 0.001432
10101010 0.010174 0.000527
11101010 0.026197 0.000556
11010111 0.014660 0.000852
10111000 0.029198 0.000743
00010101 0.015944 0.000932
11100010 0.016902 0.000082
01010011 0.018450 0.000553
10101100 0.026469 0.000261
01101010 0.011409 0.000595
01000111 0.016033 0.000046
10100100 0.012018 0.000821
01001110 0.011498 0.000187
10110001 0.011534 0.000235
