00101 0.144089 0.000695
11111 0.047617 0.000581
00110 0.023233 0.000250
01101 0.021564 0.001085
11010 0.119577 0.001180
00011 0.023576 0.001074
11110 0.105912 0.001061
01110 0.032386 0.000246
10110 0.019959 0.000577
01111 0.031191 0.001028
11011 0.033050 0.001567
00010 0.013205 0.000302
10001 0.026401 0.001188
00001 0.087085 0.001689
10000 0.014650 0.000372
11001 0.015413 0.000582
11100 0.010064 0.000796
11000 0.019881 0.000911
10011 0.022158 0.000667
10101 0.019095 0.000091
11101 0.018219 0.000846
00100 0.016754 0.000736
01001 0.006953 0.000459
00111 0.039133 0.001039
10111 0.014206 0.000431
10010 0.038727 0.000935
01011 0.007054 0.000577
01010 0.006729 0.000491
10100 0.007048 0.000537
00000 0.010347 0.000527
01100 0.003597 0.000197
01000 0.001129 0.000064
