00011011 0.052364 0.001116
10100100 0.066577 0.000271
01011011 0.055309 0.000544
11111110 0.018011 0.000255
11100100 0.039831 0.001485
01011001 0.091642 0.001035
00011001 0.095301 0.003097
11100110 0.071969 0.001562
10100110 0.065663 0.001870
00011111 0.027329 0.000851
10101110 0.018162 0.000067
11101110 0.030007 0.000931
01010001 0.015184 0.000050
10100000 0.044275 0.000622
11011110 0.015483 0.000369
01011111 0.028263 0.000797
11011011 0.014597 0.000694
11011111 0.013401 0.000573
00010001 0.016468 0.000222
11100000 0.025286 0.000934
00011101 0.011582 0.000034
10100010 0.010600 0.000683
01011101 0.010940 0.000456
