00111100 0.059518 0.000869
11001001 0.022521 0.000372
00111110 0.031558 0.000983
01111100 0.013354 0.000139
01001001 0.020216 0.000202
11111110 0.021700 0.000195
01000001 0.022858 0.000081
10000101 0.010072 0.000308
01100011 0.016242 0.000660
11000011 0.016635 0.000524
11011101 0.010583 0.000334
10111100 0.021447 0.000311
11000001 0.021544 0.000483
01101011 0.011085 0.000337
11111100 0.014291 0.000526
11100011 0.016451 0.000618
01000011 0.018613 0.000464
00000001 0.037826 0.000859
00110100 0.023453 0.000824
11001011 0.015389 0.000457
00110110 0.018517 0.000765
11101111 0.010468 0.000525
11101011 0.014224 0.000473
00000101 0.013435 0.000127
01001011 0.013329 0.000334
10110110 0.013398 0.000705
10000001 0.026696 0.000835
10111110 0.017034 0.000584
00011100 0.020951 0.000518
01011101 0.011362 0.000707
10011100 0.014273 0.000110
01111110 0.013972 0.000126
10000000 0.010413 0.000418
10110100 0.010320 0.000212
