00000000 0.012639 0.000371
01101011 0.043306 0.001219
10010101 0.031149 0.000303
00101010 0.014617 0.000692
01101010 0.018986 0.000070
11010101 0.025243 0.000147
10010100 0.037997 0.000942
11001111 0.060674 0.000761
00100000 0.060404 0.000115
11011111 0.088724 0.000596
11011101 0.046833 0.000943
00100010 0.064272 0.000347
00110000 0.029805 0.000864
11111111 0.030166 0.000459
00010000 0.038689 0.001309
01001011 0.011992 0.000619
11101111 0.057713 0.001115
11010111 0.017902 0.000104
00110010 0.013835 0.000231
10010000 0.010667 0.001265
