111000 0.001829 0.000125
010101 0.019705 0.000276
010110 0.075941 0.001352
111010 0.054386 0.001333
101001 0.107374 0.001486
011100 0.005692 0.000527
100111 0.004406 0.000303
101010 0.020858 0.000351
010010 0.008220 0.000350
011101 0.003479 0.000479
101011 0.022946 0.000642
111011 0.022025 0.000328
011111 0.007428 0.000290
000101 0.036318 0.001093
111001 0.020246 0.000703
100000 0.002882 0.000300
001110 0.017487 0.000769
011110 0.156040 0.002537
010100 0.017876 0.000204
100101 0.012877 0.001104
101111 0.016446 0.000617
111110 0.027491 0.000228
011010 0.013534 0.000432
111111 0.022379 0.000649
101110 0.008528 0.000354
000001 0.016557 0.000757
101101 0.015853 0.000848
110011 0.006274 0.000133
110111 0.005390 0.000580
100001 0.096960 0.002243
110001 0.023482 0.000904
000100 0.015334 0.000708
101000 0.004825 0.000317
000110 0.017287 0.000200
110110 0.005797 0.000884
010000 0.002618 0.000383
010111 0.008122 0.000552
111101 0.004943 0.000447
100010 0.004474 0.000304
100011 0.006088 0.000394
100110 0.002461 0.000056
001100 0.004765 0.000337
110010 0.008873 0.000616
001101 0.006955 0.000554
111100 0.001167 0.000070
101100 0.002012 0.000124
001000 0.001181 0.000297
110000 0.001923 0.000387
001111 0.002394 0.000317
010001 0.004128 0.000096
110101 0.005864 0.000315
000010 0.002430 0.000238
000000 0.003692 0.000406
001010 0.002348 0.000170
001001 0.001862 0.000260
000111 0.003177 0.000426
010011 0.000293 0.000104
001011 0.000210 0.000087
011000 0.000838 0.000025
100100 0.001340 0.000263
011001 0.000245 0.000067
000011 0.000238 0.000038
110100 0.001083 0.000212
011011 0.000122 0.000061
