1100111 0.018942 0.000412
1010010 0.052477 0.002465
1100100 0.017776 0.000547
0101101 0.060121 0.000938
0101001 0.021584 0.000696
0010011 0.029875 0.000944
1101110 0.034089 0.001134
1100101 0.043533 0.001676
1111110 0.010333 0.000464
1101100 0.025680 0.001165
1100110 0.025525 0.000379
1101101 0.049273 0.002028
1111111 0.010618 0.000439
0010001 0.024522 0.000977
0010010 0.028957 0.001196
0100101 0.043346 0.001164
0000101 0.010826 0.000140
0011001 0.014564 0.000431
1000110 0.010400 0.000420
1010011 0.018106 0.000283
1010110 0.013377 0.000896
1010111 0.015283 0.000035
1101111 0.018780 0.000819
1101010 0.015240 0.000547
1011011 0.010654 0.000530
1011010 0.031889 0.000339
0011010 0.016224 0.000933
0101100 0.010789 0.000627
0011011 0.017834 0.000184
1111010 0.013690 0.000877
