1100000 0.015573 0.000744
0100011 0.001580 0.000216
0101000 0.054482 0.001216
0001011 0.020637 0.000634
0101001 0.082459 0.001066
0100000 0.019734 0.000316
1110100 0.015597 0.000238
0111011 0.025306 0.000464
0110111 0.002527 0.000208
0101011 0.065959 0.001055
1000100 0.004731 0.000442
0000000 0.022229 0.000727
0111111 0.052701 0.000725
1100001 0.002632 0.000191
1011001 0.003134 0.000209
1000000 0.038927 0.000938
1111111 0.026962 0.000476
1001000 0.009151 0.000147
0101100 0.003824 0.000208
1110110 0.028424 0.000239
1010110 0.082570 0.001171
1111110 0.021130 0.000481
0001000 0.016664 0.000606
1101001 0.016939 0.001140
1010111 0.022645 0.000881
1001001 0.007540 0.000323
0101111 0.021744 0.000525
0100001 0.006273 0.000661
0010011 0.001371 0.000082
1011111 0.012197 0.000931
1010100 0.047017 0.000225
0001001 0.020694 0.000277
1000001 0.005234 0.000210
1101000 0.016807 0.000250
0011111 0.009139 0.000607
1101110 0.001646 0.000220
0000001 0.005678 0.000333
1101010 0.001291 0.000313
1011100 0.003003 0.000299
1111001 0.005723 0.000297
1110111 0.009849 0.000370
0010000 0.000996 0.000167
0110100 0.000403 0.000102
0111110 0.009286 0.000297
0111101 0.001795 0.000150
1010101 0.009881 0.000490
1101100 0.002661 0.000357
1001011 0.002327 0.000190
0000010 0.002344 0.000152
0111001 0.009009 0.000242
1111100 0.005372 0.000386
1111101 0.004837 0.000178
1111011 0.002929 0.000388
1011110 0.011020 0.000968
0011011 0.008969 0.000084
1110101 0.004601 0.000266
1010001 0.002757 0.000293
0110110 0.002045 0.000195
0101101 0.004313 0.000188
0101110 0.004125 0.000122
0000011 0.002247 0.000103
1101011 0.004126 0.000251
1101111 0.002147 0.000282
1010000 0.005654 0.000237
0100010 0.001790 0.000190
1111000 0.001811 0.000199
1101101 0.001654 0.000061
0010111 0.002787 0.000256
0111000 0.001626 0.000423
1000101 0.000460 0.000135
0011000 0.000611 0.000093
0011001 0.003135 0.000195
0100101 0.000275 0.000110
0100100 0.000899 0.000258
1010010 0.001318 0.000186
0101010 0.005744 0.000261
0001110 0.000425 0.000020
1000111 0.000214 0.000019
0000100 0.000745 0.000122
1001100 0.000905 0.000114
0010001 0.001117 0.000103
0001111 0.002532 0.000146
1000010 0.003469 0.000205
1110001 0.001410 0.000041
0001101 0.000524 0.000260
1110000 0.001464 0.000124
1011101 0.002527 0.000210
1100111 0.000227 0.000096
1011011 0.002096 0.000277
0010110 0.001727 0.000035
0111100 0.000646 0.000090
1100100 0.002820 0.000268
0110011 0.000548 0.000069
1011000 0.000849 0.000067
0110000 0.000879 0.000073
0110001 0.000885 0.000144
0011101 0.000280 0.000065
0001010 0.002084 0.000167
1000011 0.001018 0.000184
0011110 0.001622 0.000270
0011100 0.000129 0.000021
0100111 0.000153 0.000032
1111010 0.000315 0.000061
0010101 0.000291 0.000023
1100010 0.000715 0.000026
0111010 0.000480 0.000042
1010011 0.001232 0.000276
1000110 0.000980 0.000113
0100110 0.000283 0.000017
1001110 0.000346 0.000099
1001010 0.001026 0.000146
1001101 0.000472 0.000109
1100011 0.000389 0.000085
1110010 0.000405 0.000099
1100110 0.000604 0.000117
0011010 0.000323 0.000101
0000101 0.000161 0.000058
0010010 0.000273 0.000123
0010100 0.000491 0.000021
0110101 0.000345 0.000192
0001100 0.000336 0.000124
0110010 0.000137 0.000102
1100101 0.000362 0.000074
0000111 0.000158 0.000058
1011010 0.000222 0.000100
1110011 0.000238 0.000087
1001111 0.000360 0.000043
0000110 0.000085 0.000022
