00111 0.010864 0.000364
10101 0.288564 0.002090
10100 0.022057 0.000667
10111 0.076977 0.002165
01010 0.286585 0.000835
01000 0.030269 0.001359
01001 0.006426 0.000597
11011 0.009020 0.000796
11101 0.078415 0.001765
11111 0.025281 0.000638
11100 0.009323 0.000030
01011 0.051352 0.001053
01110 0.010448 0.000790
00010 0.017694 0.001176
01101 0.000765 0.000053
00101 0.001641 0.000081
11001 0.009970 0.000484
10011 0.000673 0.000256
11010 0.006346 0.000775
01111 0.006543 0.000075
00110 0.016232 0.001080
11110 0.005703 0.000209
10110 0.012709 0.000645
00011 0.004691 0.000054
01100 0.001393 0.000077
00000 0.001899 0.000293
11000 0.004691 0.000454
10010 0.000265 0.000069
00100 0.002269 0.000211
10000 0.000119 0.000017
10001 0.000396 0.000131
00001 0.000418 0.000080
