01110 0.020388 0.000960
11001 0.108425 0.000821
10101 0.009114 0.000353
00010 0.021149 0.000617
11110 0.008104 0.000476
00110 0.107082 0.000660
11111 0.117949 0.001490
11101 0.079421 0.001109
01000 0.078736 0.002277
00111 0.030510 0.000390
11000 0.014412 0.000616
10111 0.061875 0.001184
00000 0.086456 0.000498
01111 0.025608 0.000859
11010 0.004128 0.000552
01001 0.036130 0.001426
10000 0.011140 0.000474
00001 0.005691 0.000514
10110 0.026150 0.000328
01101 0.012259 0.000390
10010 0.007768 0.000260
01010 0.006830 0.000360
11011 0.045028 0.000843
10001 0.011693 0.000904
00100 0.012296 0.001036
01100 0.012551 0.000351
10011 0.016410 0.000278
11100 0.006006 0.000211
00011 0.003392 0.000271
10100 0.004619 0.000326
01011 0.006616 0.000505
00101 0.002065 0.000378
