10011001 0.043861 0.000782
00100111 0.014564 0.000549
00000100 0.010094 0.000478
11011001 0.017290 0.000216
10111011 0.011587 0.000326
00110111 0.030679 0.000971
00000111 0.034376 0.000644
11111010 0.014255 0.000735
11111011 0.019850 0.001183
00000110 0.051699 0.001132
01100110 0.034597 0.000557
01110110 0.010739 0.000255
01100100 0.022792 0.000219
11111000 0.023565 0.000562
10111001 0.011981 0.000243
11111001 0.042602 0.000935
10011011 0.041478 0.000298
00110101 0.013537 0.000222
10011010 0.012426 0.000557
01100111 0.020848 0.001496
11001000 0.027553 0.000442
11011000 0.012900 0.000600
01100101 0.015563 0.000759
11001001 0.012200 0.000406
00000101 0.014401 0.000252
01110111 0.016057 0.000746
01000110 0.010303 0.000859
01110101 0.014473 0.000906
