11010101 0.004157 0.000561
01010101 0.006920 0.000248
11111010 0.031852 0.000641
10010011 0.011501 0.000283
11101110 0.023852 0.000226
01101110 0.021117 0.000374
00010100 0.026845 0.000154
00010101 0.060529 0.000849
01011101 0.003234 0.000219
11111011 0.020902 0.001244
10010001 0.026605 0.000430
11100011 0.003414 0.000529
10100111 0.001202 0.000117
11111111 0.005002 0.000219
01101010 0.033430 0.000952
10101011 0.005151 0.000213
11101010 0.080264 0.000868
01111011 0.008835 0.000305
01111110 0.008729 0.000146
00010001 0.027292 0.000714
11101011 0.050296 0.000630
00011001 0.007585 0.000231
11101000 0.003474 0.000218
01111010 0.011227 0.000430
01111100 0.002390 0.000186
11001111 0.001130 0.000116
01001001 0.002763 0.000152
10010111 0.019477 0.000253
10010101 0.038175 0.000852
11100010 0.002671 0.000142
11101111 0.007963 0.000271
10010100 0.013800 0.000464
11000001 0.001118 0.000186
10001111 0.000703 0.000204
01011001 0.005396 0.000350
01110011 0.002135 0.000276
11100110 0.003209 0.000080
00110100 0.001130 0.000126
11010011 0.002223 0.000066
11000110 0.002033 0.000033
01101011 0.023939 0.000939
01011011 0.000468 0.000074
11011101 0.002047 0.000165
11010001 0.002744 0.000093
10010000 0.002650 0.000408
11111001 0.002195 0.000476
01101001 0.009634 0.000511
00101001 0.002187 0.000288
10011100 0.001075 0.000144
00110110 0.001362 0.000128
01110111 0.002057 0.000116
00011100 0.003050 0.000222
10110011 0.004996 0.000526
01001101 0.001846 0.000139
11110010 0.003422 0.000229
00000101 0.018882 0.000176
10100011 0.002443 0.000070
00100101 0.001077 0.000058
11011011 0.002680 0.000382
10000001 0.007510 0.000642
10000111 0.005995 0.000222
01001100 0.002147 0.000389
10010110 0.008895 0.000443
00101010 0.001340 0.000395
00001101 0.002965 0.000268
00111001 0.001465 0.000305
11101001 0.004561 0.000296
00000100 0.008453 0.000128
10110111 0.002757 0.000275
01111001 0.004834 0.000192
00000001 0.008647 0.000225
01111000 0.002988 0.000246
10011011 0.002235 0.000225
11000101 0.001607 0.000231
00010011 0.002213 0.000205
11001000 0.001151 0.000151
10011001 0.004587 0.000382
01110101 0.001237 0.000121
01110110 0.002242 0.000121
11011001 0.004732 0.000554
10000110 0.002983 0.000445
11010100 0.002987 0.000209
11001010 0.002190 0.000287
11001001 0.002531 0.000344
00000000 0.000930 0.000193
01001000 0.001545 0.000016
00111110 0.000766 0.000046
00001000 0.000506 0.000145
10100110 0.000707 0.000147
01100111 0.001514 0.000253
01100001 0.000545 0.000137
01101000 0.006377 0.000307
11000100 0.001138 0.000073
11011111 0.001807 0.000291
11001110 0.002109 0.000143
01101100 0.004437 0.000166
11011000 0.001672 0.000254
00010000 0.003078 0.000153
11110111 0.002531 0.000354
11010111 0.003140 0.000399
11110011 0.005782 0.000298
10011101 0.003023 0.000454
11111110 0.011185 0.000714
00101111 0.001472 0.000067
01100011 0.001553 0.000054
00001100 0.001403 0.000155
01101111 0.008341 0.000241
10000101 0.011801 0.000274
01000111 0.000196 0.000055
10000011 0.003244 0.000091
00110011 0.002501 0.000238
01111101 0.001781 0.000082
01000001 0.001210 0.000085
00100110 0.000832 0.000016
00011101 0.005588 0.000363
10101101 0.000069 0.000021
00010110 0.001781 0.000132
10000100 0.003988 0.000705
10000000 0.000866 0.000145
00111111 0.000779 0.000146
11001011 0.001709 0.000114
11000111 0.001198 0.000223
11010010 0.001120 0.000185
10101010 0.001568 0.000197
01011100 0.003339 0.000232
10101110 0.000565 0.000126
00010111 0.004145 0.000167
11001100 0.001251 0.000175
10111010 0.001127 0.000148
00111010 0.000507 0.000092
00110101 0.002589 0.000310
10111111 0.000967 0.000114
11110110 0.003819 0.000219
01010000 0.000502 0.000111
11000010 0.000527 0.000062
00111011 0.001470 0.000207
00001001 0.003937 0.000245
10111011 0.002609 0.000269
01000011 0.000092 0.000032
00110001 0.001901 0.000248
01010001 0.003035 0.000294
10010010 0.002853 0.000206
10110010 0.001310 0.000350
10100001 0.000266 0.000076
01100101 0.000740 0.000053
11011010 0.002134 0.000171
10001011 0.000938 0.000313
10110001 0.000509 0.000152
11010110 0.003489 0.000176
01010110 0.000471 0.000072
01110000 0.000232 0.000060
00101011 0.002995 0.000216
00000010 0.000161 0.000031
10111110 0.000503 0.000137
01000101 0.002133 0.000035
00001110 0.000174 0.000088
10101001 0.000568 0.000093
10011010 0.000513 0.000004
01110100 0.000700 0.000076
10000010 0.000980 0.000094
01111111 0.004506 0.000071
10001100 0.000530 0.000123
10001001 0.002548 0.000314
10100101 0.000154 0.000033
01110001 0.000986 0.000119
10011110 0.001030 0.000108
00011000 0.001149 0.000254
11011110 0.002582 0.000233
01101101 0.002686 0.000261
01010100 0.004262 0.000170
10001101 0.001295 0.000023
01000100 0.002036 0.000325
00001111 0.000197 0.000005
11001101 0.001054 0.000171
10001000 0.000396 0.000054
11010000 0.000718 0.000077
00000110 0.000571 0.000094
10110110 0.001573 0.000227
00000011 0.000659 0.000130
00100001 0.000601 0.000024
11111000 0.001647 0.000159
11011100 0.001945 0.000182
00010010 0.000264 0.000121
00101110 0.001112 0.000221
10111001 0.000550 0.000046
00101101 0.001020 0.000082
01010011 0.000380 0.000061
00011011 0.000422 0.000055
00011010 0.000105 0.000012
01001110 0.000225 0.000070
00100111 0.001159 0.000125
11000000 0.000300 0.000077
11000011 0.001108 0.000140
00111101 0.000779 0.000182
10011000 0.000818 0.000169
01100110 0.001919 0.000154
11100001 0.000265 0.000088
01011000 0.001663 0.000175
11111101 0.000230 0.000106
01001010 0.000163 0.000048
00101100 0.000427 0.000023
11101100 0.000409 0.000054
00111100 0.000392 0.000035
00100011 0.001349 0.000209
10011111 0.001831 0.000159
00000111 0.001006 0.000146
10001110 0.000440 0.000049
00101000 0.000610 0.000032
00011110 0.000206 0.000012
11100111 0.001695 0.000150
10101111 0.001046 0.000030
00110111 0.001954 0.000133
01100010 0.001078 0.000203
10110101 0.000381 0.000138
11101101 0.000278 0.000035
00110000 0.000338 0.000026
01001111 0.000155 0.000070
10001010 0.000508 0.000010
01100100 0.000498 0.000050
01011111 0.000301 0.000123
00110010 0.000606 0.000087
00100100 0.000424 0.000014
01110010 0.001098 0.000137
10100010 0.000640 0.000122
00111000 0.000432 0.000151
11110001 0.000302 0.000055
01000000 0.000263 0.000054
01010111 0.000567 0.000075
00100010 0.000289 0.000134
11100101 0.000094 0.000033
01001011 0.000146 0.000053
00011111 0.000483 0.000173
00001011 0.000149 0.000050
01011110 0.000411 0.000168
01010010 0.000121 0.000080
01000110 0.000147 0.000043
10100100 0.000066 0.000031
11100000 0.000073 0.000011
11110101 0.000164 0.000050
10101100 0.000048 0.000012
01100000 0.000129 0.000041
10111100 0.000049 0.000027
00001010 0.000031 0.000052
11111100 0.000303 0.000157
01000010 0.000051 0.000017
10110100 0.000066 0.000017
10111000 0.000032 0.000035
00100000 0.000139 0.000081
01011010 0.000195 0.000156
11110100 0.000056 0.000039
10101000 0.000066 0.000020
10110000 0.000055 0.000021
10111101 0.000073 0.000057
11110000 0.000054 0.000018
11100100 0.000074 0.000016
10100000 0.000013 0.000019
