10000011 0.088342 0.000616
11011010 0.001194 0.000212
01111100 0.083675 0.000652
00000111 0.108487 0.001427
01110100 0.033105 0.000334
11111100 0.025826 0.000516
01101100 0.015370 0.000316
00110000 0.004869 0.000149
00110100 0.062887 0.000208
10000111 0.043924 0.001430
10010011 0.009544 0.000590
01101000 0.002369 0.000079
11001001 0.012768 0.000244
11111000 0.123672 0.001909
00010111 0.008915 0.000147
01111110 0.017103 0.000328
11001000 0.005338 0.000331
10001011 0.039531 0.000579
11010001 0.001497 0.000160
10001111 0.018609 0.000300
00111100 0.007542 0.000552
11001011 0.028162 0.000434
10000001 0.008423 0.000446
11101000 0.018746 0.000644
11110000 0.012097 0.000360
11111111 0.000785 0.000021
11111110 0.004083 0.000231
11111010 0.004192 0.000267
01101110 0.002433 0.000129
00001111 0.008437 0.000727
10101111 0.000520 0.000164
00100111 0.002768 0.000183
10110000 0.003926 0.000341
10111000 0.001179 0.000114
11111011 0.000794 0.000118
00110110 0.007306 0.000373
01111000 0.028311 0.000249
11000011 0.004738 0.000082
00111110 0.004003 0.000080
11001111 0.004828 0.000152
00110101 0.000812 0.000145
00000011 0.017698 0.001035
11111001 0.006087 0.000395
11101001 0.005957 0.000128
01110000 0.016092 0.000391
00111000 0.000363 0.000036
01010001 0.000341 0.000047
01110110 0.003276 0.000102
00110111 0.003084 0.000283
11110100 0.001599 0.000141
01111111 0.001614 0.000070
11011001 0.003507 0.000240
10111111 0.000271 0.000041
11101111 0.000638 0.000120
10110100 0.001433 0.000088
10011011 0.002063 0.000106
00111010 0.000094 0.000040
01000001 0.000454 0.000130
01111001 0.000649 0.000048
11011011 0.004341 0.000016
10010000 0.002664 0.000300
11011000 0.007966 0.000293
01111010 0.000604 0.000037
10010111 0.004080 0.000148
11101100 0.004584 0.000155
01010011 0.000328 0.000055
00010000 0.000713 0.000066
11001010 0.000666 0.000042
11110110 0.000164 0.000030
00010110 0.000061 0.000038
01010111 0.000314 0.000012
11111101 0.000473 0.000044
00100101 0.000290 0.000018
01000011 0.000806 0.000173
01001111 0.000701 0.000035
01010000 0.000829 0.000137
00001011 0.001013 0.000115
10100001 0.000261 0.000063
11101101 0.000312 0.000045
00111111 0.000579 0.000091
11000001 0.002139 0.000205
10001001 0.000951 0.000107
11011111 0.000724 0.000167
00100011 0.000212 0.000023
11010000 0.003184 0.000237
11001101 0.000118 0.000007
10111010 0.000195 0.000034
01011111 0.000273 0.000031
11101011 0.000876 0.000103
11101110 0.000637 0.000098
01110101 0.000302 0.000036
10011111 0.000960 0.000028
00100100 0.001464 0.000117
10010001 0.001542 0.000308
00000001 0.001933 0.000389
01111101 0.001134 0.000153
01101101 0.000745 0.000177
01101001 0.000405 0.000083
01100100 0.000664 0.000082
01101111 0.000897 0.000070
01000111 0.000652 0.000009
00101111 0.000640 0.000093
01100110 0.000046 0.000002
00010001 0.000398 0.000088
01100000 0.000091 0.000036
00010011 0.002028 0.000042
10111100 0.000890 0.000128
11110001 0.000556 0.000007
01011000 0.000301 0.000107
11010111 0.000270 0.000095
11001110 0.000043 0.000012
01011001 0.000128 0.000039
10101011 0.000159 0.000019
11010011 0.001801 0.000115
10111110 0.000641 0.000023
10110111 0.000392 0.000065
10000000 0.000386 0.000103
00101110 0.000406 0.000142
00110010 0.000093 0.000055
10100111 0.000542 0.000114
11101010 0.000492 0.000118
00011011 0.000069 0.000033
00000000 0.000102 0.000040
01011010 0.000059 0.000013
00101100 0.000586 0.000020
11000111 0.000501 0.000092
10111011 0.000039 0.000005
10110110 0.000234 0.000069
10110001 0.000558 0.000165
10011010 0.000136 0.000048
00110001 0.000337 0.000062
01001001 0.000201 0.000048
00011000 0.000022 0.000030
00011111 0.000564 0.000092
01000000 0.000054 0.000019
11110010 0.000366 0.000081
10110010 0.000208 0.000038
01100111 0.000115 0.000039
01110111 0.000327 0.000038
11010010 0.000275 0.000036
01011011 0.000114 0.000021
11100100 0.000017 0.000012
01100101 0.000061 0.000041
01110011 0.000043 0.000026
11011100 0.000125 0.000025
10011000 0.000302 0.000061
00000101 0.000109 0.000058
01110001 0.000272 0.000028
01001011 0.000425 0.000104
11000000 0.000343 0.000064
01100001 0.000093 0.000042
10110011 0.000217 0.000042
00110011 0.000100 0.000017
11100011 0.000057 0.000027
10011110 0.000026 0.000031
00100000 0.000090 0.000034
10001010 0.000020 0.000011
00010100 0.000044 0.000038
01010010 0.000028 0.000003
01111011 0.000108 0.000046
00000110 0.000017 0.000021
10100011 0.000271 0.000026
10111001 0.000100 0.000065
10101100 0.000048 0.000028
10000101 0.000152 0.000044
00100001 0.000171 0.000031
10010010 0.000267 0.000040
01001000 0.000113 0.000020
10001000 0.000128 0.000071
01110010 0.000238 0.000034
01101011 0.000104 0.000026
11100000 0.000282 0.000073
11110011 0.000053 0.000003
11011110 0.000103 0.000021
10010100 0.000023 0.000014
00100110 0.000232 0.000036
10011001 0.000177 0.000068
11100001 0.000202 0.000117
11000101 0.000017 0.000013
00111011 0.000010 0.000012
10100000 0.000175 0.000009
00111001 0.000040 0.000012
10000110 0.000001 0.000001
10101110 0.000069 0.000032
00000010 0.000027 0.000020
00000100 0.000012 0.000014
01010100 0.000002 0.000003
11110111 0.000036 0.000002
00010010 0.000062 0.000035
11010101 0.000015 0.000008
10100100 0.000035 0.000014
00001001 0.000036 0.000027
10101000 0.000069 0.000048
11011101 0.000066 0.000035
01100011 0.000014 0.000014
10000010 0.000062 0.000031
11001100 0.000092 0.000021
10101001 0.000105 0.000057
10100110 0.000004 0.000004
11010100 0.000060 0.000031
10100010 0.000003 0.000004
01101010 0.000068 0.000023
11110101 0.000007 0.000004
10010110 0.000039 0.000030
10100101 0.000055 0.000027
10010101 0.000039 0.000029
01000110 0.000000 0.000000
10101010 0.000013 0.000018
11010110 0.000011 0.000005
10111101 0.000006 0.000008
01000101 0.000041 0.000026
00111101 0.000082 0.000047
10011101 0.000002 0.000002
11000010 0.000016 0.000015
11100111 0.000019 0.000016
10110101 0.000017 0.000013
00101001 0.000011 0.000009
00011001 0.000018 0.000016
00101101 0.000021 0.000015
01011110 0.000006 0.000007
10001101 0.000002 0.000003
10001110 0.000019 0.000016
00010101 0.000002 0.000003
10001100 0.000001 0.000001
00011010 0.000004 0.000006
01011101 0.000001 0.000002
10101101 0.000006 0.000005
11100010 0.000000 0.000000
01010110 0.000013 0.000016
01010101 0.000002 0.000003
11000100 0.000001 0.000001
11100101 0.000013 0.000018
01001101 0.000002 0.000003
00101010 0.000008 0.000012
00011110 0.000000 0.000001
00001110 0.000022 0.000031
00101011 0.000005 0.000007
01000010 0.000002 0.000003
11100110 0.000000 0.000001
