1111111111 0.013195 0.000420
0111100010 0.003778 0.000356
1000011111 0.001845 0.000145
0110000110 0.001158 0.000100
0110011111 0.004791 0.000646
1110100110 0.000743 0.000024
0101011100 0.000182 0.000041
1101010100 0.000272 0.000060
1100111101 0.020607 0.000034
1011100010 0.011436 0.000253
0001000010 0.006449 0.000140
0000111011 0.000570 0.000033
0000011011 0.017708 0.000380
0010001011 0.001424 0.000084
0010000010 0.006145 0.000305
1000111001 0.010469 0.000384
0111000110 0.013631 0.000528
0011000010 0.023416 0.000451
1011111110 0.000322 0.000079
1011100000 0.004744 0.000077
0101000110 0.003131 0.000196
0100000110 0.001449 0.000291
0011000110 0.018262 0.001231
0011100110 0.013219 0.000372
1100011001 0.010844 0.000257
1101111101 0.007110 0.000152
0001011011 0.001224 0.000056
0001000110 0.004835 0.000052
1100011101 0.010988 0.000193
0101010100 0.000124 0.000068
0011100000 0.003581 0.000146
0111011101 0.001962 0.000078
0111000100 0.002203 0.000130
0111111101 0.000258 0.000024
0111100100 0.002586 0.000091
0000000010 0.009286 0.000308
1111100100 0.009731 0.000444
0111011111 0.012004 0.000373
0011001010 0.000312 0.000068
1011101010 0.000091 0.000039
0011000000 0.004177 0.000202
1111100000 0.005334 0.000503
1101100111 0.000763 0.000142
0011011011 0.004379 0.000120
1111011111 0.011466 0.000394
0000000011 0.008560 0.000360
1001100011 0.001112 0.000031
0001000011 0.002578 0.000127
0000001011 0.003300 0.000269
0001100110 0.003308 0.000090
0101011111 0.003403 0.000307
0001100010 0.004867 0.000231
0000011101 0.003119 0.000063
0000010011 0.001211 0.000091
0100011111 0.007836 0.000374
1010011011 0.003147 0.000072
1110111001 0.006136 0.000276
0011100100 0.002309 0.000429
1100111001 0.016867 0.000642
1100100000 0.003713 0.000235
1110101100 0.000174 0.000063
1110011001 0.002428 0.000148
1000011001 0.013405 0.000368
0011110010 0.000708 0.000071
1111100111 0.003127 0.000093
1100011011 0.003700 0.000141
1101011100 0.000518 0.000067
1111110010 0.001275 0.000051
0111010010 0.000507 0.000119
0000011111 0.006966 0.000226
0010100110 0.000624 0.000020
0010000110 0.001628 0.000147
1111010111 0.000275 0.000049
1101110001 0.000238 0.000045
0111011110 0.002857 0.000167
1111111100 0.007962 0.000095
0010100111 0.000112 0.000069
0010011001 0.002454 0.000201
0011011111 0.009913 0.000092
0000000001 0.004867 0.000120
1000100001 0.001827 0.000167
1101010011 0.000078 0.000030
0001001011 0.000385 0.000133
1001101011 0.000218 0.000051
0011110000 0.000239 0.000061
0011010010 0.002779 0.000149
1111100010 0.007482 0.000376
1001011111 0.000656 0.000241
0111111111 0.001416 0.000080
0010010000 0.000466 0.000048
0011100010 0.018478 0.000307
0100011100 0.000457 0.000092
1111111101 0.022940 0.000560
1101100110 0.004321 0.000332
1101111111 0.003702 0.000292
1010011001 0.002722 0.000190
1111011100 0.001609 0.000126
1110111100 0.003031 0.000253
0011100111 0.002330 0.000189
1110111101 0.012075 0.000085
1101111100 0.002244 0.000328
1101110100 0.001208 0.000144
1011100110 0.005344 0.000383
0111100110 0.014190 0.000143
1100100011 0.000489 0.000062
1100111111 0.003230 0.000118
0111101100 0.000146 0.000028
1111111110 0.003527 0.000102
1000011011 0.007342 0.000517
0011000111 0.003056 0.000091
1111010100 0.000832 0.000057
1011011111 0.002479 0.000119
1010111001 0.003599 0.000281
1100010001 0.000423 0.000083
0010011011 0.007534 0.000034
0000100010 0.002664 0.000222
0000100011 0.001952 0.000091
1111010110 0.001154 0.000115
1111011110 0.002537 0.000149
1111011011 0.001211 0.000136
0000000000 0.007946 0.000137
1101100100 0.002876 0.000169
0000011001 0.010844 0.000118
1111011000 0.000097 0.000009
1111011101 0.005514 0.000307
1101110101 0.000221 0.000036
1111010010 0.000368 0.000038
1011111101 0.000562 0.000115
1000100011 0.001175 0.000184
1000111011 0.001850 0.000141
0001101001 0.000026 0.000009
1111100011 0.002351 0.000270
0001001001 0.000033 0.000009
0001010010 0.000766 0.000023
0001011111 0.002596 0.000136
0011001111 0.001912 0.000028
0011101111 0.001205 0.000222
1101101111 0.000656 0.000083
0100000011 0.000469 0.000039
1100011100 0.001924 0.000106
0011000011 0.009494 0.000234
0011101010 0.000220 0.000041
1000111100 0.000130 0.000072
1011100001 0.001535 0.000089
1011110010 0.001488 0.000117
0001010110 0.000563 0.000126
1100011111 0.006793 0.000170
1111100110 0.017103 0.000426
1111110100 0.004155 0.000129
0001001110 0.000194 0.000051
0101011110 0.000759 0.000142
1111110110 0.002886 0.000222
1011000110 0.000577 0.000138
1110111111 0.002319 0.000192
0010011111 0.004165 0.000259
1001110010 0.000302 0.000061
1011100100 0.001495 0.000209
0110100110 0.000497 0.000039
0011010100 0.000398 0.000053
1000011101 0.001546 0.000046
1011110100 0.000244 0.000110
0000101101 0.000092 0.000063
0000001101 0.000413 0.000075
0111000010 0.003268 0.000168
1010100001 0.000900 0.000142
1011101111 0.000548 0.000062
1100111011 0.001615 0.000189
0000111111 0.000324 0.000112
1110000110 0.000099 0.000040
0010101111 0.000139 0.000057
1110100000 0.002317 0.000154
1110111110 0.000350 0.000009
0101100110 0.003706 0.000078
0101010110 0.000483 0.000091
0010010100 0.000135 0.000032
0000011100 0.000323 0.000073
0011011110 0.002093 0.000173
1000100000 0.004095 0.000163
0100101001 0.000066 0.000063
1001110011 0.000217 0.000063
1100001101 0.000322 0.000032
1110000101 0.000043 0.000020
0111000111 0.002336 0.000201
0111100111 0.002278 0.000262
1110011101 0.004692 0.000173
1111000100 0.000813 0.000131
1101100011 0.000671 0.000137
1111100001 0.001388 0.000119
1001011011 0.000651 0.000114
1110101111 0.000385 0.000028
0011100001 0.001178 0.000090
1000110000 0.001653 0.000090
1110011111 0.004011 0.000139
1100111100 0.004569 0.000446
1110011110 0.000420 0.000127
0100011101 0.002980 0.000067
1011111111 0.001179 0.000126
1011100011 0.004267 0.000215
0111101110 0.000897 0.000014
1001101010 0.000060 0.000027
1011101001 0.000213 0.000036
1101100000 0.001630 0.000178
1000101001 0.000540 0.000037
0011001011 0.001102 0.000075
1011101011 0.000651 0.000052
0100100110 0.000658 0.000102
1100011000 0.000672 0.000041
0010000011 0.004729 0.000092
1010100011 0.000767 0.000033
1010111011 0.001162 0.000087
1100011010 0.000085 0.000023
0011000100 0.003051 0.000385
0100000001 0.000335 0.000022
0101011101 0.000549 0.000106
1100110100 0.001288 0.000054
0011110110 0.000780 0.000062
0011101011 0.000840 0.000162
0010111100 0.000023 0.000021
0010011100 0.000233 0.000032
0100011001 0.001246 0.000079
1010000010 0.000309 0.000020
0010011101 0.001388 0.000136
0111101111 0.001470 0.000066
1101111001 0.001252 0.000117
1010100000 0.002587 0.000496
1110101101 0.000436 0.000050
0010001111 0.000711 0.000086
0111000011 0.000855 0.000025
1010100010 0.001118 0.000070
0000100110 0.000664 0.000037
0000000110 0.002024 0.000255
0010000000 0.003487 0.000225
1010000000 0.000549 0.000134
1001100000 0.001503 0.000212
0010010011 0.000766 0.000031
0011010110 0.002370 0.000041
0000001001 0.001754 0.000086
1001010000 0.000107 0.000037
1100110000 0.002260 0.000220
0111010110 0.001931 0.000208
1110110000 0.001416 0.000213
1111101101 0.000963 0.000132
0011001110 0.000992 0.000116
1111101110 0.001279 0.000055
0100001111 0.000991 0.000115
0011000001 0.001187 0.000052
0111100000 0.000675 0.000124
1011110001 0.000521 0.000056
0011010001 0.000266 0.000054
1111001110 0.000165 0.000024
0000001010 0.000226 0.000046
1000011110 0.000165 0.000012
1000010010 0.000297 0.000082
0000100000 0.001987 0.000133
1010111111 0.000194 0.000097
1001010100 0.000055 0.000056
0100011110 0.000777 0.000101
1101110010 0.000393 0.000093
0001010011 0.000376 0.000095
1111101111 0.002184 0.000059
1011011100 0.000139 0.000018
1010111000 0.000284 0.000093
1011100111 0.000950 0.000015
1001100010 0.002727 0.000183
1001001111 0.000035 0.000021
0001100000 0.001030 0.000076
0110010110 0.000262 0.000145
0110011110 0.000489 0.000004
0010100100 0.000331 0.000042
0010101100 0.000016 0.000015
1110101011 0.000175 0.000091
1100100100 0.002138 0.000271
1000001000 0.000046 0.000050
1000000000 0.000927 0.000063
0010000001 0.001684 0.000174
0000011010 0.000355 0.000026
1100101001 0.000716 0.000096
1100111000 0.001171 0.000154
1110110001 0.000692 0.000137
0111011001 0.000117 0.000030
0000010010 0.001152 0.000040
0100100111 0.000154 0.000030
0000000111 0.000958 0.000138
1100110001 0.000878 0.000067
0101000111 0.000703 0.000145
0101100111 0.000628 0.000024
1001011001 0.000213 0.000019
1110100100 0.002001 0.000116
1011110000 0.001332 0.000141
1111111011 0.001845 0.000154
1101011101 0.001969 0.000031
1011110011 0.000647 0.000028
1011111001 0.001665 0.000088
1001111111 0.000435 0.000088
0010100011 0.001298 0.000101
1001100111 0.000251 0.000024
0000100001 0.000905 0.000129
1000011000 0.000501 0.000130
0110011011 0.001010 0.000027
0100011011 0.002469 0.000261
0011011101 0.001488 0.000140
0011100011 0.006834 0.000207
0000001111 0.001187 0.000141
1000001001 0.000235 0.000058
0001000100 0.001022 0.000217
0001100100 0.000598 0.000097
1000000011 0.000341 0.000084
0000000100 0.000981 0.000075
1011011101 0.000801 0.000131
0011011001 0.000866 0.000066
1101100010 0.002145 0.000108
1110011011 0.001478 0.000117
1100000000 0.000678 0.000112
1111110101 0.000729 0.000213
0100100100 0.000368 0.000015
1011000000 0.000430 0.000112
0011101000 0.000047 0.000027
0011111011 0.000464 0.000099
0011110011 0.000301 0.000025
1010110001 0.000348 0.000045
1111110111 0.000580 0.000080
1100100001 0.001435 0.000054
1100000110 0.000115 0.000029
1000001011 0.000214 0.000039
1111111000 0.000399 0.000101
0000010001 0.000746 0.000091
0000011110 0.000577 0.000129
1110100010 0.000522 0.000048
1001100110 0.001341 0.000116
0110001111 0.000568 0.000096
1100110110 0.000135 0.000030
0001100111 0.000713 0.000033
1111110000 0.002525 0.000318
0100101111 0.000236 0.000045
1010010100 0.000053 0.000037
0101100001 0.000083 0.000026
0110000011 0.000306 0.000067
1000111111 0.000370 0.000053
1000101101 0.000076 0.000049
0101100011 0.000383 0.000076
0101000011 0.000335 0.000027
1101110000 0.000868 0.000181
1111111001 0.003384 0.000150
0101111111 0.000337 0.000050
1100101111 0.000484 0.000100
1011000001 0.000214 0.000087
0010001000 0.000041 0.000026
0001110010 0.000173 0.000016
1000010000 0.000831 0.000004
0101010010 0.000122 0.000052
0110100000 0.000191 0.000077
1111000110 0.001738 0.000053
0011101001 0.000102 0.000036
1100010010 0.000186 0.000103
1011101100 0.000060 0.000019
1101000000 0.000112 0.000063
1010011100 0.000101 0.000039
1101111110 0.000962 0.000130
1011011010 0.000118 0.000089
1110110100 0.001098 0.000068
0000101011 0.000673 0.000101
0101000010 0.001103 0.000246
1101011111 0.003350 0.000173
0001100011 0.001920 0.000215
1111001111 0.000388 0.000056
1011000011 0.000529 0.000089
1011010001 0.000235 0.000054
1101111011 0.000514 0.000113
0010100010 0.001948 0.000081
1010101111 0.000076 0.000030
1011011110 0.000578 0.000055
1000010001 0.000596 0.000044
1100100010 0.000640 0.000126
0010010010 0.000806 0.000159
1100101101 0.000773 0.000069
1000100010 0.001453 0.000111
1110111000 0.000529 0.000083
0010101011 0.000360 0.000048
1111110011 0.000505 0.000068
1010110000 0.000844 0.000093
1011011011 0.001929 0.000041
1011111011 0.001423 0.000205
0001111111 0.000306 0.000061
1010011101 0.000726 0.000062
0111011100 0.000558 0.000100
0111001111 0.001910 0.000101
1101011110 0.000710 0.000043
1011010010 0.000850 0.000161
0101100000 0.000169 0.000026
1101100001 0.000592 0.000109
1010110011 0.000159 0.000016
0010110011 0.000110 0.000017
0100100011 0.000184 0.000033
1100111110 0.000358 0.000038
0100000000 0.000626 0.000030
1000111000 0.000574 0.000044
1100101100 0.000307 0.000050
0000010000 0.001172 0.000102
0100111111 0.000327 0.000112
0110011101 0.001439 0.000172
1100011110 0.000505 0.000072
0010011000 0.000150 0.000052
0100001101 0.000296 0.000050
1101110110 0.000633 0.000115
0111101101 0.000292 0.000048
1111011001 0.000754 0.000130
0010100000 0.001371 0.000334
1100010100 0.000369 0.000121
0000011000 0.000412 0.000106
1000010011 0.000278 0.000043
1000110001 0.000833 0.000011
1110011100 0.000876 0.000077
0100010000 0.000141 0.000051
0101000100 0.000574 0.000064
1010000001 0.000230 0.000073
0100010101 0.000065 0.000014
1110010100 0.000255 0.000023
0010000100 0.000741 0.000091
1000110010 0.000261 0.000059
0011101101 0.000149 0.000023
1001011110 0.000219 0.000051
1110111011 0.001142 0.000031
1110010000 0.000312 0.000073
1010101001 0.000195 0.000033
0110101001 0.000025 0.000018
0010010101 0.000042 0.000034
1010110101 0.000008 0.000012
1101100101 0.000292 0.000037
0100000010 0.000908 0.000078
1100000001 0.000332 0.000075
0010000111 0.000543 0.000039
1111000010 0.000712 0.000089
0101011011 0.000257 0.000014
0101011001 0.000034 0.000002
0011111111 0.001075 0.000144
0110011100 0.000202 0.000052
1100100101 0.000444 0.000071
1000100100 0.000305 0.000052
0101110110 0.000111 0.000030
0101100010 0.001075 0.000074
1101010110 0.000301 0.000083
0100001100 0.000106 0.000052
1111000000 0.000394 0.000106
0111000000 0.000645 0.000013
0000100111 0.000241 0.000027
0001000001 0.000382 0.000070
0001100001 0.000423 0.000056
1110000100 0.000252 0.000090
1000100110 0.000260 0.000052
0111001110 0.000830 0.000179
1110001101 0.000089 0.000023
0110100010 0.000326 0.000038
1110011000 0.000112 0.000049
1001010010 0.000190 0.000079
0101001111 0.000565 0.000044
0111010111 0.000354 0.000034
1010111101 0.000324 0.000035
1011010000 0.000376 0.000067
0011101110 0.000764 0.000105
0110000010 0.000490 0.000108
0101001100 0.000074 0.000046
1101101100 0.000205 0.000051
1100001001 0.000198 0.000021
1100001011 0.000065 0.000025
1110100111 0.000230 0.000041
1001101001 0.000031 0.000025
1111000001 0.000124 0.000042
0000111001 0.000343 0.000108
1011000010 0.001301 0.000059
0111000001 0.000125 0.000010
1000101011 0.000368 0.000066
1011111010 0.000120 0.000027
0100100000 0.000286 0.000036
0110000111 0.000306 0.000034
1110010001 0.000090 0.000046
1010011111 0.001105 0.000206
1110000000 0.000416 0.000029
0001000000 0.001404 0.000214
0101001101 0.000152 0.000031
1101011011 0.000464 0.000144
1000100111 0.000078 0.000070
0100000101 0.000261 0.000025
0110000000 0.000374 0.000108
0111010011 0.000174 0.000072
1001111001 0.000515 0.000161
0111111110 0.000450 0.000086
1100010110 0.000093 0.000038
1000010100 0.000073 0.000048
1111000111 0.000223 0.000033
1010010010 0.000185 0.000034
1110110010 0.000193 0.000021
1111001100 0.000057 0.000006
1111101100 0.000645 0.000096
1001111100 0.000053 0.000033
0001001111 0.000453 0.000108
1001101111 0.000181 0.000024
0110001110 0.000080 0.000030
1110101110 0.000050 0.000013
0011110001 0.000079 0.000036
1011111000 0.000186 0.000027
0010010110 0.000182 0.000103
0110100001 0.000050 0.000013
0100001110 0.000167 0.000019
1000110110 0.000033 0.000024
1010010000 0.000360 0.000060
1111101001 0.000180 0.000024
1110101000 0.000074 0.000035
0110010111 0.000041 0.000005
1110110111 0.000049 0.000006
0111010100 0.000395 0.000120
1001100100 0.000324 0.000100
1011101101 0.000143 0.000038
0000000101 0.000254 0.000072
1001111011 0.000498 0.000055
0001011100 0.000128 0.000061
0001101111 0.000382 0.000102
1101000010 0.000211 0.000040
0010111011 0.000260 0.000045
0011100101 0.000334 0.000036
1111110001 0.000708 0.000197
1011100101 0.000230 0.000046
1010100100 0.000379 0.000062
1011101000 0.000049 0.000027
1111010011 0.000106 0.000015
1111000101 0.000102 0.000019
0011011010 0.000340 0.000084
0001101110 0.000160 0.000058
0110000100 0.000510 0.000063
1111010101 0.000159 0.000028
0001101011 0.000205 0.000042
1101000100 0.000323 0.000107
1011011001 0.000651 0.000129
0101101101 0.000087 0.000023
0101100100 0.000633 0.000072
0100000100 0.000821 0.000077
1000111101 0.000657 0.000017
1010100110 0.000196 0.000066
0111110111 0.000113 0.000031
0100101011 0.000116 0.000060
1000110100 0.000107 0.000030
0010100001 0.000540 0.000150
0001011101 0.000507 0.000009
0100010001 0.000052 0.000008
0111011011 0.000846 0.000079
0011010011 0.001217 0.000113
0010010111 0.000080 0.000050
0110110111 0.000015 0.000012
0110001011 0.000122 0.000081
1111100101 0.001354 0.000134
0110000101 0.000128 0.000075
0111110110 0.000633 0.000107
0011011100 0.000306 0.000016
0011111100 0.000039 0.000025
0011010000 0.000545 0.000082
0110011001 0.000378 0.000101
0000010100 0.000120 0.000024
1101010101 0.000058 0.000005
1100110010 0.000161 0.000098
0000110010 0.000081 0.000046
0000111110 0.000018 0.000014
1001110001 0.000179 0.000026
0110001101 0.000174 0.000029
0110101101 0.000050 0.000023
1111101010 0.000129 0.000005
1100010000 0.000704 0.000069
1111101011 0.000218 0.000063
0100001011 0.000302 0.000081
0010010001 0.000308 0.000040
0100000111 0.000521 0.000070
1100110011 0.000097 0.000024
1010100111 0.000069 0.000058
1000000001 0.000632 0.000060
0000010110 0.000219 0.000029
0001000111 0.000742 0.000059
0010001110 0.000152 0.000052
1101101011 0.000096 0.000025
1010111100 0.000096 0.000011
0100100001 0.000113 0.000038
0100111101 0.000150 0.000065
0001011110 0.000544 0.000054
1010000011 0.000239 0.000028
1001111110 0.000076 0.000026
1011101110 0.000227 0.000063
1101000110 0.000423 0.000018
1101000011 0.000091 0.000049
1000101000 0.000060 0.000050
1000011100 0.000235 0.000053
1001111101 0.000247 0.000081
1001011010 0.000038 0.000013
1101111010 0.000029 0.000025
0111111001 0.000009 0.000005
0011111001 0.000090 0.000049
0010111001 0.000110 0.000039
1001100001 0.000429 0.000055
0111001100 0.000149 0.000054
0110111111 0.000327 0.000045
0101101111 0.000598 0.000055
1011010011 0.000301 0.000080
0111100011 0.001014 0.000161
1000101110 0.000013 0.000012
0111111011 0.000100 0.000055
1101110011 0.000159 0.000014
1011001011 0.000074 0.000016
1100100110 0.000697 0.000112
0100001001 0.000147 0.000048
1111010001 0.000096 0.000054
0001111011 0.000151 0.000046
1111010000 0.000415 0.000069
1101110111 0.000131 0.000016
1110110101 0.000206 0.000087
1001110000 0.000377 0.000021
0110100111 0.000135 0.000062
1110000001 0.000131 0.000032
1110100101 0.000263 0.000096
0000001000 0.000224 0.000048
0111001101 0.000267 0.000084
0001111100 0.000011 0.000014
0101000001 0.000054 0.000030
0111110000 0.000058 0.000004
0101110111 0.000024 0.000031
1100110101 0.000228 0.000087
0100011000 0.000085 0.000041
0000010101 0.000085 0.000053
1101011001 0.000333 0.000054
0001011001 0.000222 0.000109
1110111010 0.000038 0.000024
1010001000 0.000002 0.000003
1101111000 0.000148 0.000045
1111111010 0.000054 0.000012
1010101011 0.000281 0.000083
1000101111 0.000106 0.000059
1001010011 0.000060 0.000041
1010010001 0.000196 0.000081
0101011010 0.000003 0.000005
1100111010 0.000021 0.000005
0110100101 0.000052 0.000027
0111010101 0.000105 0.000028
0111001000 0.000024 0.000009
0110010010 0.000092 0.000030
0011001100 0.000089 0.000023
1000000010 0.000317 0.000019
0000101001 0.000256 0.000051
0000101010 0.000053 0.000015
0111000101 0.000404 0.000074
1111001011 0.000071 0.000019
0001001010 0.000082 0.000035
1001101000 0.000010 0.000010
0000110000 0.000058 0.000028
0110010001 0.000010 0.000015
0101010111 0.000084 0.000021
1101010010 0.000140 0.000057
0101001110 0.000305 0.000008
0101101110 0.000265 0.000060
0110001001 0.000038 0.000023
0001101100 0.000016 0.000023
0001001100 0.000047 0.000013
1010010011 0.000209 0.000076
0100010111 0.000115 0.000060
0010100101 0.000060 0.000044
0011101100 0.000096 0.000024
1001000011 0.000110 0.000041
1010000110 0.000037 0.000028
1110101001 0.000233 0.000038
0110000001 0.000186 0.000064
0100100010 0.000418 0.000130
1001000010 0.000345 0.000059
1011111100 0.000152 0.000035
0111110010 0.000276 0.000093
0011111101 0.000205 0.000074
0000100100 0.000272 0.000115
0001000101 0.000169 0.000030
0001100101 0.000105 0.000044
0111010001 0.000013 0.000013
0110111001 0.000031 0.000004
1101010111 0.000071 0.000021
1110010101 0.000075 0.000013
1000011010 0.000136 0.000029
0010111101 0.000092 0.000030
0001010000 0.000117 0.000014
0101101011 0.000080 0.000035
0100101101 0.000126 0.000015
0010111111 0.000246 0.000068
1011000101 0.000044 0.000025
1111011010 0.000089 0.000042
0111110100 0.000130 0.000041
1010011010 0.000085 0.000043
0011010111 0.000502 0.000167
1100101000 0.000093 0.000057
1001010110 0.000092 0.000047
1001000000 0.000185 0.000079
1100010101 0.000056 0.000036
0010001001 0.000384 0.000053
1110001111 0.000121 0.000059
0001101101 0.000026 0.000006
1011001001 0.000060 0.000022
0000101111 0.000242 0.000083
1100101011 0.000220 0.000017
1110110110 0.000125 0.000054
1010110100 0.000086 0.000013
1010111010 0.000017 0.000015
1110110011 0.000087 0.000024
1100000010 0.000129 0.000065
0101101001 0.000002 0.000003
1101101110 0.000244 0.000079
1011110110 0.000561 0.000055
1101001011 0.000048 0.000035
1000110011 0.000170 0.000060
1001110110 0.000131 0.000060
1001001100 0.000010 0.000015
1111101000 0.000083 0.000032
1001011100 0.000025 0.000034
0000001110 0.000157 0.000019
1110100001 0.000664 0.000189
1001110100 0.000081 0.000004
1100000100 0.000385 0.000049
0010111110 0.000020 0.000025
1101101001 0.000089 0.000089
0000111101 0.000133 0.000067
1100001111 0.000120 0.000011
0100100101 0.000040 0.000022
0101111101 0.000032 0.000007
0111001011 0.000157 0.000046
0111001010 0.000060 0.000027
0111101010 0.000016 0.000018
0110010100 0.000089 0.000011
0100010110 0.000173 0.000080
0011001101 0.000366 0.000095
0111111010 0.000015 0.000021
1011000111 0.000110 0.000013
1001010111 0.000028 0.000022
1101011010 0.000057 0.000021
1101101101 0.000350 0.000062
1011000100 0.000184 0.000035
0100010100 0.000135 0.000015
1001101100 0.000006 0.000006
1001111010 0.000019 0.000018
0001011010 0.000109 0.000062
1001001101 0.000004 0.000006
0100010010 0.000199 0.000028
1100110111 0.000030 0.000012
0010000101 0.000145 0.000074
0001010001 0.000045 0.000013
1010010110 0.000042 0.000008
0010011010 0.000226 0.000059
1001010001 0.000023 0.000020
1001011101 0.000208 0.000100
1100000011 0.000117 0.000038
1100101110 0.000048 0.000022
0011000101 0.000513 0.000125
0101111100 0.000017 0.000013
0110101111 0.000184 0.000061
1010001001 0.000072 0.000008
0111110001 0.000042 0.000015
0000100101 0.000029 0.000012
0010101001 0.000146 0.000024
0111100101 0.000435 0.000036
1011010110 0.000360 0.000062
0111010000 0.000096 0.000034
1100100111 0.000206 0.000058
0010011110 0.000459 0.000080
1111000011 0.000194 0.000064
0110010011 0.000100 0.000018
0110100011 0.000138 0.000028
0110111101 0.000057 0.000019
1010011000 0.000161 0.000026
0000101000 0.000013 0.000011
0111011000 0.000017 0.000017
0111111000 0.000003 0.000002
1100000111 0.000036 0.000005
0001010100 0.000137 0.000077
0001110110 0.000158 0.000054
0010001100 0.000049 0.000028
1001000100 0.000070 0.000026
1010000100 0.000085 0.000011
1010100101 0.000026 0.000031
0101110100 0.000062 0.000012
1011010100 0.000120 0.000065
0010110010 0.000108 0.000051
1110100011 0.000360 0.000032
0110110110 0.000050 0.000023
0001111010 0.000025 0.000015
1110001100 0.000049 0.000002
0111100001 0.000257 0.000088
0100111100 0.000022 0.000016
1011110101 0.000044 0.000018
1001011000 0.000027 0.000019
1110010011 0.000095 0.000027
1101010001 0.000045 0.000008
1110000011 0.000066 0.000016
1000111010 0.000044 0.000032
0001110100 0.000042 0.000017
1001111000 0.000053 0.000042
1010110010 0.000102 0.000024
0011010101 0.000073 0.000045
0000110011 0.000098 0.000060
1101010000 0.000075 0.000027
1111001000 0.000010 0.000015
1110001110 0.000004 0.000006
0001101010 0.000058 0.000028
0011001001 0.000149 0.000061
1011001111 0.000067 0.000030
1001101110 0.000084 0.000017
0101001011 0.000076 0.000022
0101000000 0.000180 0.000033
0011111010 0.000015 0.000018
0111101011 0.000181 0.000075
0010110110 0.000027 0.000009
1111001101 0.000099 0.000003
0010110001 0.000014 0.000009
1011110111 0.000094 0.000016
0010110101 0.000012 0.000002
0101111011 0.000041 0.000007
1000110101 0.000011 0.000014
1110011010 0.000040 0.000018
0001001101 0.000062 0.000010
1011011000 0.000094 0.000065
0101110000 0.000020 0.000028
0010110000 0.000073 0.000044
0101010011 0.000020 0.000006
1000100101 0.000067 0.000041
1110010110 0.000102 0.000044
0011011000 0.000045 0.000026
0110100100 0.000226 0.000086
0011111110 0.000200 0.000070
1000010110 0.000036 0.000026
1101001111 0.000149 0.000054
1100010111 0.000055 0.000009
0101100101 0.000095 0.000010
0101000101 0.000078 0.000030
0100110000 0.000019 0.000021
0001010111 0.000098 0.000043
1110010010 0.000048 0.000035
1011010111 0.000043 0.000030
0000101110 0.000024 0.000009
0011001000 0.000022 0.000008
0110101011 0.000029 0.000022
1001000110 0.000124 0.000017
1100001000 0.000019 0.000013
0010101110 0.000032 0.000016
0101010000 0.000040 0.000030
0101010101 0.000037 0.000011
0111110101 0.000033 0.000023
1001101101 0.000059 0.000056
1100010011 0.000153 0.000055
1010101101 0.000036 0.000009
1001100101 0.000062 0.000044
0011110111 0.000066 0.000027
0110001100 0.000078 0.000021
0010001010 0.000120 0.000018
0011111000 0.000018 0.000020
1110001001 0.000022 0.000004
1101001101 0.000038 0.000020
1100000101 0.000082 0.000035
0111111100 0.000083 0.000009
1101000101 0.000029 0.000023
0100101110 0.000033 0.000022
0000111010 0.000012 0.000017
1110000010 0.000104 0.000025
0010001101 0.000148 0.000126
1010010111 0.000015 0.000012
1000000110 0.000031 0.000014
1000000100 0.000036 0.000024
0101101100 0.000016 0.000007
0000110001 0.000084 0.000021
0111101000 0.000031 0.000025
0100111001 0.000071 0.000042
0110111011 0.000037 0.000018
0100111011 0.000068 0.000029
0011110100 0.000060 0.000023
0100001010 0.000006 0.000005
1101011000 0.000047 0.000021
0111011010 0.000049 0.000023
1110001000 0.000010 0.000014
1101000111 0.000068 0.000016
1010000101 0.000031 0.000044
0011110101 0.000018 0.000026
1010011110 0.000074 0.000073
0010101101 0.000091 0.000037
1010001111 0.000067 0.000042
0001111110 0.000077 0.000057
0001110111 0.000043 0.000009
0000010111 0.000061 0.000020
1101000001 0.000047 0.000007
0100111110 0.000056 0.000028
0100110111 0.000010 0.000005
0110111110 0.000034 0.000017
1110010111 0.000065 0.000062
1010010101 0.000015 0.000013
1001000001 0.000041 0.000016
0110111010 0.000009 0.000008
1101001100 0.000034 0.000009
1011001110 0.000040 0.000031
0001111101 0.000041 0.000018
1000001101 0.000040 0.000009
1010001011 0.000083 0.000009
0110010101 0.000033 0.000026
0001010101 0.000010 0.000015
1000101100 0.000034 0.000002
0110101100 0.000023 0.000012
0100010011 0.000046 0.000009
1001001011 0.000026 0.000019
0000110101 0.000002 0.000003
0110110101 0.000020 0.000024
0100110100 0.000008 0.000006
1010101000 0.000051 0.000019
1101101000 0.000035 0.000028
1101101010 0.000035 0.000020
1000111110 0.000022 0.000015
0110101110 0.000025 0.000031
0100011010 0.000068 0.000026
0000111100 0.000004 0.000004
0110110100 0.000005 0.000007
1001000111 0.000005 0.000007
1011010101 0.000022 0.000006
0110011010 0.000037 0.000008
0001110011 0.000070 0.000050
1010001101 0.000020 0.000014
0010101000 0.000009 0.000004
0000001100 0.000119 0.000042
0001110000 0.000040 0.000012
1110101010 0.000002 0.000003
1100001100 0.000082 0.000016
0101101000 0.000002 0.000002
0101001000 0.000009 0.000012
1010101100 0.000006 0.000008
0001011000 0.000014 0.000011
1010111110 0.000017 0.000013
0101010001 0.000004 0.000006
0001111001 0.000008 0.000006
1000000101 0.000026 0.000009
1001110111 0.000019 0.000022
0000110100 0.000040 0.000019
0110110011 0.000026 0.000007
0010101010 0.000021 0.000021
0100110110 0.000015 0.000012
1100001110 0.000010 0.000015
1000110111 0.000010 0.000015
1000010101 0.000012 0.000010
0101111110 0.000101 0.000082
0100111010 0.000010 0.000015
0110011000 0.000010 0.000013
0110010000 0.000038 0.000034
0100001000 0.000024 0.000032
0110110010 0.000000 0.000010
0101110101 0.000004 0.000006
1010101010 0.000021 0.000015
1110000111 0.000057 0.000067
1010110110 0.000031 0.000022
1001010101 0.000001 0.000001
1011001010 0.000006 0.000009
0100101100 0.000045 0.000039
0111110011 0.000063 0.000050
0000101100 0.000018 0.000015
1110001011 0.000007 0.000010
0101111010 0.000005 0.000007
1111001001 0.000005 0.000004
0101110011 0.000009 0.000012
0111101001 0.000019 0.000014
0101111000 0.000002 0.000002
0110001010 0.000008 0.000011
0110101010 0.000000 0.000001
0100101000 0.000007 0.000010
1001001001 0.000010 0.000013
1000010111 0.000041 0.000039
0101110010 0.000035 0.000027
0000111000 0.000031 0.000044
1001001110 0.000007 0.000000
1011001101 0.000029 0.000026
1000001111 0.000035 0.000050
0100111000 0.000001 0.000001
0110110000 0.000015 0.000011
1000101010 0.000025 0.000029
0010111000 0.000003 0.000002
0100110010 0.000013 0.000010
0001111000 0.000001 0.000001
0010110111 0.000015 0.000011
0100110011 0.000012 0.000009
1001110101 0.000006 0.000009
0010110100 0.000006 0.000006
0110001000 0.000010 0.000000
0110111100 0.000018 0.000013
0101111001 0.000000 0.000000
0101011000 0.000001 0.000001
1011001100 0.000005 0.000004
0010111010 0.000010 0.000013
1101001001 0.000010 0.000015
1000001100 0.000003 0.000005
1000001110 0.000006 0.000008
0000110110 0.000028 0.000040
1101001110 0.000028 0.000040
0101101010 0.000011 0.000015
0111001001 0.000018 0.000026
1111001010 0.000009 0.000013
0001001000 0.000005 0.000006
1100001010 0.000003 0.000004
1010000111 0.000011 0.000016
0101110001 0.000007 0.000009
1010101110 0.000010 0.000015
1000000111 0.000010 0.000013
0101001010 0.000004 0.000006
