11101010 0.020079 0.000567
11101000 0.011737 0.000523
11000010 0.079590 0.000836
00011101 0.076676 0.000739
11000110 0.018138 0.000653
11110011 0.012704 0.000187
10101010 0.018876 0.000430
01010101 0.019170 0.001081
11100010 0.062368 0.000500
11001010 0.023206 0.001057
10101000 0.022166 0.000584
10100011 0.013366 0.000488
01011101 0.015190 0.000446
01010111 0.014663 0.000103
10101011 0.015593 0.000086
10100010 0.011937 0.000217
11100110 0.013916 0.000268
00111100 0.010711 0.000817
00110101 0.012978 0.000546
00111101 0.044200 0.000359
11100011 0.026135 0.000745
11000011 0.016404 0.000310
