00011100 0.016593 0.000167
00000001 0.080193 0.000353
00000000 0.032709 0.000710
11111010 0.031821 0.000317
11111011 0.025181 0.000617
10100001 0.010604 0.000567
11111110 0.099985 0.001606
11100111 0.014638 0.000284
10000100 0.015326 0.000867
10000101 0.031419 0.001276
01111010 0.024686 0.001068
10111110 0.030954 0.000155
10011100 0.012764 0.000139
11100011 0.013498 0.000860
10011110 0.036311 0.000542
00011110 0.011445 0.000508
00000101 0.020686 0.000679
10000001 0.015516 0.000452
11011110 0.010128 0.000159
11111111 0.042646 0.002009
01111011 0.020087 0.000863
11100001 0.011500 0.000844
01000001 0.023232 0.000572
01100001 0.015877 0.001029
01111110 0.012499 0.000451
