001111 0.022663 0.000648
001010 0.019822 0.000833
011000 0.047542 0.000331
101000 0.015523 0.000488
010110 0.013372 0.000964
111010 0.019114 0.000263
100101 0.027137 0.000911
111001 0.014272 0.000416
100100 0.006695 0.000443
011100 0.004405 0.000220
110100 0.014151 0.000710
101001 0.008726 0.000361
010101 0.015294 0.001083
001100 0.005600 0.000255
010001 0.009342 0.000415
111000 0.034565 0.001393
010100 0.013445 0.000272
110111 0.040323 0.000390
100111 0.029154 0.000589
110001 0.024323 0.000630
111110 0.028553 0.000550
110000 0.022233 0.001670
111101 0.008415 0.000179
001000 0.033607 0.000501
011110 0.029111 0.000216
101110 0.021137 0.000572
000101 0.014780 0.001031
011111 0.019088 0.000858
111111 0.049939 0.001042
001110 0.040649 0.000694
110011 0.006535 0.000479
000000 0.011936 0.000100
101111 0.040573 0.001165
100000 0.006755 0.000912
000110 0.012721 0.000370
111100 0.005171 0.000269
111011 0.012392 0.000256
000111 0.015583 0.001145
110101 0.041666 0.000635
001001 0.005267 0.000162
010000 0.025731 0.001406
100001 0.011254 0.000232
101100 0.003158 0.000136
101011 0.008084 0.000955
101101 0.005633 0.000818
100010 0.001921 0.000239
010010 0.005321 0.000105
010111 0.016144 0.001716
110010 0.004742 0.000236
011010 0.024395 0.001410
000011 0.001768 0.000337
100110 0.007092 0.000501
011001 0.005578 0.000264
001011 0.004451 0.000505
000001 0.006103 0.000412
101010 0.008995 0.000097
000100 0.011138 0.000247
011101 0.003444 0.000038
110110 0.014732 0.000363
000010 0.003739 0.000397
011011 0.004939 0.000295
100011 0.003724 0.000126
010011 0.002571 0.000141
001101 0.003761 0.000432
