0111010100 0.002361 0.000138
1011010111 0.006799 0.000106
0001011001 0.006880 0.000019
0111110100 0.033415 0.000530
0110110100 0.025079 0.000245
1110110110 0.003932 0.000542
0100111110 0.001091 0.000290
0111010101 0.001159 0.000034
0111111100 0.015905 0.000715
1111111110 0.003460 0.000137
1000001011 0.016400 0.000350
1100101010 0.000612 0.000092
0101111001 0.006731 0.000181
1101111011 0.000852 0.000014
1011010011 0.006769 0.000383
0011010001 0.002302 0.000036
0100110100 0.007319 0.000135
1100110110 0.001211 0.000189
1010010111 0.011406 0.000467
1001101111 0.000560 0.000052
0101101101 0.001780 0.000146
0101101000 0.007918 0.000139
1001001011 0.021414 0.000756
0001001001 0.004969 0.000228
1010000111 0.029275 0.000585
0110100100 0.011953 0.000544
0111111000 0.018469 0.000572
0111111001 0.003851 0.000048
1111011011 0.000477 0.000080
1011100011 0.000666 0.000165
1011000011 0.007076 0.000191
0111100001 0.001674 0.000073
1101101001 0.000079 0.000017
1010010101 0.001284 0.000101
0010010101 0.003487 0.000284
0011111001 0.001473 0.000074
0110100101 0.006571 0.000276
0100100100 0.003600 0.000047
1100100110 0.001130 0.000195
1100000111 0.000332 0.000034
1010001011 0.008767 0.000154
0010001011 0.000624 0.000008
1100001111 0.000496 0.000092
0101111000 0.034042 0.000508
0010000111 0.001485 0.000159
1001011011 0.018293 0.000528
0000001001 0.004620 0.000057
1000011100 0.000100 0.000035
0111110000 0.012863 0.000443
0110100110 0.004265 0.000016
1110110100 0.000985 0.000204
1000100110 0.000044 0.000030
1010111111 0.000556 0.000184
0110111101 0.001807 0.000042
0111100010 0.001087 0.000118
0110010001 0.000109 0.000035
0101011000 0.003623 0.000489
1001011000 0.000771 0.000056
0000110111 0.000056 0.000022
1000010111 0.003783 0.000150
1111011010 0.001290 0.000193
0100100101 0.001859 0.000061
1101011011 0.000676 0.000177
0010101101 0.000825 0.000047
1010101111 0.000949 0.000129
0101110100 0.009567 0.000206
0100101100 0.004737 0.000541
1100101110 0.001419 0.000169
1000001111 0.012264 0.000174
1011010010 0.001756 0.000140
1011011110 0.000638 0.000093
1000000111 0.008679 0.000635
0000000101 0.001700 0.000093
1011001110 0.000168 0.000073
0101111100 0.018080 0.000319
1001111100 0.000023 0.000005
0111101010 0.001510 0.000226
1011001011 0.010947 0.000257
0000000001 0.000577 0.000043
1000000001 0.000071 0.000022
0100101000 0.002500 0.000080
1100001110 0.000559 0.000044
0110110000 0.001381 0.000155
1011100111 0.000846 0.000076
1111110010 0.001802 0.000135
0111101101 0.001767 0.000113
1011101111 0.000429 0.000078
0111100100 0.007378 0.000419
1011000111 0.006206 0.000396
0110110101 0.004927 0.000508
0011001001 0.002637 0.000261
0010000101 0.005811 0.000133
1000011111 0.004465 0.000093
0001000001 0.000639 0.000159
1001000011 0.002391 0.000146
1010011011 0.002150 0.000133
0111011001 0.001109 0.000157
0011011001 0.003497 0.000351
0110101111 0.000951 0.000179
1001011001 0.002595 0.000094
1001111010 0.000851 0.000016
1110111100 0.000362 0.000070
1011011111 0.003862 0.000308
0010111111 0.000079 0.000014
0111100101 0.003402 0.000127
1001011111 0.003965 0.000407
0111110001 0.002265 0.000265
1111111010 0.002886 0.000241
1001010111 0.001944 0.000148
0101111110 0.001995 0.000184
1011011011 0.010629 0.000986
0110000101 0.001757 0.000078
0110111100 0.009272 0.000047
1000111011 0.000276 0.000008
0000111001 0.000566 0.000139
1000101111 0.001031 0.000060
0111110101 0.005404 0.000040
1110101110 0.001200 0.000161
0110110110 0.002562 0.000204
1110000110 0.001123 0.000080
1011001001 0.000443 0.000070
1010001111 0.011578 0.000146
0111001001 0.000736 0.000122
1111010110 0.002594 0.000156
0110001010 0.000051 0.000013
1110001010 0.000123 0.000037
0000001111 0.000611 0.000097
1101111010 0.005113 0.000239
0000010111 0.000121 0.000057
1001001010 0.001564 0.000103
0111111011 0.000423 0.000117
0101101100 0.004332 0.000139
1101101111 0.000688 0.000067
0101011001 0.002030 0.000049
1101101010 0.002132 0.000268
1111100110 0.002542 0.000054
1001001111 0.003732 0.000190
0101101001 0.004418 0.000106
0010010000 0.000140 0.000055
1111100100 0.000151 0.000061
0111100110 0.002403 0.000324
1001101011 0.001886 0.000137
0001101001 0.001961 0.000082
1110100110 0.003409 0.000168
1010111110 0.000227 0.000040
0111110110 0.003359 0.000134
1010011111 0.004326 0.000287
0111111010 0.001712 0.000071
1010010110 0.002778 0.000183
0000110101 0.000421 0.000203
0100011101 0.000639 0.000111
0110000110 0.000304 0.000095
1011011010 0.002920 0.000303
1100011110 0.000571 0.000104
1110111110 0.001514 0.000108
1100111110 0.001652 0.000145
1100111111 0.000359 0.000068
1011001111 0.003464 0.000122
0111101100 0.003778 0.000105
1111011000 0.000439 0.000106
1000011010 0.001007 0.000121
1100011010 0.000202 0.000061
1101111000 0.001327 0.000126
0111111110 0.001316 0.000169
0111111111 0.000295 0.000082
1101101110 0.001544 0.000106
0101101110 0.001365 0.000277
0100101101 0.002746 0.000033
1111100111 0.001317 0.000057
1111110110 0.007568 0.000115
1111000110 0.000806 0.000043
1111110111 0.001574 0.000231
1011110111 0.001027 0.000145
1001010110 0.000450 0.000114
1101110100 0.000417 0.000093
0101100111 0.000353 0.000059
1001000111 0.001874 0.000094
0101111010 0.002941 0.000273
1101111110 0.003651 0.000152
0000100101 0.000621 0.000064
0100101001 0.001358 0.000069
1111001111 0.000429 0.000035
1010010010 0.000416 0.000049
1110110010 0.000180 0.000036
0000101001 0.001382 0.000163
1011111010 0.000399 0.000029
0100010101 0.000539 0.000096
1101011010 0.002248 0.000092
0100110110 0.000780 0.000093
0110101100 0.004318 0.000078
1111101011 0.000614 0.000100
0101011100 0.001333 0.000328
0000001100 0.000075 0.000042
1010111001 0.000026 0.000011
1111110100 0.001400 0.000181
0100101010 0.001110 0.000205
1111101111 0.000604 0.000052
1011010100 0.000147 0.000040
0011111101 0.000238 0.000058
1010100111 0.002600 0.000234
1110111101 0.000063 0.000027
1110111111 0.000317 0.000089
0010000001 0.001780 0.000183
1010000011 0.005883 0.000308
1000011011 0.003855 0.000195
0111101000 0.004390 0.000369
0010110101 0.001447 0.000261
1111111011 0.000579 0.000084
1001010011 0.002541 0.000177
0010101001 0.000673 0.000178
0110101001 0.000639 0.000046
0110100111 0.002382 0.000136
1000001101 0.000411 0.000086
1111000111 0.000915 0.000119
1000111111 0.000438 0.000029
0100111100 0.009146 0.000339
1111110101 0.000235 0.000057
1111011101 0.000149 0.000022
0000100001 0.000116 0.000035
1000000011 0.002049 0.000039
0010010001 0.000829 0.000161
1010010011 0.001407 0.000182
0111101001 0.002589 0.000162
1011001010 0.000860 0.000025
0010001001 0.002611 0.000080
0110011010 0.000014 0.000020
0001101011 0.000672 0.000019
0100101011 0.000595 0.000051
1011010001 0.000944 0.000161
1110110011 0.000025 0.000024
1110110000 0.000065 0.000024
0100111000 0.003371 0.000344
0001111001 0.002688 0.000193
0111110010 0.001160 0.000105
1011010101 0.000734 0.000235
1100001010 0.000309 0.000042
0100101110 0.001761 0.000168
0100001100 0.000428 0.000111
1000000110 0.000497 0.000092
1100100100 0.000050 0.000014
0000000111 0.000435 0.000087
0000101101 0.001060 0.000071
0011001101 0.000282 0.000070
0111100111 0.001225 0.000147
0100011000 0.000401 0.000018
0101100100 0.002246 0.000106
0010000000 0.000110 0.000004
1010000010 0.000428 0.000128
0000001011 0.001277 0.000034
1011111011 0.001018 0.000125
1111111000 0.000679 0.000127
0110101101 0.002566 0.000286
0110101110 0.001689 0.000181
1000011101 0.000560 0.000123
0101101011 0.001323 0.000133
0101110000 0.004510 0.000123
1101110000 0.000197 0.000036
1101010110 0.000715 0.000108
0101110101 0.001818 0.000176
1001011010 0.005388 0.000300
0101001001 0.001412 0.000401
0110101000 0.001674 0.000228
1010000101 0.000996 0.000083
0110000100 0.000964 0.000164
1111000010 0.000274 0.000058
0111000000 0.000304 0.000093
0111100011 0.000577 0.000082
0001011011 0.000521 0.000112
1000001001 0.000540 0.000076
0100111101 0.001917 0.000223
1101011110 0.001310 0.000243
1011010110 0.000992 0.000138
0001001011 0.001174 0.000202
1010000110 0.001801 0.000159
0011000101 0.000527 0.000120
1011010000 0.000305 0.000089
0101100110 0.000830 0.000102
1001100110 0.000034 0.000024
0001011000 0.001058 0.000023
0110010100 0.002237 0.000062
0111100000 0.003028 0.000345
1011100010 0.000075 0.000020
0110011101 0.000536 0.000061
0000001101 0.002481 0.000121
0111111101 0.002732 0.000369
0000010101 0.001013 0.000040
0110010101 0.001417 0.000150
0111101110 0.001251 0.000149
0111101111 0.000609 0.000084
0100100111 0.000827 0.000081
1110110111 0.000812 0.000090
0101000110 0.000029 0.000016
1110100111 0.001600 0.000145
1111101110 0.001400 0.000145
0010001111 0.000604 0.000131
0110111111 0.000230 0.000008
1000100111 0.000798 0.000035
1110000111 0.001047 0.000062
1101111111 0.000901 0.000189
1101011111 0.000612 0.000112
1101001011 0.000744 0.000093
0010011101 0.001379 0.000232
0000011101 0.001649 0.000202
0101001000 0.000860 0.000128
0101001011 0.000368 0.000077
0010110001 0.000232 0.000040
1111101010 0.001218 0.000125
1111111111 0.000781 0.000060
1110110101 0.000165 0.000034
1100010110 0.000566 0.000000
1100010100 0.000170 0.000038
0111110111 0.000641 0.000075
0110111000 0.001668 0.000193
1100011100 0.000220 0.000097
0100011100 0.000889 0.000135
1011111111 0.000494 0.000049
0111010000 0.001265 0.000077
0110110111 0.000587 0.000083
1101011100 0.000432 0.000068
0011000011 0.000349 0.000104
0011000001 0.001659 0.000124
1010110111 0.001178 0.000081
0001001000 0.000120 0.000033
1000111110 0.000185 0.000067
1100101111 0.000676 0.000167
0011110101 0.000506 0.000071
1000001110 0.000769 0.000042
0001011101 0.000544 0.000055
0111011101 0.000584 0.000129
1110010111 0.000592 0.000057
0010011001 0.001035 0.000093
1011011001 0.001327 0.000104
0001111101 0.000324 0.000020
1101111001 0.000210 0.000009
1010101101 0.000053 0.000045
0111101011 0.000689 0.000100
1011101011 0.000983 0.000053
0100001101 0.000738 0.000024
0101110011 0.000132 0.000015
1101001010 0.000874 0.000125
0101001010 0.000214 0.000038
1001001001 0.000869 0.000134
1110010110 0.001926 0.000210
0110001001 0.000246 0.000065
1111011100 0.000268 0.000025
0100101111 0.000809 0.000136
1010001001 0.000349 0.000093
1000010011 0.000476 0.000101
0000010001 0.000196 0.000111
1010011101 0.000550 0.000077
0111011000 0.002005 0.000222
0101111011 0.000854 0.000110
0010100101 0.002455 0.000177
0100110101 0.001527 0.000229
0101100000 0.001165 0.000024
1001000001 0.000148 0.000068
1110111010 0.000209 0.000035
0110111010 0.000245 0.000052
1010011010 0.000651 0.000126
1100011111 0.000259 0.000017
0101100101 0.001036 0.000074
1011110011 0.000610 0.000048
1111110011 0.000496 0.000070
0110100010 0.000319 0.000043
1010100011 0.000394 0.000023
1110100011 0.000148 0.000012
0010000011 0.000405 0.000012
0101111101 0.002949 0.000094
0011101001 0.001053 0.000170
0110010010 0.000009 0.000013
1101101011 0.000976 0.000134
0011001011 0.000608 0.000103
1111001010 0.000397 0.000135
0111000001 0.000414 0.000063
1010011000 0.000071 0.000029
0110001101 0.000650 0.000020
0111010111 0.000149 0.000026
1010011001 0.000233 0.000058
0101001110 0.000090 0.000041
1101001110 0.000511 0.000065
1110000100 0.000130 0.000037
0001000101 0.000188 0.000007
1110101111 0.000584 0.000110
1011110001 0.000079 0.000008
0011110001 0.000889 0.000210
0100100110 0.001147 0.000202
1100100111 0.000480 0.000039
1101101101 0.000059 0.000028
0010001100 0.000064 0.000021
1010001110 0.000573 0.000053
1001000010 0.000096 0.000011
1010000100 0.000038 0.000031
0110011000 0.000313 0.000069
0011111011 0.000218 0.000110
1101010010 0.000340 0.000047
0110100000 0.001024 0.000106
1000011000 0.000164 0.000070
1100011000 0.000069 0.000020
0100110000 0.000524 0.000104
1101011000 0.000694 0.000127
0100001000 0.000303 0.000048
0001110001 0.000283 0.000083
0000011100 0.000262 0.000029
1011111001 0.000123 0.000013
1101111100 0.000646 0.000045
0010110100 0.000281 0.000095
1000011110 0.001109 0.000154
1000101011 0.001295 0.000154
1110011001 0.000006 0.000004
1100111010 0.000444 0.000073
1100111000 0.000105 0.000021
0010110111 0.000115 0.000043
0100010100 0.000832 0.000096
1001100011 0.000265 0.000089
0101000001 0.000125 0.000046
0111000101 0.000602 0.000089
1101100110 0.000919 0.000104
1111010111 0.001193 0.000070
1010100110 0.000359 0.000038
0111110011 0.000295 0.000063
0110011100 0.000785 0.000097
0100111001 0.000692 0.000062
0011011011 0.000223 0.000023
0111000100 0.000540 0.000175
1000010101 0.000400 0.000022
1011110110 0.000275 0.000058
0110111110 0.001010 0.000114
1010011110 0.000901 0.000218
0010100111 0.000926 0.000195
0001111000 0.000515 0.000075
1110011010 0.000090 0.000057
1000011001 0.000652 0.000053
1000110111 0.000395 0.000112
0000111000 0.000282 0.000021
1010010001 0.000154 0.000019
1011000010 0.000461 0.000055
1101110110 0.001982 0.000314
0000000100 0.000030 0.000025
0010001101 0.002332 0.000220
0111001000 0.000508 0.000065
0000000011 0.000132 0.000052
0100000010 0.000021 0.000019
1000001010 0.000896 0.000199
0010100001 0.000537 0.000042
0000011001 0.002000 0.000291
1101010011 0.000114 0.000029
0101110001 0.000746 0.000125
1010110100 0.000080 0.000024
0100000111 0.000145 0.000054
0000101111 0.000380 0.000048
0001101101 0.000217 0.000017
1111010010 0.000802 0.000119
1001001101 0.000117 0.000019
0111010001 0.000703 0.000066
1010100010 0.000043 0.000030
1001010010 0.000591 0.000091
1110001110 0.000477 0.000040
0110001100 0.000423 0.000016
1111011110 0.001218 0.000191
0111011100 0.001192 0.000028
0101101010 0.002822 0.000322
0101101111 0.000744 0.000026
1111010000 0.000320 0.000056
1110100010 0.000253 0.000074
1001010101 0.000228 0.000068
0101100001 0.000682 0.000013
1110101011 0.000175 0.000013
1110100100 0.000170 0.000044
1001111011 0.001696 0.000273
0110100001 0.000542 0.000029
1101010111 0.000403 0.000051
0101110110 0.000991 0.000186
1100110100 0.000232 0.000097
1000101001 0.000081 0.000042
1010001000 0.000033 0.000020
0010101000 0.000046 0.000022
0101011101 0.000662 0.000089
0100000100 0.000372 0.000092
1010101110 0.000076 0.000007
0110000111 0.000398 0.000066
1101110111 0.000460 0.000106
0101011110 0.000097 0.000038
0111001011 0.000175 0.000033
1000110110 0.000132 0.000015
1100111100 0.000418 0.000060
0100110010 0.000037 0.000037
1100110010 0.000068 0.000042
0001010101 0.000318 0.000076
0101011010 0.000251 0.000049
0110010000 0.000205 0.000071
0101011011 0.000157 0.000040
1110010101 0.000172 0.000023
1001010100 0.000077 0.000037
1001111110 0.000103 0.000038
1001111111 0.000517 0.000037
0010010100 0.000361 0.000114
1001111000 0.000123 0.000019
0100100010 0.000161 0.000072
1100100010 0.000112 0.000032
1101100111 0.000390 0.000095
0100001001 0.000420 0.000028
1001101010 0.000264 0.000066
1101000011 0.000094 0.000013
0011100111 0.000092 0.000057
1110100000 0.000012 0.000004
1110000001 0.000006 0.000005
1100101100 0.000093 0.000056
1001110010 0.000088 0.000018
1001011110 0.000739 0.000103
1111010100 0.000427 0.000031
1101000100 0.000022 0.000026
1101000110 0.000271 0.000019
0000111101 0.000536 0.000006
0000100000 0.000019 0.000026
0110101010 0.000557 0.000145
1100101101 0.000048 0.000013
1100000110 0.000418 0.000075
1001010001 0.000268 0.000005
0000111111 0.000129 0.000035
0010100011 0.000112 0.000034
1111100011 0.000404 0.000067
1110011110 0.000546 0.000076
1110010100 0.000448 0.000046
1110101010 0.000355 0.000053
0011111000 0.000259 0.000102
1011101001 0.000017 0.000015
1010110101 0.000133 0.000070
0110110011 0.000063 0.000031
0011011010 0.000039 0.000015
0110000010 0.000067 0.000039
1110011111 0.000221 0.000071
0010011000 0.000200 0.000043
0110111001 0.000312 0.000045
0100010111 0.000036 0.000017
0010111101 0.000458 0.000184
1000000101 0.000267 0.000079
1000000010 0.000143 0.000024
0010010111 0.000337 0.000036
1010110011 0.000182 0.000073
1111001011 0.000433 0.000128
1011001101 0.000083 0.000012
0101001101 0.000533 0.000034
1111100010 0.000948 0.000071
0100110111 0.000140 0.000060
1001100111 0.000381 0.000101
1011000001 0.000276 0.000059
1100110111 0.000285 0.000079
1111001110 0.000270 0.000066
1101101000 0.000130 0.000030
0010100100 0.000083 0.000015
1110011000 0.000051 0.000050
0111000111 0.000188 0.000021
0101100011 0.000220 0.000036
0011100000 0.000052 0.000006
0101010100 0.000740 0.000042
1111110000 0.000489 0.000084
0101000101 0.000237 0.000028
0101000100 0.000176 0.000038
1111000011 0.000263 0.000052
1001110110 0.000115 0.000049
1101110010 0.000756 0.000166
1010111011 0.000230 0.000005
0110100011 0.000234 0.000029
0010101111 0.000306 0.000040
0111010010 0.000153 0.000008
0011010000 0.000258 0.000042
1101100010 0.000336 0.000052
1001100010 0.000052 0.000019
1101110011 0.000140 0.000038
1010000001 0.000147 0.000080
1111011001 0.000115 0.000027
1010001101 0.000274 0.000058
0101010101 0.000307 0.000054
0000001010 0.000039 0.000037
0110000001 0.000213 0.000069
0010101011 0.000280 0.000053
1010101011 0.000607 0.000017
1000101010 0.000119 0.000033
1110001111 0.000426 0.000081
0000101011 0.000434 0.000049
0110010111 0.000088 0.000040
1101010100 0.000156 0.000037
1101100011 0.000150 0.000073
1100101001 0.000021 0.000008
1111101000 0.000094 0.000060
1111100101 0.000080 0.000036
0101111111 0.000330 0.000023
0001110101 0.000228 0.000015
0110101011 0.000304 0.000083
0110000011 0.000068 0.000033
1110001100 0.000022 0.000009
1011110010 0.000252 0.000076
1000010100 0.000117 0.000014
0100100000 0.000392 0.000100
1111010001 0.000097 0.000010
0010011011 0.000058 0.000022
0110000000 0.000109 0.000045
1111011111 0.000503 0.000074
1111111001 0.000202 0.000045
1010001010 0.000562 0.000044
1000100011 0.000143 0.000074
1100111101 0.000108 0.000007
1011011101 0.000441 0.000086
0010000100 0.000150 0.000022
1110001011 0.000053 0.000011
1110001001 0.000010 0.000005
1111111100 0.000657 0.000054
0110001111 0.000165 0.000056
1101000111 0.000286 0.000037
1100110011 0.000007 0.000010
0000011000 0.000464 0.000120
0011010101 0.000857 0.000120
0001011111 0.000018 0.000006
1000100010 0.000021 0.000008
1001110111 0.000283 0.000061
0100111111 0.000177 0.000048
0111001101 0.000298 0.000039
0111001010 0.000075 0.000022
1101001111 0.000476 0.000060
1001011101 0.000429 0.000088
0001010001 0.000696 0.000138
0100001010 0.000082 0.000031
0110010110 0.000145 0.000012
0011101101 0.000251 0.000041
1100001100 0.000071 0.000060
0011110111 0.000058 0.000023
1111111101 0.000125 0.000083
0000100111 0.000245 0.000040
0100000001 0.000087 0.000027
0011100001 0.000642 0.000134
1101100000 0.000034 0.000012
0100011001 0.000235 0.000022
0101100010 0.000330 0.000062
1101011001 0.000267 0.000010
1111100000 0.000054 0.000041
0101010000 0.000547 0.000054
0001001111 0.000056 0.000034
1111000001 0.000054 0.000012
0110001000 0.000167 0.000029
1101100001 0.000018 0.000013
0100000101 0.000612 0.000114
0100111011 0.000115 0.000040
0000010100 0.000124 0.000015
1010011100 0.000206 0.000035
0011011000 0.000473 0.000028
1000010001 0.000046 0.000020
1000101110 0.000194 0.000047
0111011110 0.000098 0.000051
0010111001 0.000219 0.000089
1100010101 0.000073 0.000043
0010111100 0.000074 0.000010
1010110110 0.000522 0.000061
0011110000 0.000197 0.000039
1011110000 0.000043 0.000034
0100111010 0.000439 0.000088
0101110010 0.000295 0.000032
0001100001 0.000189 0.000062
1111010011 0.000259 0.000068
1011110101 0.000087 0.000010
0100000110 0.000085 0.000008
0111011010 0.000128 0.000035
1110010010 0.000095 0.000025
1011000110 0.000167 0.000025
1001101001 0.000058 0.000012
1100011011 0.000055 0.000017
0110110001 0.000315 0.000044
1001000101 0.000063 0.000023
0101010010 0.000029 0.000021
0100001011 0.000101 0.000044
0001011010 0.000044 0.000023
1010111010 0.000055 0.000016
1100011101 0.000053 0.000032
0101001100 0.000260 0.000062
1010010100 0.000370 0.000009
0001001101 0.000411 0.000051
0011100101 0.000337 0.000102
0011100011 0.000253 0.000074
0000011111 0.000146 0.000074
1111110001 0.000115 0.000009
0001110000 0.000073 0.000037
1101111101 0.000121 0.000039
1100010111 0.000147 0.000016
1001110011 0.000208 0.000028
1010001100 0.000026 0.000013
0001100111 0.000041 0.000030
0010011111 0.000079 0.000044
0111001100 0.000222 0.000007
0110011001 0.000150 0.000043
0000100011 0.000045 0.000025
0100100011 0.000042 0.000007
0011001000 0.000086 0.000021
0101010111 0.000023 0.000017
1101001101 0.000052 0.000024
1000101101 0.000032 0.000001
0001111011 0.000270 0.000132
1110010000 0.000018 0.000018
0011101011 0.000341 0.000027
1100001011 0.000188 0.000057
1110000011 0.000043 0.000021
0101010001 0.000290 0.000075
1011111000 0.000066 0.000027
0100010000 0.000063 0.000004
1101000001 0.000033 0.000014
1001011100 0.000048 0.000014
0011011101 0.000393 0.000113
0001010110 0.000002 0.000003
0000001000 0.000207 0.000087
1110100101 0.000114 0.000043
1011000101 0.000173 0.000020
1011011100 0.000096 0.000058
0101110111 0.000193 0.000019
0101011111 0.000035 0.000005
1011111101 0.000047 0.000020
1000001100 0.000009 0.000006
0110111011 0.000083 0.000028
0010011100 0.000157 0.000043
1000010110 0.000895 0.000076
0000011011 0.000154 0.000022
1110001000 0.000015 0.000010
1000111010 0.000152 0.000026
1101000010 0.000136 0.000039
0011010011 0.000123 0.000013
1111101001 0.000066 0.000047
1000111101 0.000092 0.000031
0101000111 0.000029 0.000015
1000110011 0.000035 0.000023
0011111010 0.000034 0.000020
1100011001 0.000014 0.000014
0011101000 0.000039 0.000010
0100001111 0.000189 0.000039
0000010000 0.000034 0.000029
1011110100 0.000025 0.000010
0011110100 0.000033 0.000025
0011100100 0.000038 0.000009
1100111011 0.000084 0.000048
0010001000 0.000133 0.000037
0000110100 0.000085 0.000051
1011011000 0.000462 0.000140
0110110010 0.000121 0.000060
1011101010 0.000126 0.000025
1011100001 0.000038 0.000025
0010110000 0.000027 0.000015
0100001110 0.000123 0.000041
0110001110 0.000100 0.000055
0100110001 0.000130 0.000015
0111010110 0.000166 0.000058
0111010011 0.000065 0.000023
1100101000 0.000061 0.000006
1111000000 0.000030 0.000033
1101001000 0.000036 0.000012
1010100001 0.000026 0.000026
1001110100 0.000018 0.000011
1100101011 0.000263 0.000061
0011011111 0.000026 0.000032
0001010010 0.000006 0.000005
1111101100 0.000064 0.000019
0010111000 0.000075 0.000026
1000010010 0.000120 0.000042
1001111001 0.000164 0.000050
1100000100 0.000044 0.000007
1001110000 0.000018 0.000014
1001101110 0.000039 0.000028
1110101101 0.000051 0.000002
0001010011 0.000097 0.000019
1101100100 0.000046 0.000018
0101001111 0.000067 0.000022
1001001110 0.000150 0.000078
1000100101 0.000033 0.000018
1110010001 0.000028 0.000015
0011111111 0.000046 0.000026
0011011100 0.000029 0.000012
0000101110 0.000013 0.000019
0110001011 0.000054 0.000031
1110001101 0.000065 0.000039
1101010001 0.000050 0.000008
0011000111 0.000139 0.000044
1110011101 0.000078 0.000023
0110011110 0.000028 0.000005
0100100001 0.000159 0.000059
1100001000 0.000014 0.000010
1010110010 0.000025 0.000007
0010001110 0.000006 0.000010
1010100101 0.000085 0.000051
0111000110 0.000083 0.000033
1000111100 0.000007 0.000006
0001101111 0.000063 0.000010
1111101101 0.000038 0.000019
0100010011 0.000008 0.000011
0011110011 0.000046 0.000008
0011000000 0.000066 0.000009
0111001110 0.000044 0.000027
1111010101 0.000159 0.000039
1101011101 0.000130 0.000049
1101010000 0.000070 0.000012
0100011110 0.000028 0.000006
0010100000 0.000030 0.000021
0010100110 0.000023 0.000012
1110000010 0.000138 0.000031
1001110001 0.000029 0.000021
1100001001 0.000036 0.000025
0000101000 0.000090 0.000027
1110000101 0.000114 0.000052
1111001100 0.000023 0.000024
1110011100 0.000116 0.000038
1111000100 0.000065 0.000025
0101000000 0.000119 0.000026
1100100011 0.000067 0.000006
1100111001 0.000030 0.000000
0100000000 0.000010 0.000007
1101110001 0.000031 0.000006
1010110001 0.000030 0.000025
1110100001 0.000023 0.000011
0011010100 0.000081 0.000022
1111001101 0.000020 0.000017
0000101010 0.000014 0.000010
1000111000 0.000010 0.000014
0001100101 0.000082 0.000039
0001010000 0.000115 0.000045
0000111011 0.000068 0.000021
1100110101 0.000032 0.000017
1101101100 0.000081 0.000050
0111001111 0.000068 0.000061
1010101010 0.000049 0.000027
1010101001 0.000033 0.000015
0011000110 0.000003 0.000004
1110111011 0.000060 0.000022
0011101010 0.000018 0.000006
1011100110 0.000082 0.000020
0011010111 0.000077 0.000023
0011000100 0.000022 0.000021
0001010111 0.000022 0.000023
0001010100 0.000045 0.000012
0111000011 0.000153 0.000051
1100000011 0.000031 0.000003
1100000010 0.000055 0.000035
0001000011 0.000084 0.000035
0000101100 0.000040 0.000011
1011111100 0.000018 0.000012
0001101010 0.000020 0.000005
0000110001 0.000117 0.000053
0011001100 0.000023 0.000002
1111000101 0.000065 0.000054
0001111111 0.000032 0.000011
1011111110 0.000099 0.000044
0010011010 0.000001 0.000001
1000111001 0.000031 0.000012
0011000010 0.000004 0.000006
0000100110 0.000006 0.000008
0010110110 0.000003 0.000008
1101110101 0.000058 0.000013
0100010110 0.000070 0.000045
0011101100 0.000010 0.000014
0111011011 0.000065 0.000024
0101010011 0.000034 0.000037
0001001010 0.000066 0.000035
0000100010 0.000006 0.000009
1101000101 0.000008 0.000006
0010100010 0.000025 0.000019
0001011100 0.000045 0.000020
0010000110 0.000042 0.000013
1011001100 0.000003 0.000004
1110111000 0.000045 0.000009
1110101100 0.000075 0.000029
1001010000 0.000088 0.000033
0010011110 0.000023 0.000016
1100001101 0.000041 0.000026
1101001001 0.000066 0.000015
0000010110 0.000009 0.000013
1001000110 0.000106 0.000048
0010000010 0.000023 0.000022
0100011111 0.000036 0.000023
0011110010 0.000020 0.000018
1110010011 0.000024 0.000031
1100100000 0.000006 0.000004
1000100001 0.000023 0.000025
1000110101 0.000025 0.000011
1010111101 0.000060 0.000043
1011000100 0.000018 0.000004
0111000010 0.000046 0.000034
0010101010 0.000019 0.000007
1100000000 0.000010 0.000014
0011101111 0.000048 0.000014
0110011011 0.000017 0.000006
1110011011 0.000044 0.000002
0010010011 0.000047 0.000026
0001100011 0.000083 0.000012
1011001000 0.000010 0.000013
1010010000 0.000040 0.000027
1110101001 0.000018 0.000012
0000110000 0.000003 0.000004
1000000100 0.000011 0.000015
0011010010 0.000029 0.000012
1101010101 0.000077 0.000012
1111001001 0.000040 0.000030
1001101101 0.000019 0.000016
1010111100 0.000019 0.000018
0011001111 0.000034 0.000012
0011111100 0.000028 0.000003
1101100101 0.000004 0.000002
1101001100 0.000034 0.000020
0010101100 0.000062 0.000017
0100000011 0.000025 0.000009
1100100101 0.000091 0.000040
0100010001 0.000009 0.000007
0100011010 0.000029 0.000026
1000110010 0.000011 0.000014
1100110000 0.000015 0.000011
1001110101 0.000016 0.000007
0101010110 0.000047 0.000029
0000110011 0.000032 0.000022
0001101000 0.000076 0.000046
0001110010 0.000026 0.000004
1011101110 0.000026 0.000020
1100010010 0.000030 0.000036
0000000000 0.000018 0.000008
1001111101 0.000046 0.000024
0000111100 0.000065 0.000030
0110011111 0.000035 0.000012
1010100100 0.000010 0.000014
1011100101 0.000010 0.000008
0000100100 0.000019 0.000014
1101000000 0.000003 0.000005
0000001110 0.000024 0.000017
0010111010 0.000010 0.000014
1111100001 0.000016 0.000012
0100110011 0.000002 0.000003
1001101000 0.000009 0.000006
1100000101 0.000014 0.000019
0001110011 0.000012 0.000017
1010000000 0.000017 0.000012
0001000111 0.000027 0.000025
0010010110 0.000016 0.000016
0001111010 0.000058 0.000043
0001000000 0.000004 0.000006
1100010011 0.000005 0.000006
1000101000 0.000010 0.000018
0000010011 0.000009 0.000002
0101000011 0.000027 0.000023
0000000010 0.000010 0.000014
1000001000 0.000032 0.000025
0010110010 0.000007 0.000010
0000011110 0.000017 0.000024
0000011010 0.000018 0.000025
0001110111 0.000013 0.000018
0001111100 0.000036 0.000030
0001100000 0.000019 0.000027
0010101110 0.000011 0.000016
1110101000 0.000026 0.000020
1011101101 0.000027 0.000026
0100011011 0.000012 0.000012
1111001000 0.000050 0.000038
0011001010 0.000020 0.000014
0100010010 0.000017 0.000013
0111011111 0.000044 0.000041
0010111011 0.000017 0.000012
0000111110 0.000004 0.000005
1100110001 0.000016 0.000012
0010010010 0.000009 0.000013
0010001010 0.000009 0.000007
1011000000 0.000017 0.000019
1000010000 0.000010 0.000014
1100010001 0.000010 0.000014
1110111001 0.000021 0.000015
1110000000 0.000003 0.000005
1100100001 0.000010 0.000014
0110010011 0.000007 0.000010
1001001000 0.000006 0.000009
0000110110 0.000009 0.000012
0000110010 0.000010 0.000014
1100010000 0.000004 0.000006
1000100100 0.000010 0.000014
0101000010 0.000005 0.000007
1000110001 0.000008 0.000011
0010110011 0.000020 0.000028
1000110100 0.000005 0.000007
1001000000 0.000010 0.000014
1001100001 0.000010 0.000014
