0001101 0.044614 0.001272
1100111 0.007290 0.000317
1000010 0.062284 0.002069
1000000 0.031490 0.000438
0000011 0.000760 0.000117
0011101 0.062433 0.001119
1011011 0.000397 0.000038
1100011 0.022870 0.000449
1100010 0.063585 0.000412
0111110 0.024855 0.000739
1110010 0.074380 0.002182
0111100 0.019964 0.001048
0001100 0.032202 0.000962
1000001 0.010491 0.000428
1111010 0.003910 0.000053
0111001 0.001931 0.000284
0111101 0.076603 0.001243
1101100 0.002113 0.000314
1001000 0.002563 0.000326
0111111 0.057536 0.001665
1000111 0.001827 0.000239
1110001 0.005292 0.000559
1000101 0.004222 0.000249
1110011 0.046969 0.001778
1011101 0.002655 0.000245
0111010 0.008637 0.000558
1110101 0.004355 0.000266
1001101 0.004583 0.000353
1000011 0.014080 0.000721
0010000 0.000235 0.000089
0101100 0.009217 0.000075
1001100 0.006433 0.000515
0110111 0.004958 0.000237
1001010 0.003955 0.000686
1000110 0.002442 0.000249
1110111 0.015612 0.000560
1100000 0.012268 0.000279
1011100 0.001382 0.000049
0011010 0.004439 0.000186
1010000 0.003452 0.000715
0011100 0.019760 0.000886
0001001 0.000893 0.000190
0101010 0.002324 0.000179
1010100 0.000427 0.000191
1000100 0.003198 0.000115
1111011 0.002234 0.000172
1100001 0.005844 0.000468
0101111 0.008036 0.000716
1101101 0.002230 0.000409
1010010 0.023203 0.000365
1010001 0.003046 0.000162
1110000 0.004110 0.000194
1100100 0.003006 0.000242
0101110 0.006377 0.000371
0011110 0.007834 0.000457
0000001 0.000678 0.000028
0111000 0.001093 0.000081
0001011 0.000973 0.000131
0101101 0.015556 0.000590
1100101 0.003835 0.000027
0110001 0.000898 0.000159
0010010 0.001102 0.000117
1110100 0.001362 0.000300
0110110 0.000537 0.000169
0111011 0.008500 0.000446
1101111 0.002369 0.000112
1101010 0.002832 0.000190
1110110 0.006744 0.000224
0011111 0.007898 0.000711
0101011 0.001542 0.000103
1011010 0.002018 0.000195
0110011 0.006684 0.000641
1111111 0.006532 0.000510
0101000 0.000479 0.000063
1101110 0.002155 0.000094
1111100 0.001580 0.000256
0110101 0.001804 0.000214
1111101 0.003585 0.000337
0110010 0.003672 0.000285
1100110 0.005602 0.000547
0100111 0.000694 0.000238
0011011 0.001563 0.000188
1101001 0.000335 0.000145
0001111 0.004185 0.000406
0001010 0.004990 0.000326
0001110 0.005512 0.000307
0011000 0.002327 0.000228
0100000 0.000203 0.000053
1001110 0.001667 0.000150
1010101 0.001493 0.000203
1111110 0.003756 0.000260
0100101 0.000612 0.000069
1101011 0.000792 0.000164
0001000 0.004289 0.000281
1010111 0.000935 0.000039
1010011 0.007825 0.000428
0100010 0.000985 0.000192
1001011 0.000715 0.000035
0100110 0.000155 0.000071
0100100 0.000063 0.000056
0011001 0.001462 0.000233
0000101 0.001157 0.000204
0010101 0.000842 0.000156
0100011 0.001341 0.000323
1001111 0.001042 0.000151
1001001 0.000445 0.000170
0100001 0.000431 0.000101
0000000 0.000478 0.000123
1010110 0.000855 0.000311
1111000 0.000296 0.000054
1111001 0.000320 0.000062
0010001 0.000628 0.000079
1011110 0.000773 0.000122
1011111 0.000498 0.000150
0010011 0.000900 0.000152
0000010 0.000940 0.000048
0101001 0.000422 0.000017
0010100 0.000039 0.000052
1101000 0.000450 0.000081
1011001 0.000301 0.000125
1011000 0.000481 0.000135
0000111 0.000345 0.000100
0110000 0.000210 0.000134
0000110 0.000052 0.000048
0000100 0.000054 0.000036
0010110 0.000054 0.000071
0010111 0.000217 0.000006
0110100 0.000034 0.000023
