11111111 0.013514 0.000680
11010011 0.004254 0.000378
00101001 0.002316 0.000370
00000011 0.015578 0.000308
11111101 0.017125 0.000313
01101111 0.014290 0.000641
10111100 0.089353 0.001674
01000111 0.012581 0.000320
10111101 0.055069 0.002131
01000010 0.030047 0.000863
11111100 0.031915 0.000618
11101111 0.010257 0.000058
10010011 0.003925 0.000641
01000011 0.053429 0.001112
00010110 0.003601 0.000087
10111011 0.002086 0.000060
01100010 0.000746 0.000199
10111111 0.048066 0.000389
01011011 0.003017 0.000219
01101100 0.002165 0.000184
00100111 0.001925 0.000223
01010010 0.019867 0.001372
00101101 0.004404 0.000291
00101111 0.021952 0.000457
11000111 0.002890 0.000181
00010011 0.021107 0.001404
00111111 0.009088 0.000816
01000000 0.063434 0.001401
10010110 0.003173 0.000322
01000001 0.015672 0.000568
01101101 0.003694 0.000072
01100000 0.003762 0.000110
01010110 0.004606 0.000614
11010000 0.008365 0.000209
10111110 0.012857 0.000815
01001010 0.000954 0.000215
01000100 0.005103 0.000215
01010011 0.023919 0.000647
01111001 0.000290 0.000023
11010111 0.004397 0.000490
00000010 0.005285 0.000127
00010010 0.014402 0.000212
01000110 0.006925 0.000204
00100011 0.001079 0.000172
00000110 0.001438 0.000051
00001011 0.003022 0.000098
10101111 0.020590 0.001403
01100001 0.001868 0.000187
10010111 0.003720 0.000318
01101000 0.002002 0.000150
01111100 0.000217 0.000093
01001011 0.006094 0.000069
10111000 0.017536 0.000898
00011001 0.000513 0.000133
01001001 0.004528 0.000416
11100111 0.000994 0.000133
10111001 0.009637 0.000244
11000000 0.009614 0.000646
11110100 0.001544 0.000108
00111110 0.001140 0.000033
10101110 0.001964 0.000043
11101101 0.007787 0.000161
10110100 0.001445 0.000024
01010111 0.006044 0.000281
11111000 0.006962 0.000402
10010010 0.003061 0.000320
11101100 0.010018 0.000067
01101001 0.003235 0.000337
01000101 0.001536 0.000207
01100110 0.000979 0.000042
11011111 0.000937 0.000302
11111110 0.004247 0.000137
11101000 0.001758 0.000049
11010100 0.002684 0.000176
01001111 0.001528 0.000172
01100111 0.003466 0.000352
00011111 0.001593 0.000113
11010110 0.003933 0.000502
11011110 0.000319 0.000038
11010010 0.004029 0.000367
10101101 0.011792 0.000393
10010100 0.001811 0.000327
11000110 0.001745 0.000096
11000100 0.003300 0.000171
01001101 0.000450 0.000068
10000000 0.001168 0.000103
10010000 0.005485 0.000396
00110111 0.000703 0.000245
00010111 0.005069 0.000131
00001000 0.000609 0.000193
01111111 0.003226 0.000085
10101100 0.011550 0.000085
01011010 0.000995 0.000034
00100100 0.000235 0.000078
11101001 0.001252 0.000124
10110111 0.000557 0.000122
00010000 0.003398 0.000281
00000100 0.000569 0.000068
01101011 0.004039 0.000162
00000000 0.008508 0.000335
11100001 0.000406 0.000088
10011111 0.001784 0.000073
11101110 0.001306 0.000133
11100000 0.001470 0.000146
11110000 0.001446 0.000167
10011011 0.001016 0.000157
00011011 0.003713 0.000356
01010001 0.001134 0.000142
01111011 0.001459 0.000283
11111001 0.003683 0.000226
10011000 0.001845 0.000054
01100011 0.003680 0.000199
01001000 0.002763 0.000239
00111011 0.003607 0.000208
00000111 0.003762 0.000078
00010001 0.000859 0.000035
11011101 0.000376 0.000017
00000001 0.002980 0.000301
01101110 0.001098 0.000068
01100101 0.000498 0.000089
10111010 0.000590 0.000091
10000011 0.000863 0.000186
11000011 0.002282 0.000262
11100100 0.002063 0.000126
11000101 0.000693 0.000139
01010000 0.005853 0.000241
01111010 0.000356 0.000153
00011010 0.000989 0.000022
01111101 0.000272 0.000034
00101000 0.000929 0.000151
00101011 0.003789 0.000123
00100000 0.000511 0.000119
00111001 0.000554 0.000078
10011001 0.001025 0.000191
11011011 0.000789 0.000043
01110111 0.000653 0.000091
10110000 0.000867 0.000121
00111000 0.000487 0.000114
11011100 0.000664 0.000125
11000001 0.001147 0.000108
11000010 0.001569 0.000140
00010100 0.000309 0.000070
00001001 0.001438 0.000185
11100110 0.000373 0.000063
10001111 0.000393 0.000011
01110011 0.000974 0.000059
00001111 0.001014 0.000153
11001100 0.000355 0.000057
00011000 0.000370 0.000089
11011001 0.000604 0.000180
00001100 0.000092 0.000038
01101010 0.000363 0.000075
10110110 0.000396 0.000070
00101100 0.001987 0.000200
01001100 0.000289 0.000062
10100100 0.000782 0.000082
11010001 0.000852 0.000109
00111101 0.000662 0.000072
01100100 0.001121 0.000090
01110010 0.000430 0.000052
11011000 0.001212 0.000199
10101000 0.000924 0.000025
10010001 0.000567 0.000157
00111010 0.000520 0.000148
00101110 0.001027 0.000144
01110110 0.000296 0.000049
01001110 0.000245 0.000045
11001101 0.000172 0.000031
10100111 0.000711 0.000016
11001001 0.000464 0.000127
11001000 0.000556 0.000055
11100011 0.000218 0.000076
01010100 0.000572 0.000060
10001011 0.000159 0.000074
10101001 0.001342 0.000180
11110101 0.000274 0.000058
10110010 0.000134 0.000073
11001111 0.000420 0.000211
11100101 0.000384 0.000053
01011110 0.000264 0.000075
10011110 0.000813 0.000141
11111011 0.000932 0.000059
10000111 0.000924 0.000092
11110111 0.000947 0.000183
11001010 0.000067 0.000051
10000100 0.000600 0.000076
11110110 0.000457 0.000134
11001011 0.000261 0.000056
10011101 0.000464 0.000058
11111010 0.000197 0.000051
10001100 0.000088 0.000071
10100101 0.000289 0.000024
10011100 0.000941 0.000180
00011110 0.000385 0.000168
10000110 0.000693 0.000030
00001010 0.000259 0.000071
00110000 0.000086 0.000044
11110010 0.000151 0.000015
11101011 0.000448 0.000091
00110110 0.000151 0.000033
01011001 0.000333 0.000067
10110101 0.000285 0.000111
10101011 0.000407 0.000065
01011000 0.000433 0.000162
11110001 0.000265 0.000047
00100101 0.000109 0.000043
11010101 0.000375 0.000053
00111100 0.000308 0.000051
01110100 0.000066 0.000036
01011111 0.000847 0.000256
01011100 0.000066 0.000018
01110000 0.000248 0.000068
10000010 0.000307 0.000076
00110011 0.000482 0.000040
00000101 0.000293 0.000039
00010101 0.000090 0.000047
10001000 0.000175 0.000034
10001001 0.000169 0.000118
01111110 0.000308 0.000109
10001110 0.000037 0.000033
11011010 0.000255 0.000054
10011010 0.000491 0.000095
00100010 0.000120 0.000077
00100001 0.000384 0.000027
10000001 0.000368 0.000035
10110011 0.000182 0.000058
10010101 0.000207 0.000086
00101010 0.000172 0.000050
10100001 0.000078 0.000061
00011101 0.000074 0.000032
11110011 0.000259 0.000052
01111000 0.000326 0.000101
11100010 0.000102 0.000017
10110001 0.000175 0.000052
10100000 0.000279 0.000066
00001110 0.000177 0.000117
01110101 0.000029 0.000021
01110001 0.000066 0.000036
10100010 0.000043 0.000036
00110010 0.000148 0.000040
00011100 0.000106 0.000053
01010101 0.000078 0.000028
00001101 0.000179 0.000038
11001110 0.000076 0.000023
01011101 0.000041 0.000001
10000101 0.000100 0.000056
10100110 0.000085 0.000014
10100011 0.000107 0.000015
00100110 0.000144 0.000116
11101010 0.000024 0.000030
10001101 0.000170 0.000010
00110100 0.000063 0.000047
00110101 0.000014 0.000018
10001010 0.000050 0.000013
10101010 0.000032 0.000024
00110001 0.000015 0.000022
