111100 0.051904 0.000310
001011 0.133017 0.001197
010001 0.020611 0.000253
001010 0.012953 0.000236
110100 0.128286 0.001226
000101 0.016677 0.000484
101111 0.036228 0.001769
111111 0.019739 0.001143
000011 0.034068 0.001839
011000 0.017627 0.000968
001111 0.030115 0.001372
011011 0.013518 0.000309
000001 0.091322 0.003177
010000 0.012300 0.000353
111110 0.077884 0.001187
110001 0.010962 0.000332
111010 0.013106 0.001058
111000 0.010176 0.000218
110101 0.026256 0.001612
110000 0.024164 0.000548
100111 0.018405 0.001145
110110 0.031660 0.000894
011010 0.010325 0.000626
101011 0.020076 0.000681
001001 0.014581 0.000951
100011 0.010485 0.000556
