00010011 0.034068 0.000254
10100100 0.012301 0.000714
00011001 0.010379 0.000187
10100110 0.047489 0.000907
11111101 0.010351 0.000152
10000110 0.023021 0.000978
01101001 0.052448 0.000550
11101101 0.016876 0.000337
00000010 0.023899 0.000401
11101110 0.010121 0.000277
01010011 0.051937 0.000979
01000010 0.012551 0.000457
10101001 0.011883 0.000254
00010010 0.019987 0.001160
01011001 0.013931 0.000760
10101100 0.028196 0.001004
11111001 0.015988 0.000819
00101001 0.027305 0.001097
10101110 0.028480 0.000703
10010110 0.011490 0.000494
11100100 0.013623 0.000247
11100110 0.031795 0.000621
11101001 0.022213 0.000435
01010001 0.025082 0.000311
01011011 0.013871 0.000804
00011011 0.019229 0.000585
11000110 0.011475 0.000681
01010010 0.010478 0.000539
01111001 0.022653 0.000461
