0011111 0.007920 0.000284
1111101 0.024322 0.000432
0111010 0.043657 0.001580
1111001 0.005503 0.000366
0010010 0.049966 0.001391
0010000 0.007374 0.000301
1101111 0.008762 0.000564
0001010 0.024732 0.000401
1010101 0.074263 0.001919
1100001 0.008154 0.000483
1010001 0.026893 0.000537
0101110 0.027525 0.001654
1110001 0.022572 0.000593
0101010 0.080174 0.002531
1000001 0.013766 0.000750
1100101 0.008099 0.000527
0000010 0.015504 0.001128
1101101 0.015234 0.000637
0110010 0.030448 0.000858
0011101 0.002454 0.000175
0111110 0.017182 0.001063
0101111 0.014959 0.000652
1000101 0.019296 0.000511
0000111 0.004455 0.000433
0100101 0.000566 0.000191
1101100 0.001402 0.000233
1110100 0.001505 0.000266
1110111 0.010099 0.000172
0001110 0.019349 0.000315
1011110 0.001395 0.000107
1011101 0.029811 0.000782
1110101 0.035538 0.000609
0010111 0.007471 0.000306
0000101 0.001500 0.000153
1010011 0.004560 0.000517
0011001 0.001166 0.000282
1001101 0.019897 0.000853
1111110 0.003356 0.000518
0001111 0.018169 0.000555
0110110 0.004706 0.000551
1010010 0.001573 0.000314
0011010 0.014360 0.000556
1111111 0.008455 0.000140
0011110 0.013521 0.000396
1101001 0.005781 0.000263
0111000 0.006511 0.000330
1111010 0.002273 0.000341
1010111 0.018970 0.000492
0100010 0.011577 0.000123
1100010 0.000854 0.000284
0001100 0.001479 0.000157
1010110 0.000987 0.000073
1010000 0.000800 0.000147
0011000 0.002408 0.000117
0101001 0.005143 0.000284
0001001 0.003174 0.000345
1011111 0.008339 0.000745
0101011 0.009992 0.001018
0101000 0.009930 0.000050
1001111 0.007859 0.000661
0100110 0.002025 0.000277
0101101 0.003529 0.000198
1001001 0.002898 0.000036
0010011 0.008519 0.000616
1101010 0.003277 0.000287
1100000 0.000486 0.000098
1110010 0.002987 0.000210
0010001 0.005120 0.000473
0111101 0.002344 0.000459
0110001 0.001890 0.000159
1000011 0.002733 0.000299
0111111 0.006944 0.000667
0110011 0.002826 0.000126
0010110 0.005601 0.000621
1100111 0.003801 0.000213
0110000 0.004651 0.000449
1011001 0.002409 0.000239
0111011 0.003032 0.000294
1111100 0.002785 0.000211
1000111 0.007678 0.000354
0011100 0.001288 0.000264
0100011 0.002153 0.000141
0001000 0.003413 0.000101
0100001 0.001132 0.000103
1101011 0.002021 0.000189
1101110 0.002905 0.000381
0000011 0.005083 0.000175
1111011 0.000972 0.000163
1110011 0.003857 0.000053
0110111 0.003526 0.000105
0001011 0.005244 0.000624
0100111 0.002279 0.000269
1100011 0.002182 0.000160
0101100 0.002258 0.000219
1011010 0.000300 0.000045
0001101 0.004417 0.000129
1001110 0.001188 0.000129
0000000 0.002125 0.000243
0000001 0.002915 0.000400
0010101 0.003140 0.000434
1011011 0.000402 0.000172
0100000 0.001376 0.000207
0110101 0.001312 0.000198
0111100 0.001851 0.000205
1110110 0.001564 0.000174
1011100 0.000540 0.000094
0111001 0.002063 0.000058
0011011 0.001854 0.000221
1110000 0.003276 0.000210
0000110 0.002282 0.000250
0100100 0.000144 0.000029
1000110 0.000172 0.000124
0010100 0.000700 0.000030
1000010 0.000413 0.000048
1111000 0.001375 0.000287
0110100 0.000780 0.000110
1001011 0.000731 0.000263
1101000 0.001202 0.000052
1000000 0.000069 0.000041
1001010 0.000620 0.000164
1100110 0.000311 0.000126
1010100 0.000436 0.000117
0000100 0.000254 0.000206
1001100 0.000172 0.000091
1000100 0.000121 0.000029
1001000 0.000052 0.000033
1011000 0.000063 0.000037
1100100 0.000235 0.000158
