00110100 0.009085 0.000668
01000001 0.005110 0.000265
00110101 0.028981 0.000125
01111010 0.003760 0.000145
11001111 0.010417 0.000209
11001110 0.013715 0.000287
00111101 0.018497 0.000328
10110001 0.004926 0.000675
11101010 0.001033 0.000138
11000111 0.040117 0.000631
01000111 0.015097 0.000605
01111000 0.007651 0.000389
11000011 0.005754 0.000448
00100100 0.011739 0.000176
00111110 0.008276 0.000291
10111011 0.008092 0.000502
01001001 0.005411 0.000233
00001010 0.000772 0.000179
00111011 0.007539 0.000487
10111111 0.010525 0.000264
10110111 0.008219 0.000157
00111100 0.008641 0.000447
10111001 0.019728 0.000801
01110100 0.001945 0.000057
11001100 0.001966 0.000099
10000110 0.006501 0.000365
01000110 0.016162 0.000111
00100110 0.018593 0.000512
11111011 0.007546 0.000349
00000110 0.003855 0.000386
11111001 0.017608 0.000478
00111000 0.013370 0.000546
01011000 0.004744 0.000443
11001000 0.016983 0.000271
00110110 0.006151 0.000401
01011011 0.002523 0.000296
11001010 0.009558 0.000398
10111101 0.011543 0.000530
11011101 0.002753 0.000163
11100110 0.008687 0.000523
11100101 0.001790 0.000164
01100110 0.013048 0.000592
11000100 0.005490 0.000355
11011001 0.024733 0.000526
01011001 0.009482 0.000380
11000110 0.027708 0.000529
11111110 0.002216 0.000323
01110101 0.008415 0.000044
00111010 0.006032 0.000681
00000111 0.003484 0.000425
00011011 0.000828 0.000071
10111000 0.007172 0.000894
11000101 0.010452 0.000385
00111001 0.020128 0.000596
10101010 0.000789 0.000060
11000001 0.013453 0.000552
10110101 0.017408 0.000559
11011000 0.008445 0.000260
01111111 0.006021 0.000616
10101011 0.000432 0.000028
11101100 0.000802 0.000180
00111111 0.013771 0.001083
01101110 0.004055 0.000337
10100100 0.004187 0.000118
11010111 0.002027 0.000392
11011110 0.001247 0.000070
00110111 0.015000 0.000355
11001011 0.008330 0.000727
10101100 0.001001 0.000058
11111111 0.007198 0.000662
10101110 0.002577 0.000335
01111101 0.005902 0.000505
00011001 0.001915 0.000286
10011101 0.000418 0.000083
11101001 0.000643 0.000146
10000000 0.001301 0.000176
11111000 0.006068 0.000378
10000111 0.008201 0.000022
11101110 0.002974 0.000243
00101000 0.002298 0.000226
01101100 0.001208 0.000273
10000101 0.002128 0.000232
01001100 0.001035 0.000062
10100110 0.007912 0.000518
01100100 0.004415 0.000402
00101010 0.001841 0.000117
00100101 0.001656 0.000160
11000000 0.008043 0.000350
01001000 0.008215 0.000424
10000001 0.002032 0.000146
01100010 0.001506 0.000151
10111010 0.003865 0.000265
01000000 0.004123 0.000105
10001111 0.001999 0.000100
01111011 0.005273 0.000228
11110101 0.007958 0.000315
01101010 0.001509 0.000126
11110111 0.004127 0.000396
11100111 0.005890 0.000346
11010011 0.000413 0.000120
01000100 0.003539 0.000238
01111001 0.012305 0.000264
11101111 0.001093 0.000086
01110000 0.000665 0.000129
10100111 0.003515 0.000440
01110110 0.001474 0.000329
11111101 0.006624 0.000356
11110001 0.003189 0.000497
10110011 0.000818 0.000080
10111100 0.003662 0.000134
11011111 0.004860 0.000399
10000011 0.001190 0.000098
01001011 0.002974 0.000203
10001000 0.003187 0.000178
11101011 0.000533 0.000001
01001010 0.005684 0.000154
01000101 0.003622 0.000181
00110001 0.006845 0.000181
10110100 0.003551 0.000350
01001110 0.007437 0.000268
11010001 0.002603 0.000296
10001001 0.002825 0.000224
10101000 0.001178 0.000211
00110000 0.001982 0.000230
10011001 0.005173 0.000376
11011100 0.000627 0.000222
10101101 0.000353 0.000125
11001001 0.017173 0.000302
11000010 0.004289 0.000151
01011101 0.000889 0.000143
00101110 0.005514 0.000224
10001011 0.001449 0.000072
01100111 0.003097 0.000283
11110000 0.000617 0.000132
00101100 0.003240 0.000227
01011111 0.001843 0.000044
10111110 0.003951 0.000406
01010001 0.001035 0.000170
01110001 0.003054 0.000324
10100101 0.001257 0.000181
10001010 0.001785 0.000168
00100010 0.001786 0.000213
10100010 0.000900 0.000162
00110010 0.000626 0.000073
01111100 0.002283 0.000267
01000011 0.002128 0.000383
11011010 0.002936 0.000230
11111010 0.003743 0.000500
11100100 0.002383 0.000216
00100111 0.003038 0.000337
01110111 0.003884 0.000159
00000101 0.000677 0.000126
00001000 0.001300 0.000155
10000010 0.000925 0.000224
11100001 0.000428 0.000132
00001001 0.000975 0.000112
10100001 0.000522 0.000097
01011010 0.001639 0.000346
10100000 0.000979 0.000114
01000010 0.002480 0.000212
10011111 0.001146 0.000067
10001110 0.002619 0.000122
10110110 0.002411 0.000214
11001101 0.001664 0.000153
01010101 0.000879 0.000142
01111110 0.002956 0.000123
11010101 0.002213 0.000015
00000000 0.000871 0.000115
11011011 0.007443 0.000319
01101111 0.000521 0.000198
10010111 0.000403 0.000180
10011110 0.000253 0.000069
10110000 0.000806 0.000171
00100000 0.002334 0.000054
10101111 0.000673 0.000060
11101000 0.000889 0.000172
00100001 0.000502 0.000190
01101001 0.000429 0.000168
10010001 0.000663 0.000025
10011000 0.001667 0.000182
10011011 0.001404 0.000232
01100101 0.001093 0.000156
00000100 0.000679 0.000153
00011010 0.000380 0.000041
01101011 0.000306 0.000041
01011110 0.000792 0.000095
00001110 0.001698 0.000145
00001100 0.000221 0.000043
10001100 0.000455 0.000226
01001101 0.000481 0.000048
01001111 0.003957 0.000358
10000100 0.001180 0.000268
00000010 0.000656 0.000150
10011010 0.000627 0.000113
01100011 0.000379 0.000096
11110110 0.000980 0.000009
00001011 0.000442 0.000143
01110011 0.000322 0.000063
10010101 0.000569 0.000175
11110100 0.001169 0.000100
00011000 0.000862 0.000243
11100010 0.001131 0.000120
00010110 0.000088 0.000035
01100001 0.000364 0.000115
00011111 0.000397 0.000102
10010000 0.000066 0.000047
01101000 0.001400 0.000275
00000001 0.000736 0.000144
00011110 0.000137 0.000064
11110011 0.000818 0.000227
11100000 0.000729 0.000094
00110011 0.001510 0.000310
01010111 0.000970 0.000114
10100011 0.000448 0.000100
11111100 0.001509 0.000209
00101001 0.000139 0.000057
01100000 0.001507 0.000102
10110010 0.000198 0.000051
00001111 0.000673 0.000157
00101111 0.000546 0.000123
11010100 0.000262 0.000035
00101101 0.000238 0.000113
10001101 0.000281 0.000025
00101011 0.000187 0.000114
10010011 0.000149 0.000010
00010001 0.000307 0.000086
10101001 0.000368 0.000100
11110010 0.000053 0.000053
11010010 0.000072 0.000072
01110010 0.000236 0.000039
00000011 0.000453 0.000102
11101101 0.000207 0.000101
01101101 0.000099 0.000084
01010011 0.000145 0.000079
11100011 0.000599 0.000058
00100011 0.000329 0.000079
01011100 0.000187 0.000049
10011100 0.000105 0.000038
11010000 0.000227 0.000042
00010111 0.000275 0.000038
01010110 0.000140 0.000032
10010110 0.000068 0.000006
11010110 0.000204 0.000092
00010000 0.000052 0.000028
00010101 0.000183 0.000096
10010010 0.000010 0.000005
00001101 0.000128 0.000075
01010100 0.000099 0.000049
01010000 0.000042 0.000031
00011100 0.000063 0.000039
00011101 0.000256 0.000094
00010011 0.000043 0.000059
01010010 0.000025 0.000013
10010100 0.000043 0.000059
00010010 0.000001 0.000001
00010100 0.000014 0.000020
