01011111 0.010847 0.000104
00111000 0.063753 0.000130
11000001 0.019305 0.000502
10100001 0.014694 0.000867
01011000 0.047816 0.000808
11000110 0.025408 0.001032
00111001 0.016256 0.000483
11000111 0.061170 0.000576
00111110 0.021086 0.000817
01111000 0.011207 0.000523
01011110 0.014986 0.000438
11100111 0.026265 0.000233
10100111 0.033566 0.000578
11000010 0.028669 0.000327
11001111 0.010870 0.000564
00011000 0.030738 0.001143
00111111 0.018969 0.000742
01011101 0.010840 0.000364
00110000 0.012410 0.000294
11000011 0.016856 0.000863
00111101 0.023404 0.000968
01011001 0.011988 0.000627
