110001 0.029636 0.000080
110000 0.053615 0.000710
111000 0.009202 0.000353
100110 0.063719 0.000359
111001 0.208690 0.000711
100100 0.009038 0.000577
001011 0.022943 0.000685
000110 0.213785 0.002036
011011 0.011337 0.000336
110101 0.003813 0.000245
000111 0.019534 0.000862
110100 0.015106 0.000659
001111 0.073135 0.001249
010111 0.004550 0.000241
100000 0.016015 0.000773
011111 0.028632 0.000565
110111 0.001870 0.000224
010110 0.011657 0.000267
100011 0.002422 0.000284
111101 0.012610 0.000524
001110 0.025517 0.000634
100010 0.015924 0.000292
111011 0.011653 0.000389
101110 0.007494 0.000214
011001 0.020401 0.001244
110110 0.006311 0.000084
101011 0.013966 0.000225
000010 0.004732 0.000584
011100 0.000949 0.000080
000100 0.004148 0.000180
011110 0.002100 0.000244
010000 0.003274 0.000307
111111 0.008390 0.000289
101111 0.015413 0.001052
001100 0.000592 0.000102
101000 0.002174 0.000389
111100 0.002393 0.000252
010101 0.001710 0.000229
110011 0.001498 0.000203
011101 0.006313 0.000226
001010 0.000797 0.000089
001101 0.000514 0.000033
000000 0.000999 0.000079
010100 0.006873 0.000565
101001 0.002353 0.000180
000011 0.002691 0.000206
100111 0.005044 0.000595
101010 0.002025 0.000120
100001 0.000796 0.000141
101100 0.000928 0.000141
011000 0.000694 0.000176
010001 0.002594 0.000037
101101 0.000665 0.000136
010011 0.000972 0.000129
111010 0.000352 0.000107
111110 0.001085 0.000114
110010 0.002531 0.000307
000101 0.000296 0.000051
001001 0.000289 0.000093
100101 0.000221 0.000077
010010 0.000459 0.000184
001000 0.000241 0.000078
011010 0.000188 0.000067
000001 0.000130 0.000079
