100110 0.021719 0.000600
101011 0.061934 0.000518
101110 0.033956 0.000800
111001 0.025447 0.000626
010000 0.004625 0.000319
111101 0.014310 0.000739
001011 0.065358 0.001088
010011 0.038885 0.000665
110100 0.067226 0.000226
010001 0.027668 0.000728
100100 0.020480 0.000615
011100 0.016425 0.000105
101100 0.052327 0.000756
001111 0.022681 0.000428
101101 0.003667 0.000595
011011 0.029316 0.000826
110110 0.007395 0.000278
010100 0.039805 0.000381
100011 0.008336 0.000415
111111 0.006641 0.000485
110001 0.011498 0.000334
011101 0.013894 0.000388
111100 0.043237 0.000718
001100 0.001901 0.000232
111000 0.015535 0.000880
010111 0.042012 0.000415
101010 0.017251 0.000536
001010 0.007109 0.001137
111011 0.013885 0.000205
101001 0.007616 0.000568
100111 0.009514 0.000826
101000 0.022256 0.000577
010010 0.000887 0.000260
110111 0.009614 0.000481
000111 0.013654 0.000716
011110 0.003266 0.000397
000010 0.001202 0.000133
011001 0.025190 0.000956
101111 0.023828 0.001670
110101 0.016879 0.000713
001110 0.010117 0.000162
110000 0.005886 0.000464
010101 0.038333 0.000904
001000 0.001726 0.000275
011111 0.013702 0.000717
110011 0.009142 0.001167
000011 0.013364 0.000315
111010 0.001647 0.000260
000110 0.007543 0.000302
011000 0.006630 0.000168
010110 0.008487 0.001115
011010 0.001349 0.000249
000100 0.001769 0.000118
111110 0.003748 0.000465
100010 0.001968 0.000101
100101 0.000990 0.000307
001001 0.001856 0.000117
100000 0.001445 0.000158
100001 0.000471 0.000087
000000 0.000138 0.000066
110010 0.000676 0.000062
001101 0.000457 0.000081
000001 0.000053 0.000073
000101 0.000074 0.000030
