11100010 0.008808 0.000498
00100011 0.002708 0.000308
01000010 0.054163 0.001211
10110111 0.003121 0.000160
10010111 0.001252 0.000509
10101110 0.002073 0.000210
10111101 0.046016 0.000739
00100111 0.024175 0.001016
11111010 0.017623 0.000190
11001000 0.018890 0.000816
00111101 0.063845 0.000890
11111111 0.014769 0.000383
00100101 0.008476 0.000446
01000100 0.001539 0.000198
01100101 0.001479 0.000114
00000101 0.010806 0.000142
10111111 0.028218 0.001487
11111110 0.006597 0.000214
00111111 0.034716 0.000704
11101101 0.005498 0.000327
00111011 0.003954 0.000212
01000111 0.002536 0.000325
00011101 0.006041 0.000568
00110101 0.004179 0.000298
00101101 0.014364 0.000326
00010101 0.005410 0.000145
00010010 0.002443 0.000334
11000000 0.026689 0.000613
11111101 0.020892 0.000922
11000010 0.055135 0.000768
10010010 0.001590 0.000184
00001010 0.000163 0.000053
01000011 0.002382 0.000286
11010000 0.008910 0.000452
01111101 0.008622 0.000265
00000011 0.003118 0.000112
11101100 0.009691 0.000674
00000010 0.013198 0.000363
00011001 0.001484 0.000061
11111100 0.006955 0.000283
10101101 0.011105 0.000897
10001000 0.001395 0.000189
10000010 0.011993 0.000563
01110110 0.000495 0.000021
00101111 0.008070 0.000820
01000000 0.014578 0.000138
11111000 0.013272 0.000262
11011010 0.010494 0.000581
11010011 0.002968 0.000305
01100010 0.012723 0.000395
11101110 0.010304 0.000526
01101010 0.001208 0.000327
00000111 0.004647 0.000202
00010111 0.003010 0.000109
11100101 0.000907 0.000163
11101111 0.004042 0.000213
10101010 0.001713 0.000274
01111111 0.006041 0.000299
11101010 0.008209 0.000407
00100010 0.007020 0.000413
01110011 0.002211 0.000197
00001101 0.002342 0.000257
11111011 0.002116 0.000305
11001010 0.006048 0.000387
00110111 0.016654 0.000881
01101110 0.001020 0.000092
01101111 0.001319 0.000239
01010010 0.008283 0.000253
10000101 0.002314 0.000144
11011000 0.036754 0.000391
01111010 0.001784 0.000136
10010011 0.003179 0.000366
00011011 0.000412 0.000077
01010011 0.005336 0.000435
01000101 0.004232 0.000407
10000011 0.001202 0.000080
11100000 0.000996 0.000132
11000011 0.001518 0.000091
11010010 0.009694 0.000474
11011011 0.000884 0.000069
11001110 0.000976 0.000181
01111100 0.000381 0.000083
11110010 0.002248 0.000023
00010011 0.007138 0.000406
11100110 0.003059 0.000333
10111110 0.001297 0.000039
10011001 0.002000 0.000175
11000110 0.002451 0.000213
00110011 0.007865 0.000179
11110110 0.000581 0.000069
11010001 0.001343 0.000225
01010001 0.002614 0.000208
01110111 0.003411 0.000275
01111011 0.000950 0.000126
11011101 0.006324 0.000116
10111010 0.003357 0.000202
01010101 0.001903 0.000114
00000001 0.001387 0.000180
10011101 0.007387 0.000574
00111001 0.002219 0.000598
11110111 0.001506 0.000100
11010101 0.001434 0.000054
10100110 0.000879 0.000077
10111001 0.001997 0.000213
11100111 0.001939 0.000246
01110101 0.000740 0.000079
11001101 0.001963 0.000204
11010100 0.000564 0.000030
11110100 0.000160 0.000029
00001001 0.000081 0.000055
01101101 0.002240 0.000370
00101010 0.000663 0.000090
00100110 0.002113 0.000308
01110010 0.003131 0.000184
00010001 0.004450 0.000118
00110110 0.000318 0.000107
10110011 0.001794 0.000046
00011000 0.000386 0.000055
10000111 0.001645 0.000082
11011100 0.003802 0.000423
11000100 0.002882 0.000115
10111011 0.003403 0.000077
01010110 0.000312 0.000149
01010000 0.004220 0.000235
10101100 0.001345 0.000105
00111010 0.001079 0.000264
10010001 0.001118 0.000150
01011001 0.001029 0.000171
01100111 0.005271 0.000341
10100010 0.002880 0.000192
01101100 0.000664 0.000099
01010111 0.001852 0.000393
11001100 0.004608 0.000430
10101111 0.005926 0.000090
10000000 0.001557 0.000100
00111000 0.000359 0.000074
11000001 0.000419 0.000089
01001110 0.000150 0.000081
10001010 0.000650 0.000226
01100110 0.003378 0.000220
11011001 0.002495 0.000250
11111001 0.001557 0.000297
11011110 0.001022 0.000064
01001000 0.001505 0.000212
00110001 0.000518 0.000060
10100101 0.001481 0.000243
10011011 0.000802 0.000048
01011101 0.002170 0.000217
00000000 0.001790 0.000017
01011000 0.002675 0.000173
10101011 0.000048 0.000035
10011100 0.000437 0.000061
01100011 0.001077 0.000111
00010000 0.000667 0.000185
10001110 0.000115 0.000060
00000110 0.000504 0.000044
10100111 0.003757 0.000192
10010101 0.001420 0.000115
11101000 0.005968 0.000475
11000101 0.001957 0.000282
10111000 0.001436 0.000171
10001101 0.002279 0.000138
11100011 0.000554 0.000125
00110010 0.001658 0.000000
10001100 0.000437 0.000120
10000001 0.000369 0.000110
10000110 0.000441 0.000019
11011111 0.001062 0.000268
01000110 0.002219 0.000125
01011010 0.000955 0.000238
11000111 0.001402 0.000049
10110101 0.000968 0.000204
01010100 0.000349 0.000040
00101110 0.000970 0.000165
10011000 0.002323 0.000244
01001100 0.000448 0.000107
01011011 0.000237 0.000089
10011111 0.000842 0.000040
10010100 0.000080 0.000050
01001010 0.000785 0.000045
01111110 0.000719 0.000121
01100000 0.000298 0.000083
11010111 0.000823 0.000110
10111100 0.001074 0.000204
10110110 0.000113 0.000057
01000001 0.000968 0.000193
00100001 0.000172 0.000075
11110101 0.000364 0.000008
10110001 0.000143 0.000036
00101000 0.000036 0.000002
01101000 0.000330 0.000044
10100011 0.000591 0.000095
01111001 0.000298 0.000078
10011010 0.001154 0.000126
01111000 0.000757 0.000026
10010000 0.000516 0.000087
10101000 0.000507 0.000096
11010110 0.000398 0.000037
11100100 0.000922 0.000152
01110000 0.000204 0.000119
10110010 0.000652 0.000041
10001001 0.000053 0.000037
01011100 0.000307 0.000118
00000100 0.000301 0.000117
11110000 0.000316 0.000069
00011100 0.000066 0.000051
00111110 0.000463 0.000065
00101100 0.000504 0.000130
10001111 0.000177 0.000006
01001101 0.000746 0.000049
11110011 0.000767 0.000028
10000100 0.000289 0.000032
01100001 0.000141 0.000078
11110001 0.000144 0.000069
11001001 0.000112 0.000062
01110100 0.000046 0.000017
01100100 0.000254 0.000133
11001111 0.000312 0.000079
00011111 0.000492 0.000020
01110001 0.000134 0.000029
00001111 0.000187 0.000034
00001110 0.000016 0.000018
00111100 0.000277 0.000061
00101011 0.000069 0.000048
00100100 0.000165 0.000128
10110000 0.000064 0.000062
00010110 0.000038 0.000015
10010110 0.000067 0.000052
01101011 0.000066 0.000029
00110100 0.000048 0.000009
00101001 0.000045 0.000003
11001011 0.000015 0.000020
01011111 0.000316 0.000008
10011110 0.000099 0.000058
00011010 0.000208 0.000100
11101011 0.000071 0.000046
01011110 0.000094 0.000034
10100000 0.000090 0.000019
00010100 0.000057 0.000041
00100000 0.000166 0.000075
10100001 0.000006 0.000007
10101001 0.000030 0.000037
11101001 0.000043 0.000031
00001000 0.000183 0.000069
01001111 0.000092 0.000008
01001001 0.000028 0.000019
10110100 0.000020 0.000028
01001011 0.000015 0.000017
10001011 0.000003 0.000002
00001100 0.000052 0.000022
10100100 0.000038 0.000026
01101001 0.000003 0.000003
11100001 0.000031 0.000038
00110000 0.000041 0.000038
00001011 0.000001 0.000002
00011110 0.000001 0.000001
