00101 0.363517 0.001941
11010 0.384810 0.001080
10101 0.011646 0.000706
00110 0.004530 0.000572
01101 0.044250 0.001211
01111 0.009214 0.000268
11000 0.003504 0.000305
10110 0.007562 0.000224
11110 0.029247 0.000607
11111 0.010305 0.000338
10011 0.003125 0.000396
00111 0.020782 0.000226
01001 0.005212 0.000381
11011 0.038129 0.000159
10111 0.005362 0.000461
11001 0.004017 0.000444
00100 0.008109 0.000453
11101 0.009952 0.000765
01011 0.003957 0.000425
10010 0.013280 0.000454
01010 0.001925 0.000173
01110 0.002119 0.000455
10100 0.002446 0.000407
11100 0.002514 0.000360
00001 0.004018 0.000201
00011 0.002523 0.000108
01000 0.000261 0.000139
10001 0.000784 0.000038
10000 0.000421 0.000209
00010 0.000797 0.000033
01100 0.001554 0.000358
00000 0.000126 0.000007
