111101 0.030375 0.000511
011011 0.054992 0.000962
010010 0.036757 0.000644
101100 0.045589 0.000674
101010 0.049320 0.002074
010011 0.079696 0.000574
110101 0.081994 0.000275
001001 0.001265 0.000054
001000 0.012942 0.000235
111111 0.005210 0.000422
011111 0.010000 0.000611
010101 0.050886 0.002165
011010 0.028966 0.000368
110011 0.005515 0.000794
101101 0.036180 0.000484
100100 0.016564 0.000592
100010 0.005894 0.000092
001010 0.100320 0.001216
100101 0.026131 0.000724
101011 0.023191 0.000243
110100 0.021666 0.000631
001011 0.032643 0.002927
010111 0.035241 0.002723
101001 0.007841 0.000209
001110 0.002668 0.000157
010100 0.021716 0.000903
011101 0.006070 0.000639
000010 0.028363 0.001881
110110 0.002190 0.000127
101000 0.041302 0.000736
110111 0.008612 0.000278
100111 0.002438 0.000370
111011 0.009513 0.000214
101111 0.005739 0.000520
010110 0.010654 0.000238
010000 0.000506 0.000097
000110 0.002111 0.000596
111100 0.008022 0.000271
000100 0.003645 0.000063
111000 0.000512 0.000062
000011 0.006457 0.000230
100110 0.002083 0.000201
011100 0.002068 0.000046
111010 0.005206 0.000251
011110 0.004574 0.000288
111110 0.002151 0.000233
001100 0.003057 0.000364
101110 0.006467 0.000532
001111 0.001149 0.000150
100011 0.003885 0.000408
100000 0.002010 0.000181
001101 0.000627 0.000112
011001 0.000481 0.000086
000101 0.000699 0.000177
110010 0.001954 0.000362
011000 0.000681 0.000143
000111 0.000495 0.000056
000000 0.001229 0.000257
111001 0.000419 0.000158
100001 0.000413 0.000063
110000 0.000085 0.000043
010001 0.000303 0.000152
110001 0.000152 0.000035
000001 0.000111 0.000041
