1110100000 0.031167 0.001104
1110100111 0.011458 0.000274
0001011000 0.012914 0.000358
1111100010 0.018253 0.001097
0001011011 0.023141 0.000448
1111100110 0.026539 0.000631
1110100010 0.027606 0.000402
1110100110 0.038829 0.000763
0001011111 0.046361 0.000158
0001011001 0.032968 0.000446
0001011101 0.039807 0.000295
1110100100 0.041500 0.000752
0001010111 0.023871 0.000923
1111100100 0.020525 0.000627
0000011101 0.018242 0.000652
1110101000 0.014666 0.000249
0000011111 0.011405 0.000703
0000011001 0.013053 0.000797
1110100101 0.012973 0.000466
1111100000 0.014981 0.000508
