10000 0.002131 0.000080
10101 0.026026 0.000483
11010 0.108610 0.001587
00101 0.200856 0.001349
11011 0.084660 0.001918
01100 0.088435 0.000180
01101 0.091068 0.002861
10011 0.114575 0.001820
10010 0.053087 0.001272
11101 0.012503 0.000348
11100 0.012485 0.000387
00111 0.003989 0.000306
10100 0.011945 0.000636
11110 0.030713 0.001015
00100 0.090275 0.000535
00000 0.003411 0.000116
11000 0.000710 0.000049
11001 0.000767 0.000036
10111 0.003321 0.000121
01110 0.011699 0.000523
10001 0.004801 0.000471
11111 0.010849 0.000368
01111 0.005617 0.000081
00011 0.003344 0.000166
01011 0.003596 0.000235
01010 0.005351 0.000414
00001 0.007754 0.000024
01000 0.001005 0.000219
00010 0.001592 0.000223
00110 0.001903 0.000035
10110 0.001729 0.000251
01001 0.001194 0.000179
