1010111 0.030854 0.000486
0101000 0.041075 0.001093
1101101 0.162596 0.000389
0100001 0.011660 0.000344
0111010 0.039782 0.001060
1111110 0.019554 0.000262
1010110 0.075274 0.000399
1100101 0.029020 0.000550
1011110 0.018821 0.000235
0010110 0.019151 0.000512
0101001 0.065838 0.001727
0011010 0.029254 0.000042
0101101 0.014723 0.000335
0110010 0.010509 0.000216
1010010 0.025358 0.000368
0010010 0.115481 0.000970
1001101 0.010097 0.000256
1101001 0.042525 0.000750
1000101 0.018956 0.000263
1111111 0.014870 0.000162
