110000 0.026188 0.001441
011101 0.131501 0.000427
000010 0.041036 0.000815
100010 0.227544 0.001849
101111 0.012662 0.000412
111000 0.022172 0.000118
001101 0.013242 0.000558
100001 0.012299 0.000461
011111 0.034444 0.000740
110010 0.031213 0.000507
110001 0.011756 0.000467
000111 0.021658 0.000941
100011 0.013914 0.000915
111110 0.038876 0.000802
111101 0.022535 0.000715
001111 0.036750 0.001075
111111 0.012708 0.000736
101110 0.035598 0.000275
100000 0.040207 0.000528
101010 0.018748 0.000492
100110 0.016497 0.000187
111100 0.020333 0.000619
000001 0.017104 0.000668
010001 0.017405 0.001211
