0100000 0.022187 0.000631
1011101 0.030915 0.000218
0101100 0.009005 0.000238
0001100 0.003764 0.000540
1010111 0.070685 0.001655
0101111 0.010815 0.000579
1010011 0.005779 0.000248
0101000 0.047954 0.001091
1001100 0.003193 0.000233
1001000 0.003032 0.000223
1101000 0.007180 0.000088
0110000 0.003127 0.000165
0101001 0.026860 0.000693
1011000 0.002556 0.000348
0001000 0.018371 0.000826
0010010 0.015863 0.000075
0010111 0.015559 0.000362
0110111 0.005564 0.000025
0011001 0.007269 0.000620
1010110 0.022474 0.000608
1110110 0.009701 0.000999
1101110 0.007184 0.000674
0110010 0.007701 0.000057
0000000 0.010146 0.000715
1011111 0.037334 0.000792
1110101 0.012997 0.000306
0101010 0.042062 0.000688
1010101 0.042196 0.002025
0100100 0.003707 0.000280
0000010 0.006796 0.000448
0100010 0.016293 0.000592
0010001 0.005009 0.000368
0111101 0.007697 0.000261
1101100 0.006581 0.000581
0011010 0.007279 0.000287
0001001 0.010987 0.000265
0100101 0.004820 0.000397
1110111 0.019989 0.001040
0001010 0.016605 0.000769
1010000 0.002992 0.000586
1111101 0.018218 0.000701
1101010 0.009834 0.000671
1010100 0.004646 0.000345
0101110 0.007690 0.000495
1000010 0.002376 0.000310
1100010 0.004828 0.000485
1000101 0.001241 0.000095
1011110 0.010690 0.000110
1101101 0.009742 0.000409
1110000 0.001839 0.000072
1111110 0.006219 0.000368
0101101 0.024564 0.000706
0011011 0.006962 0.000284
1111111 0.016505 0.000975
0011101 0.009744 0.000446
0111011 0.004619 0.000365
0111110 0.001934 0.000324
0010011 0.008341 0.000431
1100100 0.003053 0.000802
0011111 0.009135 0.000893
0110011 0.003915 0.000085
0101011 0.013720 0.000644
1111100 0.002956 0.000051
1011100 0.004088 0.000408
1000110 0.001500 0.000220
1100110 0.003385 0.000200
1001010 0.004147 0.000510
1101111 0.005550 0.000674
1001111 0.002295 0.000041
0001101 0.010401 0.000678
1100111 0.001610 0.000292
0001011 0.005728 0.000479
1010010 0.017190 0.000565
0001111 0.005286 0.000310
0000101 0.001930 0.000172
1011010 0.007490 0.000627
0010110 0.006478 0.000083
0010000 0.004670 0.000067
1001101 0.004425 0.000503
1110010 0.007366 0.000216
0110001 0.002886 0.000060
0111001 0.005983 0.000328
0100111 0.002371 0.000171
1001110 0.003482 0.000348
0111100 0.001066 0.000140
1100101 0.002414 0.000341
0001110 0.003445 0.000429
0110110 0.003058 0.000183
0010100 0.001844 0.000300
1111010 0.004571 0.000106
0100011 0.002528 0.000265
1100000 0.003097 0.000302
0000110 0.001500 0.000274
0100110 0.003167 0.000096
0010101 0.007726 0.000371
1111001 0.001288 0.000064
1101001 0.001274 0.000086
0110100 0.001112 0.000144
1110011 0.002240 0.000149
0100001 0.005267 0.000173
1010001 0.002084 0.000227
0011110 0.003214 0.000508
0110101 0.004009 0.000343
0111010 0.005188 0.000224
0000001 0.003019 0.000198
1110100 0.002493 0.000364
1011001 0.002072 0.000419
0111000 0.003084 0.000283
0011000 0.002970 0.000297
0111111 0.006105 0.000106
0000111 0.001025 0.000042
1110001 0.000899 0.000165
0011100 0.001424 0.000252
1011011 0.003184 0.000393
1111000 0.001892 0.000107
1111011 0.001585 0.000162
1000100 0.001439 0.000085
1001011 0.000377 0.000044
0000100 0.001690 0.000114
1000111 0.000624 0.000137
1000001 0.000093 0.000030
1101011 0.000703 0.000028
1000000 0.001489 0.000176
1001001 0.000567 0.000135
0000011 0.001300 0.000295
1100001 0.000190 0.000057
1100011 0.000262 0.000031
1000011 0.000162 0.000039
