01001100 0.159064 0.001541
10110011 0.160591 0.000676
00110000 0.012966 0.000816
01001110 0.040182 0.001494
10111011 0.025125 0.000829
11111111 0.014671 0.000898
11101111 0.011172 0.000151
10110001 0.037305 0.000985
01001111 0.040511 0.000157
11001100 0.017222 0.000279
01001000 0.024685 0.000704
10110111 0.033259 0.001457
10111111 0.014006 0.000085
11001111 0.017468 0.000307
10110010 0.024486 0.000488
11011111 0.014006 0.000377
00110001 0.010764 0.000097
01001101 0.023809 0.000616
00110011 0.030528 0.000723
00110111 0.013028 0.000833
10110000 0.016872 0.001381
01011100 0.019591 0.000434
01000100 0.020701 0.000511
