00111 0.107432 0.002792
10010 0.091810 0.000955
00101 0.054466 0.001801
00110 0.095449 0.000453
11001 0.104554 0.001999
11010 0.055633 0.002653
01101 0.060560 0.001099
11111 0.018693 0.001204
11011 0.029229 0.000823
11101 0.037094 0.000786
01001 0.026170 0.001546
10001 0.020211 0.000491
00001 0.046515 0.000874
10000 0.022037 0.000542
10011 0.013626 0.000303
11000 0.054389 0.001110
00100 0.012401 0.000331
01110 0.017217 0.000099
11100 0.016379 0.000163
01111 0.048476 0.001756
11110 0.019833 0.001103
