00111 0.025616 0.000740
01000 0.065710 0.000945
11100 0.080507 0.002423
01010 0.056435 0.001018
01011 0.017219 0.000211
11110 0.065911 0.001484
00011 0.179697 0.000917
10111 0.052905 0.001289
10001 0.017274 0.000422
00001 0.067620 0.001147
10011 0.045904 0.000457
01110 0.026305 0.000132
11000 0.021233 0.001161
00101 0.018104 0.001070
10101 0.029923 0.000170
11111 0.019663 0.000437
00100 0.026951 0.000791
01100 0.034553 0.000241
10100 0.048225 0.000760
11010 0.022280 0.001106
11011 0.018488 0.000616
10110 0.016626 0.000383
