1111001 0.023479 0.000317
1011111 0.087510 0.001178
1101011 0.017279 0.000295
0010111 0.014184 0.001110
1011000 0.013379 0.000364
1101000 0.016142 0.000140
0000100 0.031416 0.001132
0010100 0.015103 0.000397
1101111 0.027029 0.000646
1111000 0.017860 0.000530
1111111 0.055578 0.001263
0100000 0.070342 0.000761
0101000 0.020464 0.000317
0100001 0.014152 0.000524
1111011 0.025039 0.000339
0000000 0.017026 0.000865
1011101 0.026962 0.000178
1110111 0.012880 0.000571
0100011 0.010057 0.000200
1011100 0.026427 0.000122
1001111 0.016294 0.000509
0000111 0.017830 0.000748
1011001 0.010854 0.000030
1010111 0.021712 0.000806
1011110 0.022857 0.000833
0000110 0.017627 0.000574
1101001 0.017918 0.000619
1011011 0.010722 0.000317
0100111 0.012042 0.000746
