010101 0.019705 0.000276
010110 0.075941 0.001352
111010 0.054386 0.001333
101001 0.107374 0.001486
101010 0.020858 0.000351
101011 0.022946 0.000642
111011 0.022025 0.000328
000101 0.036318 0.001093
111001 0.020246 0.000703
001110 0.017487 0.000769
011110 0.156040 0.002537
010100 0.017876 0.000204
100101 0.012877 0.001104
101111 0.016446 0.000617
111110 0.027491 0.000228
011010 0.013534 0.000432
111111 0.022379 0.000649
000001 0.016557 0.000757
101101 0.015853 0.000848
100001 0.096960 0.002243
110001 0.023482 0.000904
000100 0.015334 0.000708
000110 0.017287 0.000200
