01101 0.074845 0.000975
00110 0.122649 0.000479
00010 0.025746 0.001783
01011 0.015040 0.000948
01110 0.011128 0.000458
10011 0.016440 0.000504
11101 0.046547 0.000871
00011 0.012364 0.000826
11001 0.105924 0.000770
11111 0.033323 0.000502
11100 0.008719 0.000088
10010 0.068817 0.000371
10111 0.010718 0.000440
11010 0.030795 0.000645
10100 0.006909 0.000626
01111 0.064143 0.001536
00111 0.061530 0.000920
00101 0.033435 0.001154
01001 0.019311 0.000276
11000 0.035215 0.001702
10110 0.029404 0.000519
10000 0.026676 0.000889
11110 0.010637 0.000515
00100 0.027790 0.000084
11011 0.064180 0.000931
00000 0.006230 0.000236
10101 0.004352 0.000772
01100 0.006285 0.000276
00001 0.006157 0.000543
10001 0.009383 0.001029
01010 0.003358 0.000388
01000 0.001948 0.000034
