111000 0.013991 0.000518
001001 0.071650 0.001393
110000 0.000939 0.000208
111001 0.014296 0.001059
111100 0.165097 0.002116
110111 0.011376 0.000592
010011 0.021992 0.000693
000111 0.036642 0.000343
110011 0.019364 0.000272
100011 0.012239 0.000466
110110 0.041774 0.000628
001101 0.033684 0.000710
001100 0.041847 0.000498
101100 0.031578 0.000557
101001 0.003416 0.000234
000011 0.110860 0.001483
011011 0.028849 0.000961
100110 0.032646 0.000923
000100 0.028196 0.001548
011001 0.042663 0.000770
110100 0.010551 0.000148
010001 0.001551 0.000476
110101 0.000261 0.000046
100100 0.008538 0.000803
111101 0.009775 0.000326
011101 0.009810 0.000537
001011 0.027634 0.000895
111011 0.025845 0.000409
000001 0.008346 0.000269
111110 0.031753 0.000712
100111 0.012479 0.000186
000101 0.006088 0.000341
111111 0.010546 0.000327
101011 0.003368 0.000341
000110 0.016433 0.000315
110010 0.004057 0.000471
110001 0.000304 0.000038
101110 0.004377 0.000375
101101 0.004729 0.000486
011111 0.004058 0.000191
001111 0.006849 0.000264
011100 0.004147 0.000407
000000 0.001976 0.000305
111010 0.002414 0.000088
100101 0.000455 0.000091
010111 0.003742 0.000385
100000 0.000661 0.000050
101010 0.000366 0.000099
101111 0.002567 0.000225
001110 0.001900 0.000237
101000 0.002365 0.000082
100010 0.002802 0.000215
001010 0.000043 0.000039
000010 0.001032 0.000089
001000 0.001712 0.000224
010100 0.001123 0.000250
010110 0.000781 0.000305
100001 0.000337 0.000043
011110 0.000112 0.000041
011000 0.000197 0.000097
010101 0.000694 0.000222
010000 0.000062 0.000017
010010 0.000044 0.000025
011010 0.000018 0.000025
