01110 0.057930 0.000650
01010 0.171668 0.001014
10101 0.123142 0.000821
11001 0.024108 0.000915
01001 0.070439 0.001723
11111 0.063076 0.001342
10001 0.080076 0.001185
11010 0.010539 0.000455
10110 0.022176 0.000721
01011 0.016427 0.000761
10111 0.075086 0.001488
00011 0.006167 0.000259
00010 0.030944 0.001677
11101 0.035637 0.000847
01000 0.044209 0.000905
11110 0.042265 0.001187
01111 0.020379 0.000213
00001 0.032428 0.000510
11011 0.005601 0.000555
10011 0.011305 0.000311
01101 0.010397 0.000260
11100 0.001879 0.000291
10010 0.009272 0.000319
00000 0.009974 0.000504
00101 0.003580 0.000280
10000 0.003845 0.000315
10100 0.001298 0.000320
00110 0.005522 0.000237
11000 0.004039 0.000260
00111 0.002884 0.000107
01100 0.003020 0.000222
00100 0.000688 0.000067
