00000000 0.020121 0.001326
10111111 0.076536 0.000861
01000000 0.179715 0.000965
11111111 0.027253 0.000445
01000001 0.010554 0.000472
01101101 0.010239 0.000414
10111101 0.016403 0.000392
10110111 0.014607 0.000648
01000100 0.036827 0.000782
00111111 0.012571 0.000327
10010011 0.020591 0.000424
10111110 0.023432 0.000861
10110011 0.017473 0.000518
01111101 0.013809 0.000109
01111111 0.013715 0.000494
01001000 0.011767 0.000470
10111010 0.017357 0.000491
01000101 0.015453 0.000296
10111011 0.036182 0.000461
01111110 0.010267 0.000110
11000000 0.015008 0.000720
01100100 0.014228 0.000675
10000000 0.010639 0.000212
01100000 0.010426 0.000464
10011101 0.011371 0.000658
11111101 0.010353 0.000070
