0101010 0.042926 0.000455
1010111 0.143132 0.000565
0100111 0.016590 0.000219
1110101 0.008818 0.000449
0101101 0.066022 0.000691
0101000 0.132274 0.002182
0001100 0.000977 0.000094
0001101 0.025373 0.000808
0011111 0.006017 0.000076
1011111 0.007294 0.000386
1010011 0.007761 0.000359
0100110 0.017925 0.000482
1010010 0.024459 0.000110
1011000 0.005599 0.000158
0101100 0.023970 0.000444
1110111 0.031532 0.000423
0101111 0.015107 0.000743
0100010 0.016713 0.000242
0101110 0.007336 0.000494
0001000 0.007321 0.000630
1111010 0.004670 0.000584
1110010 0.041177 0.001073
0111100 0.004565 0.000410
0111000 0.024926 0.000273
1010001 0.001152 0.000069
1100100 0.000429 0.000158
1110110 0.012336 0.000606
1010101 0.039635 0.000664
1101101 0.003460 0.000305
1000011 0.000465 0.000084
1100101 0.000823 0.000034
1111000 0.013311 0.000436
0111101 0.013968 0.000399
1100111 0.008488 0.000222
1100110 0.006724 0.000709
0001111 0.019441 0.000387
0011101 0.012725 0.000344
1011001 0.002617 0.000126
0000111 0.016301 0.000263
1101000 0.008051 0.000594
1011101 0.017981 0.000591
1110011 0.002844 0.000171
1000010 0.001938 0.000126
1000111 0.007451 0.000226
0001110 0.001715 0.000184
0001010 0.015094 0.000653
0011010 0.004053 0.000259
1100010 0.010840 0.000337
0100011 0.000812 0.000055
1010110 0.005714 0.000581
1111001 0.001059 0.000079
1110001 0.000395 0.000088
1111100 0.001473 0.000250
1111101 0.005380 0.000480
1011110 0.000320 0.000103
0000010 0.004118 0.000193
0111001 0.001322 0.000237
0011000 0.003061 0.000069
0101001 0.005763 0.000444
0111010 0.005879 0.000021
0110110 0.000887 0.000214
0110010 0.000718 0.000099
1001101 0.001418 0.000203
1111111 0.001441 0.000101
0011011 0.000959 0.000068
0110000 0.000098 0.000021
0110101 0.000383 0.000023
1001011 0.000231 0.000056
0111111 0.002486 0.000269
1100000 0.000445 0.000056
0101011 0.002890 0.000294
1110000 0.005666 0.000384
1001111 0.000805 0.000114
0000110 0.002697 0.000331
1101010 0.002204 0.000121
1011010 0.006102 0.000176
1111110 0.000556 0.000031
1010000 0.002587 0.000142
1011011 0.002496 0.000159
0010111 0.002529 0.000112
1000110 0.000679 0.000027
1010100 0.000838 0.000251
0111110 0.000966 0.000091
0111011 0.000441 0.000020
0110111 0.001175 0.000181
0001001 0.002163 0.000295
0000101 0.000173 0.000079
0001011 0.003730 0.000129
1101110 0.000317 0.000066
0011001 0.001055 0.000052
1001010 0.000695 0.000110
0011100 0.000564 0.000130
1110100 0.001807 0.000212
0100101 0.000660 0.000094
0100100 0.000445 0.000076
0000011 0.000667 0.000102
1001000 0.000442 0.000105
1001110 0.000070 0.000032
1101111 0.000841 0.000106
1100011 0.000482 0.000111
1011100 0.000400 0.000140
0011110 0.000339 0.000028
0010110 0.000115 0.000048
0010101 0.000304 0.000095
1001001 0.000120 0.000081
0100000 0.000230 0.000077
1001100 0.000056 0.000023
1101100 0.001415 0.000274
0010010 0.000169 0.000046
0000100 0.000017 0.000023
1000101 0.000200 0.000063
1111011 0.000396 0.000065
0010000 0.000028 0.000020
0110100 0.000125 0.000031
0010011 0.000049 0.000016
1100001 0.000023 0.000021
1101011 0.000168 0.000052
1101001 0.000342 0.000059
0110011 0.000010 0.000001
0010100 0.000017 0.000023
1000000 0.000023 0.000020
1000100 0.000002 0.000002
0100001 0.000007 0.000011
0110001 0.000018 0.000026
