00111100 0.013765 0.000088
01100101 0.039372 0.000355
01000011 0.023042 0.000382
10111010 0.125054 0.000657
11000011 0.045644 0.000927
01010101 0.007094 0.000295
11000001 0.034911 0.000945
10001000 0.002610 0.000299
00111010 0.031155 0.001313
01111101 0.027233 0.000536
10011010 0.056081 0.000522
01001101 0.026888 0.001106
01000111 0.012767 0.000520
10100010 0.003629 0.000114
01101111 0.011667 0.000294
11000111 0.010464 0.000805
10010011 0.000502 0.000018
01011101 0.003952 0.000060
10101010 0.008963 0.000581
01101101 0.035868 0.000796
00111101 0.005165 0.000087
10111110 0.033514 0.000631
01000101 0.072692 0.001408
11100101 0.000809 0.000144
10000001 0.000723 0.000065
11000101 0.014124 0.000258
11111010 0.000628 0.000164
01111111 0.012502 0.000076
10000010 0.012870 0.001077
01110101 0.017919 0.000316
00111110 0.032297 0.000630
01100011 0.009009 0.000204
01000001 0.021580 0.000656
10110010 0.017737 0.000973
11001011 0.001875 0.000165
00111011 0.002698 0.000294
10010000 0.008063 0.000240
11000010 0.010100 0.000365
11001111 0.003112 0.000392
01100111 0.006095 0.000391
11010101 0.000348 0.000084
01110111 0.003308 0.000322
11001101 0.004222 0.000475
11000110 0.001168 0.000117
10110000 0.005172 0.000334
00110011 0.001187 0.000038
10000111 0.000060 0.000015
10011110 0.008959 0.000719
10111011 0.001810 0.000157
10000000 0.004296 0.000295
10010010 0.027897 0.001006
11010010 0.001273 0.000086
01110011 0.004020 0.000180
11100011 0.002121 0.000305
01001111 0.007134 0.000187
00010010 0.000364 0.000037
01110001 0.003890 0.000177
01011100 0.000098 0.000005
10001010 0.015650 0.000387
11100010 0.000309 0.000069
00110010 0.003696 0.000237
00110001 0.000861 0.000049
10011000 0.006241 0.000170
11010001 0.000524 0.000054
11101010 0.000297 0.000101
01101011 0.000727 0.000031
10101001 0.000179 0.000073
01011111 0.001397 0.000048
11111101 0.000329 0.000069
10111000 0.010654 0.000359
11000000 0.001672 0.000107
01101001 0.000360 0.000047
01100001 0.009197 0.000229
11101101 0.000732 0.000116
10101011 0.000466 0.000097
11101111 0.000633 0.000053
10111100 0.007478 0.000137
01010001 0.001493 0.000150
10111111 0.000727 0.000049
11111000 0.000064 0.000028
10001110 0.001523 0.000196
00111111 0.004621 0.000297
11010011 0.000987 0.000200
10101110 0.001672 0.000148
11001110 0.001176 0.000124
01010100 0.000047 0.000012
10011011 0.000691 0.000166
00110000 0.001158 0.000228
10110110 0.000603 0.000217
00111000 0.002611 0.000110
00110110 0.000173 0.000038
11111011 0.000093 0.000011
11110011 0.000381 0.000157
10000011 0.000732 0.000051
01111011 0.000878 0.000156
11001010 0.001295 0.000109
11011010 0.000519 0.000043
00101110 0.000028 0.000014
00011100 0.000591 0.000083
11101110 0.000247 0.000054
01111110 0.001155 0.000216
10111001 0.000737 0.000113
01110110 0.000132 0.000054
10100000 0.001087 0.000086
01010011 0.001931 0.000335
11001100 0.000344 0.000054
00111001 0.001197 0.000165
11100001 0.001722 0.000225
01000110 0.000121 0.000058
10010110 0.000726 0.000180
10101000 0.001082 0.000171
11000100 0.000309 0.000053
01100100 0.000032 0.000026
10001001 0.000374 0.000052
10011100 0.002303 0.000167
01100010 0.000047 0.000031
01110010 0.000312 0.000099
11010111 0.000282 0.000030
11011110 0.000260 0.000060
11001001 0.000630 0.000076
00101100 0.000018 0.000024
01010111 0.001290 0.000198
10110011 0.000488 0.000112
00110111 0.000222 0.000010
10110111 0.000045 0.000002
01111100 0.000647 0.000077
11001000 0.000073 0.000037
01111001 0.000265 0.000063
11011000 0.000023 0.000023
11010000 0.000212 0.000028
10010001 0.000443 0.000108
00011101 0.000198 0.000016
01001001 0.000268 0.000062
11100110 0.000035 0.000024
11011100 0.000152 0.000013
10011111 0.000205 0.000060
01001011 0.000596 0.000138
11110001 0.000255 0.000030
10001011 0.000780 0.000069
01111010 0.000320 0.000108
11011111 0.000205 0.000043
10111101 0.000600 0.000041
01110100 0.000072 0.000047
11111110 0.000410 0.000085
01000000 0.000035 0.000041
10000110 0.000367 0.000023
00011010 0.000486 0.000070
10000100 0.000186 0.000067
11101011 0.000233 0.000049
10110001 0.000426 0.000098
11110010 0.000253 0.000021
11111111 0.000195 0.000048
10000101 0.000160 0.000015
10101100 0.000241 0.000021
11111100 0.000179 0.000094
01000010 0.000222 0.000029
10010100 0.000377 0.000155
11110101 0.000102 0.000023
00010110 0.000073 0.000031
00101101 0.000111 0.000015
00010000 0.000190 0.000078
01110000 0.000045 0.000005
10110100 0.000257 0.000041
11110100 0.000001 0.000001
00011110 0.000803 0.000044
10011101 0.000163 0.000074
11100111 0.000669 0.000061
11101001 0.000108 0.000052
11100000 0.000089 0.000027
10100001 0.000250 0.000014
01011110 0.000188 0.000032
10001100 0.000369 0.000020
00101001 0.000058 0.000009
10010101 0.000122 0.000073
10110101 0.000112 0.000062
01010010 0.000199 0.000038
11110000 0.000070 0.000008
10101111 0.000171 0.000068
11101100 0.000103 0.000047
01101110 0.000185 0.000049
10011001 0.000319 0.000063
01101100 0.000112 0.000012
11011101 0.000151 0.000030
10010111 0.000092 0.000070
11011001 0.000016 0.000003
10100011 0.000193 0.000044
10001111 0.000170 0.000074
00001101 0.000010 0.000014
00101011 0.000080 0.000029
11011011 0.000107 0.000040
01001100 0.000129 0.000021
00101010 0.000045 0.000041
00011001 0.000031 0.000042
00010001 0.000170 0.000112
01010110 0.000079 0.000044
01011011 0.000137 0.000046
10001101 0.000139 0.000024
11010110 0.000148 0.000074
01001110 0.000104 0.000038
11111001 0.000014 0.000019
01000100 0.000045 0.000037
00011011 0.000142 0.000024
00110101 0.000385 0.000074
00011111 0.000091 0.000041
10101101 0.000066 0.000051
00010011 0.000121 0.000063
00010100 0.000043 0.000030
01100110 0.000040 0.000017
10100111 0.000061 0.000053
10100110 0.000098 0.000053
00010111 0.000018 0.000020
00110100 0.000108 0.000042
00000001 0.000060 0.000039
00100001 0.000048 0.000032
10100100 0.000074 0.000015
00101111 0.000020 0.000012
00100110 0.000013 0.000018
11110110 0.000028 0.000006
10100101 0.000080 0.000036
00011000 0.000144 0.000045
00010101 0.000080 0.000012
01111000 0.000011 0.000006
00000011 0.000036 0.000021
00100000 0.000009 0.000007
00100101 0.000022 0.000025
00100010 0.000031 0.000012
11110111 0.000100 0.000052
00001111 0.000010 0.000015
11010100 0.000016 0.000019
11101000 0.000020 0.000026
01011010 0.000008 0.000007
00100011 0.000034 0.000013
01100000 0.000004 0.000004
00000101 0.000010 0.000012
01101010 0.000011 0.000008
01010000 0.000012 0.000009
11100100 0.000008 0.000007
00000111 0.000013 0.000016
01011001 0.000003 0.000001
00101000 0.000001 0.000002
00001011 0.000009 0.000013
00001001 0.000010 0.000014
