101011 0.026117 0.000566
110011 0.057817 0.001184
110111 0.057200 0.000520
000110 0.010117 0.000581
111011 0.040483 0.000531
011101 0.039800 0.000844
111010 0.012033 0.000674
011100 0.019033 0.000743
111001 0.010483 0.000534
101000 0.055950 0.001112
100011 0.033133 0.000552
111100 0.018433 0.000533
111111 0.022883 0.000473
001101 0.014050 0.000071
010101 0.044250 0.000624
010111 0.049200 0.002292
000111 0.018017 0.000793
101010 0.033600 0.000408
101100 0.010183 0.000225
001010 0.014183 0.001124
010100 0.018350 0.000721
111000 0.014617 0.000379
110101 0.030633 0.000248
111101 0.035783 0.000606
001000 0.026700 0.000584
001100 0.037917 0.000850
000100 0.032567 0.001064
000101 0.015933 0.000340
000011 0.010383 0.000694
011111 0.015433 0.001093
100010 0.024350 0.000357
110100 0.012583 0.000857
010011 0.011083 0.000566
110010 0.011450 0.000872
000010 0.011350 0.000517
