0110011 0.121051 0.000999
1001100 0.109577 0.001921
0111011 0.045513 0.000746
0100001 0.000381 0.000063
1001001 0.000485 0.000085
0000010 0.045965 0.000573
0000011 0.031508 0.000669
1111011 0.022296 0.000786
1111111 0.012435 0.000468
0110111 0.002689 0.000183
0110101 0.002693 0.000422
1001101 0.063922 0.000960
1001011 0.005280 0.000141
0111010 0.020197 0.000692
0001100 0.014345 0.000419
1110011 0.015869 0.001011
0101101 0.003895 0.000383
1100010 0.000453 0.000038
1101101 0.023615 0.000510
1111101 0.056656 0.000618
1111110 0.005239 0.000263
0101011 0.007360 0.000500
0001101 0.006526 0.000210
1111100 0.034257 0.001002
0001000 0.002365 0.000047
0111000 0.002339 0.000500
0010010 0.021994 0.000575
1000010 0.006597 0.000295
0001011 0.006583 0.000438
0000000 0.001708 0.000067
0101010 0.005453 0.000306
0101100 0.003806 0.000100
0110010 0.033897 0.000417
0111001 0.005521 0.000372
0011101 0.001147 0.000149
1000100 0.007201 0.000177
1000011 0.009338 0.000452
1011100 0.021664 0.001056
0010000 0.000704 0.000165
0110001 0.002640 0.000076
1101010 0.001596 0.000122
0111101 0.014373 0.000966
0001001 0.001709 0.000232
0111100 0.008336 0.000122
0001010 0.013728 0.000637
1011111 0.000676 0.000241
1011101 0.009045 0.000373
0010011 0.010058 0.000481
1110101 0.003519 0.000409
1100101 0.001012 0.000180
0100011 0.011381 0.000566
0011100 0.003658 0.000418
0011010 0.005592 0.000204
1001110 0.007368 0.000228
0010100 0.001166 0.000081
0000100 0.003159 0.000225
0111111 0.002739 0.000269
1111010 0.005915 0.000312
1000110 0.002860 0.000138
0101111 0.000485 0.000057
0010001 0.000655 0.000062
1110111 0.004155 0.000230
1001010 0.004827 0.000149
1001111 0.005618 0.000320
1000111 0.002992 0.000234
1101100 0.018214 0.000731
1101011 0.004354 0.000315
1101111 0.003307 0.000204
1011010 0.001579 0.000042
1010011 0.002563 0.000374
1010010 0.002551 0.000306
1000101 0.007962 0.000425
0001110 0.001479 0.000097
1100011 0.002608 0.000157
0111110 0.001550 0.000141
1010100 0.002244 0.000292
1111001 0.000673 0.000123
0100010 0.004858 0.000187
1011110 0.002017 0.000135
1100111 0.000622 0.000011
0011110 0.000527 0.000067
1110010 0.002584 0.000315
1110110 0.000939 0.000098
0000001 0.001874 0.000358
0010110 0.000640 0.000091
0000111 0.000842 0.000084
0011011 0.001703 0.000234
1101110 0.002130 0.000074
0110100 0.000681 0.000192
1100110 0.000151 0.000046
0011000 0.000675 0.000230
0101000 0.000767 0.000177
0110110 0.001079 0.000043
1011011 0.001128 0.000186
0110000 0.000936 0.000103
0000110 0.001320 0.000105
0000101 0.002360 0.000349
1010101 0.001746 0.000111
0101110 0.000480 0.000176
1010110 0.001034 0.000111
0011001 0.000303 0.000133
0100101 0.000509 0.000042
0010111 0.000218 0.000024
1000001 0.000286 0.000113
1110100 0.000873 0.000118
1000000 0.000115 0.000010
0001111 0.000708 0.000114
0101001 0.001102 0.000228
0010101 0.000451 0.000118
0100111 0.000325 0.000095
1010111 0.000726 0.000122
1110001 0.000184 0.000037
1111000 0.000269 0.000035
1001000 0.000405 0.000081
1100100 0.000180 0.000073
0100110 0.000200 0.000052
1101001 0.000237 0.000094
1011001 0.000189 0.000034
1101000 0.000106 0.000057
0100000 0.000133 0.000029
0100100 0.000206 0.000081
0011111 0.000144 0.000103
1011000 0.000098 0.000021
1010001 0.000050 0.000043
1010000 0.000011 0.000017
1110000 0.000015 0.000000
