0000000 0.073600 0.001675
1111111 0.100498 0.001621
0100000 0.091919 0.001804
1100101 0.005427 0.000469
1111101 0.018263 0.000353
1011111 0.083774 0.000628
1011001 0.008593 0.000157
0010001 0.001890 0.000144
0100001 0.020730 0.001580
1100010 0.008790 0.000404
1011100 0.000847 0.000088
0101001 0.003388 0.000178
1001010 0.000603 0.000054
1000010 0.004621 0.000132
0110010 0.030523 0.000458
0110000 0.020084 0.000798
1101111 0.011562 0.000578
0100010 0.037935 0.000690
1111011 0.003265 0.000181
1110110 0.012271 0.000451
0111010 0.010591 0.000444
1011010 0.012927 0.000436
1100110 0.018459 0.000586
1100111 0.019207 0.000256
0101100 0.000275 0.000038
0111110 0.001380 0.000157
0011101 0.005058 0.000185
1110010 0.010235 0.000780
1001111 0.005932 0.000085
1111110 0.014729 0.000710
1101101 0.007905 0.000278
1000111 0.006325 0.000104
0011010 0.006585 0.000287
1011101 0.032587 0.000321
1000000 0.005977 0.000655
0100111 0.005206 0.000312
0111111 0.003759 0.000474
0001001 0.002399 0.000313
0011001 0.008082 0.000374
0011100 0.000344 0.000070
1010010 0.008411 0.000244
0011000 0.006640 0.000292
1011110 0.013406 0.000422
1111010 0.009643 0.000243
1010110 0.007959 0.000258
1011000 0.002384 0.000354
1000001 0.003138 0.000182
1101001 0.000844 0.000056
1100000 0.003467 0.000246
0010000 0.016616 0.000478
0000010 0.013332 0.000660
0000101 0.005906 0.000386
0111101 0.006856 0.000294
0110110 0.004911 0.000540
1000110 0.006881 0.000557
0100101 0.011970 0.000378
0111000 0.006113 0.000445
0011111 0.001095 0.000180
0111100 0.000531 0.000088
0100011 0.003480 0.000093
1000100 0.001590 0.000226
0000001 0.014107 0.000353
1010000 0.001304 0.000104
1001101 0.012411 0.000206
0110001 0.002890 0.000095
1111100 0.000360 0.000004
0110101 0.001376 0.000068
0111001 0.006469 0.000459
0001000 0.002473 0.000110
0101000 0.003051 0.000142
1001001 0.001829 0.000214
0001100 0.000289 0.000091
0000100 0.005157 0.000523
0010010 0.012761 0.000748
1000101 0.006060 0.000248
0001101 0.002109 0.000279
1010111 0.004102 0.000185
0100110 0.010002 0.000204
1100011 0.001345 0.000252
1110111 0.008427 0.000425
0101101 0.003904 0.000224
1001100 0.000242 0.000088
1001110 0.000733 0.000132
0101010 0.001265 0.000060
1111000 0.000882 0.000061
0000110 0.001790 0.000402
0011011 0.001330 0.000202
1011011 0.003207 0.000214
1111001 0.002812 0.000412
0110011 0.001621 0.000238
0110100 0.001047 0.000165
0101110 0.000336 0.000142
1101110 0.001726 0.000056
1110001 0.000258 0.000081
0111011 0.003180 0.000209
0100100 0.007899 0.000835
0010101 0.000890 0.000050
0110111 0.001411 0.000259
0001010 0.000509 0.000050
1100100 0.001275 0.000192
0010110 0.000885 0.000074
1010011 0.000383 0.000033
1010101 0.000938 0.000067
0000011 0.001034 0.000194
1110000 0.000770 0.000281
1110011 0.000688 0.000153
1001000 0.000594 0.000058
1101011 0.000201 0.000017
0001110 0.000071 0.000019
1000011 0.000435 0.000046
1110101 0.000855 0.000159
0010011 0.000573 0.000127
1100001 0.002057 0.000235
0010100 0.000689 0.000139
1101010 0.000748 0.000120
0011110 0.000552 0.000091
1010100 0.000298 0.000116
0101111 0.000710 0.000215
0000111 0.000785 0.000074
1001011 0.000110 0.000041
1010001 0.000561 0.000094
0101011 0.000381 0.000097
0010111 0.000177 0.000048
1101000 0.000232 0.000028
1110100 0.000181 0.000056
0001011 0.000084 0.000064
0001111 0.000169 0.000026
1101100 0.000282 0.000178
