10100 0.022280 0.001338
11011 0.179060 0.003245
10110 0.056020 0.001174
11111 0.088300 0.000903
11110 0.046620 0.000784
11001 0.053980 0.001678
01110 0.009460 0.000246
01101 0.023820 0.001898
00110 0.060080 0.001021
00001 0.022760 0.001264
10011 0.018240 0.000397
00100 0.135540 0.004367
10010 0.009800 0.000294
01011 0.031780 0.000467
00010 0.010800 0.000389
01001 0.047640 0.000414
11101 0.026520 0.000554
00011 0.011900 0.000347
00000 0.022540 0.001287
00101 0.018660 0.000767
10111 0.013560 0.000706
01000 0.003500 0.000028
10101 0.004480 0.000049
11100 0.014280 0.000123
01100 0.016080 0.000343
10001 0.007120 0.000455
11010 0.010580 0.000701
00111 0.008740 0.000557
10000 0.004060 0.000539
01111 0.015640 0.000807
01010 0.002560 0.000370
11000 0.003600 0.000524
