100100 0.125632 0.004234
110011 0.016945 0.000897
011011 0.156321 0.001663
011110 0.047352 0.000898
000100 0.216573 0.003163
001110 0.007472 0.000656
111011 0.149841 0.000575
110010 0.002027 0.000090
011010 0.007752 0.000403
100000 0.006778 0.000444
101011 0.006255 0.000430
011111 0.029434 0.000818
111111 0.005032 0.000143
100001 0.038258 0.000651
100101 0.014439 0.000911
001100 0.015326 0.001475
110001 0.008054 0.000449
000101 0.004008 0.000374
011001 0.004691 0.000446
000001 0.000381 0.000136
000111 0.001622 0.000061
000110 0.018475 0.001045
100111 0.006900 0.000117
010100 0.012800 0.000431
110110 0.004297 0.000130
010110 0.006488 0.000330
100011 0.015726 0.000510
100110 0.012495 0.000551
011000 0.002641 0.000435
001101 0.001659 0.000200
101101 0.001103 0.000282
011100 0.007688 0.000246
101100 0.003765 0.000187
111001 0.004924 0.000433
010000 0.001525 0.000312
010001 0.000359 0.000154
101110 0.002107 0.000261
110100 0.005248 0.000272
111010 0.001547 0.000229
101001 0.002375 0.000151
111100 0.000910 0.000058
001111 0.003048 0.000016
110000 0.002940 0.000245
011101 0.001322 0.000117
010111 0.000875 0.000257
001011 0.000630 0.000072
110111 0.002984 0.000233
111110 0.003690 0.000187
001001 0.000289 0.000109
000010 0.000037 0.000027
110101 0.001034 0.000083
000000 0.000564 0.000030
010010 0.000804 0.000292
010101 0.000335 0.000083
010011 0.000340 0.000078
101111 0.002339 0.000213
111000 0.000582 0.000180
111101 0.000318 0.000110
100010 0.000370 0.000129
101000 0.000102 0.000022
001000 0.000119 0.000047
000011 0.000017 0.000024
101010 0.000033 0.000047
