10111 0.209115 0.001297
11101 0.020058 0.000594
11000 0.071916 0.001924
11110 0.008555 0.000439
01000 0.164919 0.001365
11001 0.060430 0.002717
00111 0.063516 0.000473
10100 0.004633 0.000333
01001 0.031843 0.000107
01110 0.023264 0.000512
11100 0.015855 0.000346
10110 0.023740 0.000660
00000 0.010492 0.000504
10001 0.041358 0.000791
00010 0.002812 0.000221
00110 0.030402 0.000567
01111 0.022360 0.000358
01010 0.005789 0.000294
01100 0.039166 0.000735
00011 0.004521 0.000245
10101 0.014407 0.000711
10011 0.031883 0.001107
00101 0.006765 0.000911
11111 0.027874 0.000979
01011 0.002608 0.000215
10000 0.017532 0.000689
01101 0.022263 0.000491
00001 0.006495 0.000329
11011 0.004437 0.000356
00100 0.004296 0.000510
10010 0.004099 0.000435
11010 0.002597 0.000189
