101011 0.072021 0.002232
101111 0.019194 0.000848
111011 0.097324 0.001521
111010 0.046828 0.000842
110110 0.018729 0.000851
111101 0.012347 0.000586
101001 0.039754 0.000864
010001 0.010793 0.000908
101010 0.033876 0.000877
111111 0.029419 0.000279
100111 0.003616 0.000182
101101 0.008577 0.000874
000001 0.008936 0.000714
011100 0.005842 0.000414
001001 0.008720 0.000359
010110 0.023114 0.000886
000101 0.037523 0.001442
010000 0.003187 0.000257
110010 0.006730 0.000419
111110 0.037168 0.001569
000100 0.060857 0.000411
001101 0.007734 0.000238
010100 0.053803 0.000284
101110 0.024572 0.000796
000110 0.021697 0.000230
001010 0.005687 0.000533
110001 0.013858 0.000637
111001 0.049902 0.000426
110111 0.015723 0.000626
100110 0.004269 0.000311
101000 0.007131 0.000626
110100 0.004706 0.000186
011110 0.009421 0.000766
011111 0.004587 0.000488
010010 0.001984 0.000238
011101 0.004759 0.000215
011010 0.003211 0.000493
001110 0.016213 0.000698
110101 0.010395 0.000323
100011 0.003991 0.000316
010101 0.040828 0.001078
100010 0.001667 0.000249
000011 0.002392 0.000284
111000 0.008214 0.000110
000000 0.002803 0.000317
010111 0.008760 0.000330
110011 0.016669 0.001195
011001 0.005089 0.000334
111100 0.006790 0.000066
010011 0.003161 0.000287
001011 0.007375 0.000403
000111 0.007884 0.000344
100001 0.002767 0.000390
110000 0.001680 0.000339
001000 0.003728 0.000399
001111 0.006274 0.000257
011000 0.001770 0.000304
011011 0.004330 0.000306
001100 0.009471 0.000494
101100 0.004680 0.000407
100100 0.001303 0.000139
100101 0.002367 0.000236
000010 0.001463 0.000088
100000 0.000340 0.000055
