01010 0.042471 0.000905
10111 0.199779 0.001159
10110 0.025416 0.000518
01110 0.037843 0.001661
01111 0.063883 0.001242
10101 0.048297 0.000620
00000 0.060768 0.001900
01000 0.140026 0.001632
10001 0.021360 0.000834
01101 0.029644 0.000713
00001 0.018006 0.000970
01001 0.010116 0.000170
10010 0.033845 0.001289
00010 0.036353 0.000805
11111 0.060474 0.001241
11101 0.021554 0.000219
11110 0.018753 0.000650
00110 0.003371 0.000218
01100 0.015373 0.001349
10000 0.042316 0.000891
10011 0.011524 0.000709
00101 0.005048 0.000633
11001 0.002618 0.000370
00111 0.010198 0.000631
11000 0.013741 0.000501
11100 0.004367 0.000160
11010 0.006607 0.000133
01011 0.004535 0.000481
00011 0.007060 0.000870
10100 0.002723 0.000204
11011 0.001054 0.000096
00100 0.000876 0.000139
