0101111 0.047725 0.000525
1010001 0.005901 0.000345
1000001 0.000432 0.000136
0110001 0.010191 0.000446
0001101 0.043872 0.001308
1001010 0.005761 0.000341
0111001 0.106572 0.001347
1011111 0.000790 0.000202
1010000 0.008630 0.000424
0011101 0.023818 0.000901
1111001 0.027713 0.001417
0000111 0.014539 0.001003
1000010 0.178161 0.000270
0101101 0.075554 0.001210
0101110 0.017964 0.000724
1011000 0.004549 0.000356
1100010 0.023455 0.000362
0111101 0.079988 0.002567
0111111 0.014082 0.000223
1010010 0.053493 0.000571
0100111 0.005386 0.000173
0110011 0.002789 0.000172
1111000 0.009892 0.000294
0110010 0.001593 0.000165
0001111 0.037455 0.000996
0111100 0.002162 0.000057
1111010 0.004819 0.000134
1100000 0.000982 0.000091
1101111 0.002768 0.000210
0001110 0.014840 0.000230
1110011 0.002015 0.000141
0000101 0.003196 0.000278
1111101 0.002824 0.000045
1001101 0.005715 0.000094
1110010 0.010953 0.000170
1011001 0.005322 0.000229
0011100 0.000565 0.000145
0100110 0.003135 0.000494
0101100 0.002706 0.000281
1000111 0.003100 0.000342
1000110 0.013725 0.000917
1000000 0.004619 0.000080
1001111 0.004658 0.000302
1011101 0.002009 0.000211
1001000 0.001890 0.000172
1101110 0.004219 0.000206
0111011 0.005547 0.000361
0111000 0.003968 0.000351
1001100 0.001884 0.000222
0000110 0.008529 0.000321
1110001 0.005865 0.000315
1101010 0.005093 0.000151
1101100 0.000983 0.000193
1111011 0.001878 0.000204
1001110 0.008801 0.000457
0111010 0.001967 0.000315
1010110 0.001000 0.000095
0011111 0.007788 0.000078
0001100 0.001934 0.000233
1010011 0.003784 0.000279
0011000 0.000249 0.000121
1110110 0.000125 0.000051
1011011 0.000523 0.000073
1101000 0.001783 0.000146
0010111 0.003046 0.000052
1100111 0.000481 0.000100
1110000 0.003312 0.000098
1101101 0.003859 0.000474
0100101 0.001266 0.000186
0111110 0.001541 0.000165
0110000 0.000649 0.000164
1111111 0.000577 0.000044
1011010 0.003296 0.000322
1001011 0.000112 0.000009
0011001 0.003704 0.000596
1100011 0.000312 0.000063
0110111 0.001505 0.000183
0100011 0.000183 0.000057
1010111 0.000616 0.000124
0110101 0.001135 0.000203
0010110 0.000572 0.000094
1000101 0.000643 0.000031
0010011 0.000774 0.000122
1100101 0.000203 0.000030
1000100 0.000594 0.000036
0011110 0.000774 0.000048
1100110 0.001721 0.000141
1011100 0.000353 0.000029
1101011 0.000128 0.000054
0010001 0.002134 0.000030
1111100 0.000397 0.000037
1001001 0.000138 0.000014
1000011 0.001769 0.000075
0010010 0.000479 0.000110
1111110 0.000287 0.000056
0010101 0.001440 0.000080
1010100 0.000218 0.000056
0000010 0.000208 0.000073
0110110 0.000373 0.000066
1010101 0.000317 0.000066
0100010 0.000384 0.000117
1101001 0.000215 0.000108
0000100 0.000146 0.000085
0011010 0.000031 0.000040
1011110 0.000360 0.000024
0010000 0.000106 0.000050
0010100 0.000062 0.000029
0011011 0.000266 0.000075
1110100 0.000035 0.000030
1110101 0.000127 0.000014
1100001 0.000135 0.000141
1100100 0.000130 0.000047
1110111 0.000150 0.000021
0101010 0.000145 0.000039
0100100 0.000065 0.000035
0101001 0.000078 0.000055
0100000 0.000017 0.000014
0110100 0.000031 0.000041
0101011 0.000061 0.000044
0000011 0.000063 0.000054
0100001 0.000000 0.000000
0001010 0.000020 0.000019
0101000 0.000017 0.000017
0000001 0.000002 0.000002
0001011 0.000015 0.000021
