001001 0.146751 0.000616
110110 0.129674 0.001128
000011 0.020861 0.000540
010110 0.030143 0.000398
011011 0.014246 0.001101
011010 0.009040 0.000234
010011 0.007016 0.000504
010101 0.006485 0.000257
100011 0.037565 0.000885
111110 0.073775 0.001613
110100 0.035807 0.000432
000001 0.035369 0.001071
100100 0.008240 0.000659
111000 0.000529 0.000052
010100 0.046426 0.001305
101011 0.046039 0.000257
111100 0.032564 0.000216
101001 0.027541 0.000414
011100 0.052936 0.000706
101000 0.000613 0.000082
101101 0.003631 0.000162
011101 0.006286 0.000437
101100 0.006294 0.000253
011001 0.015516 0.000891
011110 0.019507 0.001174
000010 0.001301 0.000039
110111 0.011669 0.000595
001010 0.002713 0.000278
110011 0.008050 0.000351
111011 0.012991 0.000302
111010 0.010452 0.000335
101110 0.004986 0.000390
010111 0.002946 0.000248
100001 0.010860 0.000561
110010 0.004625 0.000200
010001 0.003610 0.000368
001101 0.002660 0.000285
001011 0.035947 0.001419
100110 0.008327 0.000686
110001 0.000833 0.000067
001100 0.002765 0.000104
000100 0.003113 0.000256
111111 0.007397 0.000260
000101 0.003477 0.000240
011111 0.002549 0.000057
100111 0.004654 0.000374
100101 0.005428 0.000287
101111 0.002447 0.000172
101010 0.006474 0.000526
000111 0.000522 0.000126
111001 0.003031 0.000320
010010 0.003329 0.000622
110101 0.005938 0.000421
111101 0.005198 0.000829
100010 0.003576 0.000108
001000 0.001681 0.000193
011000 0.001832 0.000147
000000 0.000150 0.000011
000110 0.000425 0.000080
001111 0.000282 0.000019
001110 0.000529 0.000092
010000 0.000229 0.000047
100000 0.000134 0.000092
110000 0.000017 0.000024
