00000100 0.080247 0.000294
10000011 0.041104 0.000506
00000010 0.073133 0.000726
11111001 0.042044 0.000428
11111100 0.103118 0.000195
11111101 0.030180 0.000297
11111000 0.010703 0.000310
00000111 0.015096 0.000319
00000011 0.122271 0.000639
01000010 0.011095 0.000705
00010011 0.021505 0.001039
00010100 0.017377 0.000931
00100011 0.010874 0.000251
01000100 0.011727 0.000237
11111011 0.031842 0.000935
00000110 0.020685 0.000190
10111011 0.017415 0.000271
00001011 0.017287 0.000558
00010010 0.012474 0.000470
01000011 0.015081 0.000411
00000101 0.015449 0.000403
