011010 0.032072 0.000910
100001 0.057629 0.001463
011110 0.093772 0.001298
111111 0.010332 0.000219
100100 0.019567 0.000535
110001 0.024655 0.000368
111100 0.026005 0.001910
110100 0.029186 0.000640
000011 0.015808 0.000486
000001 0.040341 0.002016
110101 0.034026 0.001107
001011 0.019420 0.001416
100101 0.045692 0.002012
111110 0.041830 0.001857
101110 0.006179 0.000085
001000 0.036863 0.001452
011011 0.031450 0.001170
100111 0.007378 0.000470
001001 0.058293 0.002151
010110 0.024986 0.001285
111101 0.004593 0.000795
101100 0.020130 0.000511
000101 0.003420 0.000041
111001 0.008938 0.000296
011001 0.006417 0.000312
111010 0.003599 0.000173
110011 0.011421 0.001028
101000 0.007007 0.000188
000000 0.001689 0.000276
011100 0.004232 0.000466
001111 0.004194 0.000331
101001 0.034383 0.000272
011111 0.017683 0.000709
010011 0.026856 0.000764
100110 0.005811 0.000408
110110 0.034645 0.000434
110111 0.031807 0.000506
111000 0.004768 0.000327
001110 0.012098 0.000573
010010 0.002107 0.000297
001010 0.011866 0.000933
000111 0.004872 0.000334
010111 0.019151 0.000679
101101 0.009097 0.001194
001100 0.007558 0.000593
100011 0.004465 0.000657
111011 0.008535 0.000399
010001 0.003878 0.000369
011000 0.010567 0.001134
000100 0.002128 0.000392
000110 0.003618 0.000275
010100 0.000899 0.000208
100000 0.000961 0.000072
101111 0.002231 0.000310
101010 0.000544 0.000089
110000 0.000830 0.000235
101011 0.002889 0.000183
001101 0.002399 0.000100
011101 0.000292 0.000020
000010 0.000606 0.000101
010000 0.000508 0.000080
010101 0.000469 0.000183
100010 0.000014 0.000016
110010 0.000340 0.000058
