0001111 0.025588 0.001620
0000100 0.077359 0.000289
1101111 0.067221 0.000397
1001100 0.035016 0.000749
1100100 0.012491 0.000420
0111011 0.008417 0.000302
0010100 0.044468 0.000573
1010000 0.013364 0.000829
0010001 0.014063 0.000325
0011011 0.002714 0.000219
0111111 0.020241 0.000629
1110011 0.047857 0.001524
1110001 0.036356 0.000459
1101100 0.018679 0.000539
1111111 0.029838 0.000263
0001100 0.022622 0.000495
0101111 0.048476 0.001168
1001111 0.008268 0.000704
1111100 0.007933 0.000356
0110000 0.002465 0.000344
0110100 0.002667 0.000174
0011100 0.012614 0.000673
0110011 0.016414 0.000251
1001110 0.010846 0.000511
1000100 0.022998 0.000248
1010001 0.009831 0.000374
1100011 0.013663 0.000834
1001101 0.001268 0.000096
0100100 0.005501 0.000209
0010000 0.039745 0.000827
1111011 0.029351 0.001180
1111001 0.001216 0.000150
1010101 0.003440 0.000150
1100000 0.010279 0.000879
1110000 0.010724 0.000368
1101011 0.034401 0.000965
1111000 0.004070 0.000342
0000000 0.012877 0.000470
0000001 0.000997 0.000171
0000010 0.000218 0.000038
0001110 0.010368 0.000169
1010100 0.011428 0.000337
1101000 0.005372 0.000672
1110100 0.006714 0.000360
1010110 0.000254 0.000072
0001101 0.000747 0.000166
1001000 0.005047 0.000061
1101110 0.009113 0.000055
0011111 0.010330 0.000775
0101011 0.006924 0.000207
0010101 0.006260 0.000300
0010011 0.003796 0.000224
1011100 0.015457 0.000759
1011111 0.004446 0.000429
0110001 0.006440 0.000491
0011000 0.001589 0.000198
1100001 0.004106 0.000373
1100111 0.004659 0.000092
1100101 0.003742 0.000074
1011110 0.003563 0.000337
1000110 0.000548 0.000085
0000110 0.001438 0.000103
1100110 0.000586 0.000106
0100111 0.003742 0.000032
0100011 0.004601 0.000453
1000000 0.009236 0.000233
0111100 0.001184 0.000178
0010110 0.000584 0.000080
1110111 0.004856 0.000200
1011101 0.001227 0.000209
1011001 0.000627 0.000070
1011000 0.004875 0.000350
0101100 0.001897 0.000043
1110101 0.006030 0.000105
0001011 0.001014 0.000008
0000101 0.004017 0.000381
0101110 0.003149 0.000157
0010111 0.000846 0.000236
1110110 0.000203 0.000015
1001001 0.000189 0.000049
1010011 0.002269 0.000261
0110111 0.002900 0.000213
0011101 0.000864 0.000298
1111110 0.002920 0.000098
1011011 0.001831 0.000266
0100101 0.000870 0.000072
1101001 0.000531 0.000158
1000001 0.000985 0.000110
0100000 0.001291 0.000198
1001011 0.000755 0.000129
1001010 0.001667 0.000209
1101010 0.003454 0.000223
1111010 0.001998 0.000234
0001000 0.000691 0.000111
1000011 0.000197 0.000081
1000111 0.000081 0.000040
0011010 0.000462 0.000046
0010010 0.000492 0.000197
1101101 0.001581 0.000010
1011010 0.001238 0.000072
0110101 0.001913 0.000269
0100001 0.000546 0.000018
1110010 0.000567 0.000047
1000101 0.001866 0.000030
0011110 0.003674 0.000253
1111101 0.001394 0.000207
1010111 0.000319 0.000091
1100010 0.000819 0.000073
0111000 0.000221 0.000039
0110110 0.000222 0.000062
0110010 0.000082 0.000050
0000111 0.000523 0.000089
0100110 0.000267 0.000075
0111110 0.000842 0.000142
1010010 0.000287 0.000056
0111101 0.000229 0.000043
0111010 0.000128 0.000046
0111001 0.000021 0.000015
0011001 0.000306 0.000098
0001010 0.000149 0.000093
0100010 0.000108 0.000026
0101010 0.000116 0.000037
1000010 0.000174 0.000084
0101000 0.000061 0.000035
0000011 0.000282 0.000092
0101001 0.000006 0.000005
0101101 0.000033 0.000036
0001001 0.000011 0.000013
