101100 0.006292 0.000177
001100 0.152225 0.001067
101001 0.027051 0.000260
001000 0.065962 0.000777
110011 0.120417 0.001390
100001 0.023463 0.000428
111011 0.113750 0.000655
000001 0.003924 0.000311
111111 0.045592 0.001723
000000 0.037345 0.001288
100011 0.019079 0.000534
000100 0.085364 0.000120
011100 0.037447 0.000432
111101 0.004174 0.000168
011110 0.043497 0.001150
111001 0.006771 0.000429
010110 0.025938 0.000820
111100 0.001838 0.000066
101011 0.015942 0.000351
010100 0.021840 0.000488
000101 0.003617 0.000334
001001 0.003560 0.000509
000110 0.003989 0.000473
101110 0.000319 0.000028
010101 0.002060 0.000127
001010 0.003937 0.000198
101010 0.000494 0.000045
110111 0.023081 0.000951
100100 0.001744 0.000036
011011 0.003028 0.000193
011010 0.008816 0.000152
101000 0.006010 0.000507
010111 0.010290 0.000454
011111 0.008819 0.000334
011000 0.007146 0.000144
110101 0.001326 0.000136
100101 0.001063 0.000026
001101 0.004517 0.000218
100000 0.001060 0.000088
001110 0.006830 0.000630
110001 0.005428 0.000249
010010 0.005227 0.000315
000011 0.001158 0.000124
111010 0.001170 0.000101
111110 0.002249 0.000109
011101 0.002719 0.000108
001011 0.000694 0.000120
010011 0.005690 0.000234
010000 0.003836 0.000114
101111 0.001161 0.000142
110100 0.000584 0.000047
100010 0.000085 0.000016
110010 0.000130 0.000051
111000 0.000657 0.000144
101101 0.003537 0.000347
100111 0.000452 0.000056
000010 0.002085 0.000132
110110 0.000471 0.000168
100110 0.000102 0.000076
001111 0.000594 0.000104
011001 0.000904 0.000126
000111 0.000483 0.000035
110000 0.000106 0.000025
010001 0.000864 0.000181
