01001111 0.031847 0.000666
10110001 0.114417 0.001810
01011011 0.005291 0.000322
11111011 0.032512 0.000987
00110101 0.018258 0.000041
11111001 0.009367 0.000196
10111000 0.003441 0.000114
11111110 0.018497 0.000242
10100000 0.001863 0.000015
00000101 0.021663 0.000489
10110011 0.013768 0.000324
01000010 0.003807 0.000314
11111010 0.015509 0.001010
10110000 0.014081 0.000734
11011011 0.002852 0.000393
01000011 0.006673 0.000468
00010101 0.005976 0.000183
10110101 0.041785 0.000733
11111111 0.012578 0.000394
01000110 0.023915 0.000479
01010101 0.002409 0.000356
10111111 0.004878 0.000628
10110100 0.020340 0.000048
01001011 0.023407 0.000510
01001110 0.101945 0.001903
10100110 0.002172 0.000103
01101110 0.007648 0.000303
10111001 0.026275 0.000268
00000100 0.017871 0.000783
01010001 0.000666 0.000320
01110100 0.001425 0.000350
01001010 0.025587 0.000265
01011100 0.001337 0.000201
10100001 0.013945 0.001131
01111110 0.018378 0.000410
01111010 0.006919 0.000495
10110010 0.002478 0.000275
10111101 0.009210 0.000527
11101011 0.002306 0.000365
01000111 0.011806 0.000346
01001101 0.002458 0.000036
01000100 0.007393 0.000368
10100111 0.002240 0.000155
00000110 0.008507 0.000335
10010001 0.002883 0.000356
01101010 0.003144 0.000234
10100101 0.005333 0.000542
01111100 0.001784 0.000133
00111100 0.000858 0.000089
00010100 0.004490 0.000090
10000100 0.001031 0.000157
00100101 0.004308 0.000289
10111011 0.012685 0.000268
00010011 0.000527 0.000152
01111011 0.009848 0.000110
10100011 0.006012 0.000126
01111111 0.008692 0.000240
00010001 0.001766 0.000243
01011111 0.006267 0.000419
11111101 0.003009 0.000072
00110100 0.013194 0.000706
01011110 0.014521 0.000166
10000011 0.002710 0.000034
00001101 0.000413 0.000074
11011010 0.001693 0.000112
11010001 0.000389 0.000016
00000001 0.005873 0.000280
10111110 0.004241 0.000186
00000111 0.005952 0.000267
11001011 0.001896 0.000100
01110011 0.000551 0.000013
00110001 0.006577 0.000253
01001100 0.002023 0.000219
10101011 0.002355 0.000440
01011101 0.001621 0.000193
01100001 0.000096 0.000065
00111011 0.000522 0.000156
01010011 0.001023 0.000144
01101111 0.002778 0.000457
11000011 0.000822 0.000103
01010110 0.002236 0.000378
00100001 0.001473 0.000181
01010100 0.001984 0.000357
10001000 0.000079 0.000066
10111100 0.004357 0.000017
00100110 0.001277 0.000122
01000101 0.008616 0.000231
00010000 0.000288 0.000102
11001111 0.000814 0.000171
00111111 0.000793 0.000140
10010100 0.000689 0.000114
01001001 0.000706 0.000074
00010010 0.000176 0.000086
11101010 0.002616 0.000167
11101110 0.002482 0.000253
00000011 0.003864 0.000483
01010111 0.001070 0.000214
01111001 0.001037 0.000091
10101001 0.001659 0.000296
10010101 0.001237 0.000212
11110111 0.000390 0.000163
00110110 0.001539 0.000117
10110111 0.005230 0.000526
10110110 0.004271 0.000095
10011001 0.000391 0.000075
00101110 0.000410 0.000166
10000000 0.000523 0.000100
00111101 0.001232 0.000087
00010111 0.000598 0.000191
10111010 0.002852 0.000118
01011010 0.004427 0.000401
10011110 0.000086 0.000024
01011001 0.000538 0.000069
01110110 0.000901 0.000175
11110110 0.000318 0.000102
00110000 0.001010 0.000182
00000010 0.001357 0.000036
11110001 0.002027 0.000254
01110101 0.001252 0.000085
11000111 0.000358 0.000085
00111010 0.000225 0.000053
00001111 0.000651 0.000070
11101001 0.000190 0.000034
10101101 0.000881 0.000186
00100100 0.003099 0.000313
00100111 0.000813 0.000090
11110000 0.000285 0.000140
11110101 0.000870 0.000093
10101100 0.000412 0.000157
11011111 0.001379 0.000130
11011110 0.002009 0.000201
00110111 0.001187 0.000124
01110001 0.000617 0.000194
00010110 0.000773 0.000136
10000101 0.002086 0.000122
10101110 0.001173 0.000058
00011101 0.000138 0.000058
01000001 0.002361 0.000254
10000001 0.004500 0.000095
11100110 0.000233 0.000186
11111100 0.001350 0.000200
01100101 0.000438 0.000055
00001100 0.000268 0.000084
01111101 0.002570 0.000140
11111000 0.001072 0.000214
01101011 0.002446 0.000325
00001011 0.000370 0.000087
11001010 0.002737 0.000378
10100100 0.002432 0.000180
10010011 0.000737 0.000176
11000001 0.000421 0.000067
11010000 0.000067 0.000025
10101111 0.001072 0.000099
10000111 0.001179 0.000113
10100010 0.001223 0.000229
10011101 0.000143 0.000037
11100101 0.000102 0.000050
11010110 0.000116 0.000045
11001110 0.002573 0.000117
10101000 0.000222 0.000068
11101111 0.000757 0.000190
00001110 0.000954 0.000061
11100011 0.000281 0.000106
11000110 0.000319 0.000100
11110010 0.000147 0.000040
11110100 0.000433 0.000073
00111110 0.001055 0.000087
00110011 0.001142 0.000369
01101100 0.000137 0.000036
01100111 0.000637 0.000115
01101001 0.000067 0.000030
10001011 0.000453 0.000055
11011001 0.000375 0.000169
01110111 0.000643 0.000078
10000110 0.001031 0.000018
11010011 0.000179 0.000086
00011111 0.000095 0.000036
10000010 0.000734 0.000163
00000000 0.000807 0.000176
00110010 0.000335 0.000053
10001001 0.000362 0.000088
11100111 0.000176 0.000045
00011110 0.000134 0.000028
10101010 0.000782 0.000020
00100011 0.000917 0.000200
01100011 0.000467 0.000092
01110000 0.000140 0.000062
00111001 0.000502 0.000142
11110011 0.000785 0.000126
00011011 0.000116 0.000025
11010101 0.000169 0.000031
01100110 0.001003 0.000045
00101100 0.000157 0.000038
10011111 0.000140 0.000029
10001110 0.000267 0.000089
11011000 0.000045 0.000037
11100100 0.000042 0.000028
01110010 0.000224 0.000125
00101011 0.000273 0.000162
10010000 0.000323 0.000211
01111000 0.000160 0.000091
10001101 0.000200 0.000077
01101101 0.000209 0.000051
10001111 0.000265 0.000043
10010111 0.000296 0.000054
01000000 0.000410 0.000123
11101000 0.000058 0.000030
10010110 0.000280 0.000056
11000101 0.000209 0.000099
11000000 0.000038 0.000029
10010010 0.000196 0.000084
11001100 0.000058 0.000051
00100000 0.000295 0.000026
11100010 0.000141 0.000012
01010010 0.000502 0.000104
00001010 0.000314 0.000107
10011000 0.000055 0.000021
10011011 0.000261 0.000099
11001001 0.000141 0.000152
11100001 0.000254 0.000025
00101111 0.000331 0.000075
01010000 0.000099 0.000079
11010111 0.000095 0.000003
00101101 0.000144 0.000102
11011101 0.000187 0.000067
10011010 0.000053 0.000008
00011001 0.000066 0.000034
11101101 0.000055 0.000001
01100100 0.000334 0.000106
01100010 0.000299 0.000061
11001101 0.000048 0.000030
00011100 0.000167 0.000023
11000010 0.000243 0.000057
00001001 0.000200 0.000053
10001010 0.000213 0.000059
01001000 0.000141 0.000051
00011010 0.000035 0.000034
00100010 0.000136 0.000111
11000100 0.000073 0.000043
00101001 0.000102 0.000105
00101010 0.000122 0.000029
01011000 0.000085 0.000052
10001100 0.000092 0.000061
11010010 0.000066 0.000049
11100000 0.000035 0.000040
11010100 0.000079 0.000050
11001000 0.000008 0.000012
10011100 0.000065 0.000048
00111000 0.000077 0.000006
11011100 0.000093 0.000026
11101100 0.000066 0.000038
00011000 0.000005 0.000008
01101000 0.000027 0.000033
00101000 0.000013 0.000019
00001000 0.000013 0.000019
01100000 0.000013 0.000019
