10111110 0.013165 0.000574
10111010 0.015793 0.000499
00101111 0.004834 0.000373
10011010 0.024075 0.000299
11010010 0.023887 0.000255
01101101 0.014443 0.000791
00001110 0.002007 0.000110
10111101 0.001989 0.000082
01000101 0.019260 0.000723
00100101 0.024599 0.000164
00000101 0.016592 0.000524
00001101 0.006410 0.000783
10000111 0.003606 0.000307
00101101 0.029217 0.000095
01011001 0.008895 0.000430
10010011 0.007099 0.000121
10110010 0.003157 0.000067
11011111 0.004837 0.000709
01011101 0.001907 0.000083
00101110 0.008485 0.000433
11100111 0.000533 0.000172
11111111 0.002487 0.000394
11000110 0.008860 0.000059
10101110 0.010399 0.000237
00001011 0.004503 0.000223
11111010 0.017217 0.000985
11101011 0.000674 0.000211
11010111 0.005636 0.000397
11001110 0.010364 0.000327
10001001 0.000527 0.000087
01100101 0.010526 0.000447
10111011 0.005839 0.000264
10011111 0.004484 0.000667
11010101 0.010043 0.000659
11011010 0.034991 0.000596
10011001 0.004239 0.000811
10101111 0.004609 0.000286
10010010 0.015897 0.000391
11000101 0.004066 0.000474
11010011 0.007354 0.000606
00101010 0.003590 0.000220
00100010 0.000255 0.000063
01001001 0.010970 0.000662
10011011 0.014549 0.000668
01010010 0.000816 0.000045
01001010 0.003779 0.000038
11110101 0.006588 0.000350
00110001 0.002443 0.000278
11110010 0.005083 0.000363
01101001 0.005105 0.000578
10011110 0.007880 0.000461
11010110 0.020929 0.000804
01110101 0.003864 0.000260
11011110 0.016048 0.000460
11010001 0.014228 0.000423
11101110 0.012325 0.000526
11111110 0.015719 0.001093
10111111 0.005205 0.000379
01100111 0.000253 0.000069
00000001 0.007013 0.000520
00011010 0.001684 0.000089
00111001 0.005952 0.000193
10010110 0.012735 0.000678
01001101 0.012370 0.000357
11001010 0.005353 0.000338
11010000 0.007703 0.000276
11100010 0.000676 0.000074
11100001 0.000441 0.000046
10000101 0.002075 0.000418
01111001 0.004076 0.000134
01010001 0.013046 0.000130
10110101 0.003269 0.000141
10011000 0.001222 0.000192
11011011 0.013031 0.000475
01100100 0.005219 0.000197
11000100 0.000972 0.000359
11100110 0.004694 0.000368
10100110 0.003664 0.000223
00111101 0.004403 0.000347
11110110 0.008887 0.000931
10010101 0.004750 0.000153
00100100 0.005772 0.000501
11111001 0.005161 0.000200
11100100 0.000753 0.000080
00000111 0.001450 0.000290
11110000 0.002574 0.000407
01100000 0.000600 0.000089
01010101 0.005673 0.000115
11100101 0.003131 0.000301
10001110 0.004579 0.000316
10000110 0.005940 0.000544
00011001 0.006806 0.000126
10010001 0.009328 0.000353
11010100 0.004915 0.000243
11000010 0.001604 0.000197
01000001 0.007391 0.000060
10010111 0.004682 0.000236
11011001 0.008359 0.000399
10110110 0.005658 0.000228
10111001 0.003938 0.000194
00101100 0.003920 0.000212
01000100 0.004048 0.000326
00001001 0.011539 0.000646
00101001 0.011858 0.000415
01110000 0.000879 0.000231
01000110 0.002292 0.000053
00010001 0.009146 0.000088
11101010 0.004178 0.000474
10101011 0.002202 0.000233
10001111 0.004090 0.000238
00100011 0.000166 0.000043
00000100 0.002935 0.000357
00001010 0.003314 0.000036
11111100 0.001021 0.000059
00100001 0.002171 0.000145
01100110 0.001091 0.000164
01101010 0.001738 0.000108
11110100 0.003732 0.000322
01010100 0.001294 0.000231
00111100 0.000806 0.000120
00110101 0.003844 0.000355
01111101 0.003539 0.000142
00010000 0.001439 0.000139
00101000 0.001540 0.000058
10010000 0.005200 0.000294
10110011 0.000953 0.000161
11110001 0.005157 0.000087
10110111 0.001502 0.000069
01110001 0.002409 0.000239
11001011 0.003162 0.000165
11111101 0.003768 0.000363
00101011 0.001938 0.000356
10001010 0.003914 0.000303
01101100 0.003778 0.000230
10100111 0.001606 0.000102
11001001 0.000914 0.000246
10001011 0.003501 0.000049
00010101 0.003252 0.000337
01011011 0.001245 0.000332
00111111 0.000669 0.000192
01110100 0.001387 0.000239
11101111 0.002047 0.000285
01101110 0.004758 0.000361
00000110 0.001764 0.000359
10110001 0.002299 0.000357
11011101 0.002489 0.000117
01001110 0.003917 0.000476
11000000 0.000232 0.000028
11101101 0.002384 0.000151
00001100 0.000569 0.000042
01010000 0.002432 0.000388
10010100 0.002859 0.000081
10111100 0.000498 0.000136
10011101 0.001171 0.000120
10100011 0.000203 0.000047
11101001 0.001017 0.000251
01101111 0.000999 0.000088
00011000 0.000798 0.000118
01011010 0.002115 0.000117
01000111 0.001262 0.000121
10000100 0.000553 0.000129
11001111 0.003884 0.000037
00100110 0.002138 0.000332
10100101 0.001812 0.000050
01001111 0.002003 0.000287
01101000 0.001298 0.000195
00011110 0.000314 0.000085
00111011 0.001106 0.000174
01111000 0.001361 0.000237
11011000 0.002506 0.000326
01011110 0.000530 0.000048
10100010 0.000332 0.000067
00111110 0.001195 0.000182
10000011 0.000739 0.000121
01011000 0.001700 0.000326
00010011 0.000699 0.000034
01001100 0.001711 0.000357
01111011 0.000150 0.000115
11111011 0.002271 0.000230
10101010 0.003958 0.000480
11111000 0.001693 0.000195
00001000 0.000901 0.000164
01001011 0.002246 0.000305
11000111 0.003161 0.000309
00110000 0.000445 0.000044
01111100 0.000888 0.000226
00110100 0.000850 0.000097
10110100 0.001414 0.000164
10100100 0.000441 0.000091
10001101 0.000560 0.000198
01000010 0.000718 0.000121
00010010 0.000598 0.000095
00000010 0.000566 0.000110
11110111 0.001085 0.000095
00001111 0.002293 0.000095
11001101 0.001390 0.000197
10101101 0.001146 0.000145
10111000 0.000853 0.000130
01010011 0.000529 0.000211
11011100 0.000858 0.000022
00000000 0.001084 0.000047
00011011 0.002253 0.000227
01011100 0.000454 0.000135
00010100 0.000435 0.000038
01010111 0.000266 0.000054
10101001 0.000624 0.000203
01110110 0.000290 0.000058
10000010 0.001068 0.000072
01001000 0.001269 0.000116
01111010 0.000761 0.000102
10000001 0.000336 0.000058
10110000 0.000939 0.000180
00110110 0.000301 0.000074
00111010 0.001530 0.000154
01000011 0.000535 0.000254
00110111 0.000169 0.000029
00010111 0.000244 0.000036
01010110 0.000556 0.000155
01111110 0.000849 0.000064
00110010 0.000249 0.000039
00000011 0.000805 0.000040
01100010 0.000131 0.000068
11000001 0.000933 0.000170
01000000 0.001558 0.000325
00111000 0.001014 0.000140
10101100 0.000221 0.000009
10100000 0.000090 0.000063
00100000 0.000260 0.000087
11100000 0.000152 0.000112
01011111 0.000338 0.000033
00011101 0.000961 0.000067
01110010 0.000119 0.000005
01100001 0.001246 0.000222
00100111 0.001210 0.000148
11101100 0.000256 0.000147
11110011 0.000518 0.000052
01101011 0.000363 0.000126
00010110 0.000230 0.000132
01111111 0.000141 0.000062
11000011 0.000712 0.000011
01110011 0.000051 0.000028
11001000 0.000161 0.000091
00011111 0.000358 0.000022
00011100 0.000051 0.000003
11001100 0.000234 0.000159
10100001 0.000231 0.000010
10001000 0.000033 0.000024
10011100 0.000324 0.000048
01110111 0.000053 0.000051
10001100 0.000080 0.000040
00110011 0.000056 0.000021
11101000 0.000144 0.000095
10101000 0.000044 0.000032
11100011 0.000052 0.000034
10000000 0.000106 0.000088
01100011 0.000021 0.000019
