10111 0.100394 0.001294
10011 0.278635 0.002703
00000 0.021950 0.001586
01100 0.208623 0.003891
01000 0.105382 0.001346
10000 0.009897 0.000487
01101 0.040562 0.001014
01111 0.014192 0.000833
00101 0.010280 0.001120
10010 0.020682 0.000569
11010 0.010204 0.000031
11111 0.039525 0.000241
11011 0.021433 0.000493
01010 0.006865 0.000314
10110 0.003511 0.000407
10101 0.005942 0.000901
00010 0.002120 0.000265
00011 0.003447 0.000230
01110 0.015813 0.000683
10001 0.012067 0.001134
11101 0.004254 0.000253
11100 0.012416 0.000829
00001 0.008516 0.000613
01001 0.004987 0.000410
10100 0.001398 0.000116
11000 0.006639 0.000351
00111 0.006811 0.000501
11110 0.014657 0.000299
00100 0.005102 0.000346
00110 0.000870 0.000182
01011 0.001342 0.000076
11001 0.001482 0.000236
