011000 0.143607 0.002308
101101 0.124109 0.000214
100101 0.041915 0.001220
100111 0.075591 0.001413
010010 0.134474 0.001026
110111 0.017385 0.000331
111101 0.011419 0.000519
001010 0.006760 0.000576
101111 0.034789 0.000128
111010 0.001944 0.000203
001101 0.001348 0.000159
011100 0.089174 0.001513
100110 0.005880 0.000267
010000 0.010016 0.000407
011010 0.058119 0.000747
010001 0.002680 0.000292
110011 0.014171 0.000581
111100 0.001581 0.000291
000110 0.002267 0.000202
000100 0.001045 0.000094
000010 0.026369 0.000207
011110 0.012094 0.000702
101010 0.001267 0.000122
100010 0.012008 0.000692
111111 0.005698 0.000324
001000 0.008430 0.000328
110001 0.001061 0.000072
010011 0.025904 0.000496
001100 0.016015 0.000673
110010 0.015402 0.000682
100011 0.013735 0.000457
110101 0.005060 0.000183
011011 0.006338 0.000112
011001 0.011611 0.001015
010100 0.006445 0.000266
011101 0.006878 0.000404
110110 0.002685 0.000051
010111 0.001955 0.000155
101100 0.005487 0.000124
111011 0.002837 0.000260
101001 0.000457 0.000096
010101 0.001754 0.000368
000011 0.004776 0.000203
111000 0.001744 0.000379
110100 0.000534 0.000240
101000 0.000442 0.000014
011111 0.001139 0.000034
001110 0.002586 0.000315
100001 0.000245 0.000009
111001 0.002367 0.000100
001001 0.000636 0.000081
101110 0.001940 0.000221
010110 0.008700 0.000445
001011 0.000908 0.000053
100100 0.000682 0.000078
110000 0.000467 0.000041
100000 0.000120 0.000002
101011 0.002563 0.000181
001111 0.000401 0.000033
000000 0.000398 0.000078
000101 0.000269 0.000036
111110 0.000774 0.000169
000111 0.000412 0.000084
000001 0.000130 0.000013
