11101111 0.079164 0.002346
01100111 0.017428 0.000720
11011001 0.012359 0.000121
11011010 0.010299 0.000275
11100111 0.029467 0.000537
10011010 0.010009 0.000735
00011000 0.014063 0.000343
00010001 0.033028 0.000427
00100111 0.025876 0.000986
11101110 0.048472 0.001529
11011000 0.034169 0.000845
00011010 0.011837 0.000885
11101101 0.028900 0.001067
11010001 0.010185 0.000245
00100110 0.010979 0.000521
00010000 0.038448 0.000734
11101100 0.020533 0.000953
11010000 0.016552 0.001290
01010001 0.027550 0.000941
00010010 0.019171 0.001061
10101111 0.027082 0.001658
00000111 0.012973 0.000321
00010011 0.016561 0.000645
01010000 0.029660 0.000568
11100110 0.014666 0.000739
10101110 0.015071 0.000516
10011000 0.012022 0.000698
00101111 0.011141 0.000197
10100111 0.015821 0.001057
