00111000 0.030168 0.000700
10001101 0.001211 0.000197
10001111 0.017776 0.000278
01111000 0.074172 0.001049
00101000 0.005042 0.000228
11001010 0.005538 0.000342
01011000 0.023056 0.000642
10011111 0.005592 0.000649
01110100 0.010238 0.000702
10100011 0.009420 0.000184
00000000 0.001824 0.000088
00101001 0.003945 0.000197
10101111 0.016840 0.000288
11101111 0.006616 0.000492
11000011 0.039324 0.001346
10111101 0.012543 0.000187
01000000 0.002683 0.000243
10000011 0.034134 0.000713
00111100 0.026125 0.000695
01011100 0.008927 0.000537
00100001 0.003939 0.000169
00110000 0.018670 0.001031
01101001 0.003331 0.000225
01110000 0.025449 0.000224
10000111 0.052313 0.000988
11000010 0.009546 0.000451
11100010 0.000793 0.000049
01010101 0.004032 0.000360
11100011 0.005437 0.000218
11010110 0.001489 0.000202
10101000 0.001051 0.000071
11011110 0.001884 0.000089
01111110 0.003855 0.000332
11010111 0.008380 0.000082
11011111 0.007850 0.000267
10001011 0.010742 0.000530
01111010 0.008259 0.000243
10000001 0.001637 0.000277
01010000 0.035836 0.000265
10010111 0.010572 0.000741
10110111 0.003437 0.000328
11101010 0.001862 0.000242
10111111 0.009087 0.000231
11110101 0.001259 0.000174
11010101 0.003475 0.000159
10111000 0.001287 0.000134
10000110 0.005036 0.000110
10100111 0.014006 0.001394
10101011 0.011229 0.000158
11001111 0.015904 0.000263
01110101 0.003882 0.000295
01110001 0.006402 0.000257
11001011 0.023110 0.001049
01111100 0.032415 0.000169
10001110 0.001239 0.000144
10100101 0.001688 0.000159
11111101 0.006752 0.000407
11111100 0.002411 0.000095
01111111 0.000972 0.000164
01010001 0.008497 0.000315
11000111 0.029974 0.000812
01011110 0.001152 0.000122
10010101 0.005225 0.000176
01010010 0.002828 0.000199
11100111 0.003260 0.000090
00010101 0.002074 0.000126
01111001 0.013345 0.000878
11011100 0.000908 0.000201
11000110 0.006784 0.000730
01010100 0.013547 0.000200
10011001 0.000102 0.000028
10000101 0.003693 0.000096
01011011 0.000375 0.000109
11111011 0.000878 0.000082
00111001 0.005750 0.000218
00010110 0.000328 0.000022
10101110 0.001108 0.000083
01111101 0.009048 0.000459
01000100 0.000280 0.000073
11011101 0.003631 0.000353
00011000 0.001723 0.000173
10001010 0.001606 0.000224
00100000 0.005461 0.000357
00010100 0.004590 0.000277
11101011 0.009687 0.000343
10011101 0.002694 0.000199
10111100 0.003280 0.000268
00000100 0.000189 0.000105
10010011 0.000129 0.000057
00110100 0.014673 0.000402
00110001 0.003938 0.000605
11011001 0.000836 0.000150
10000010 0.006070 0.000225
11111111 0.005758 0.000202
00000011 0.000172 0.000089
00010000 0.006303 0.000135
01100001 0.001620 0.000195
01011001 0.003842 0.000194
00101101 0.000607 0.000132
01110010 0.002002 0.000333
00010001 0.001871 0.000238
01100000 0.002178 0.000266
00111101 0.009529 0.000354
10111110 0.001305 0.000176
11111001 0.001476 0.000042
11000001 0.001294 0.000039
01101000 0.004791 0.000298
01011101 0.002112 0.000216
10100001 0.001360 0.000117
00111010 0.002317 0.000142
10100110 0.000944 0.000091
00001000 0.000283 0.000083
11010010 0.000418 0.000120
11100001 0.000582 0.000063
00110101 0.005842 0.000409
11001001 0.000903 0.000225
01001000 0.001388 0.000113
00011001 0.000305 0.000023
00100010 0.000862 0.000022
00100100 0.000790 0.000098
11011000 0.000639 0.000040
00101010 0.001223 0.000180
10110101 0.003901 0.000235
01001011 0.000336 0.000129
11110110 0.000251 0.000100
11001110 0.003658 0.000113
11111010 0.001185 0.000098
11111110 0.001489 0.000196
11111000 0.002044 0.000153
00111111 0.000833 0.000115
01000010 0.000521 0.000037
10011110 0.000368 0.000035
00001011 0.000064 0.000030
01011010 0.003013 0.000320
11101110 0.000922 0.000226
10101101 0.003396 0.000096
11001101 0.000870 0.000097
01100110 0.000035 0.000035
01111011 0.001731 0.000390
10110001 0.000350 0.000148
01010110 0.001021 0.000153
01110110 0.000744 0.000064
01101111 0.000125 0.000034
00011100 0.000976 0.000077
00001101 0.000042 0.000033
00111110 0.001981 0.000308
00000001 0.001169 0.000072
01001001 0.000715 0.000264
00101011 0.000868 0.000041
11110111 0.001374 0.000276
11011011 0.000929 0.000167
00100101 0.000674 0.000158
00011101 0.000418 0.000050
10110100 0.001001 0.000146
11110100 0.000239 0.000149
00101100 0.000873 0.000082
11100110 0.000431 0.000100
10101010 0.001549 0.000254
11101001 0.001894 0.000339
10010110 0.000916 0.000080
10100010 0.001341 0.000023
00110010 0.000923 0.000216
11010011 0.000737 0.000176
10010100 0.000395 0.000104
01101010 0.001278 0.000218
10111011 0.000217 0.000008
11101101 0.000695 0.000120
11101000 0.000542 0.000131
01110111 0.000224 0.000079
01100101 0.000196 0.000065
10101001 0.002571 0.000069
01100111 0.000022 0.000012
00111011 0.000551 0.000045
10111001 0.000891 0.000162
11110001 0.000212 0.000068
11010001 0.000601 0.000124
00110111 0.000218 0.000090
00000010 0.000261 0.000120
00010010 0.000351 0.000073
11000101 0.001232 0.000301
00001010 0.000041 0.000030
11110011 0.000095 0.000067
00011010 0.000087 0.000055
01110011 0.000324 0.000102
01000001 0.001777 0.000230
00110110 0.000895 0.000100
10100000 0.000411 0.000138
01101101 0.000362 0.000094
01010011 0.000333 0.000041
01011111 0.000203 0.000020
00100011 0.000424 0.000121
00001001 0.000271 0.000064
01010111 0.000182 0.000024
01101011 0.001047 0.000136
10110000 0.000400 0.000073
10110110 0.000258 0.000095
11010000 0.000380 0.000066
11010100 0.000466 0.000113
01000101 0.000241 0.000106
01001100 0.000230 0.000021
10111010 0.000382 0.000065
11001000 0.000147 0.000081
10101100 0.000332 0.000069
10000000 0.000250 0.000105
11100101 0.000364 0.000085
00001100 0.000076 0.000079
10001001 0.000544 0.000075
01100100 0.000253 0.000043
11110000 0.000333 0.000046
11001100 0.000123 0.000025
11000000 0.000151 0.000056
00011111 0.000054 0.000036
10000100 0.000091 0.000033
01001101 0.000101 0.000091
00101111 0.000156 0.000116
01100010 0.000433 0.000075
00100110 0.000159 0.000021
10100100 0.000154 0.000035
11011010 0.000514 0.000056
00000101 0.000299 0.000088
01001010 0.000451 0.000052
01101100 0.000597 0.000048
10010000 0.000129 0.000057
00011110 0.000126 0.000061
11110010 0.000199 0.000045
11101100 0.000162 0.000078
11100000 0.000105 0.000010
00010111 0.000060 0.000068
10011010 0.000032 0.000043
01100011 0.000292 0.000071
10011100 0.000267 0.000049
10010001 0.000132 0.000059
01000110 0.000100 0.000029
00010011 0.000118 0.000054
10011000 0.000096 0.000022
10110010 0.000077 0.000013
01000011 0.000237 0.000072
10001000 0.000067 0.000029
10011011 0.000032 0.000022
00011011 0.000017 0.000017
00101110 0.000061 0.000019
01101110 0.000108 0.000008
00001111 0.000017 0.000003
01001110 0.000075 0.000026
00100111 0.000075 0.000057
00110011 0.000220 0.000133
10001100 0.000079 0.000049
11000100 0.000091 0.000079
10110011 0.000040 0.000022
01001111 0.000003 0.000003
10010010 0.000079 0.000006
00000111 0.000015 0.000019
01000111 0.000011 0.000009
11100100 0.000009 0.000007
00000110 0.000019 0.000023
00001110 0.000014 0.000019
