00101 0.354073 0.000569
11010 0.359566 0.002081
01010 0.046430 0.000158
10101 0.062434 0.000940
00100 0.018460 0.000266
11011 0.031933 0.000974
11101 0.019148 0.000518
11000 0.006914 0.000136
01101 0.011140 0.000562
11111 0.006762 0.000442
10010 0.002527 0.000180
10100 0.006205 0.000175
00111 0.024528 0.000164
11110 0.002922 0.000138
10110 0.000439 0.000087
00010 0.003317 0.000402
01111 0.005000 0.000441
00011 0.008173 0.000437
01011 0.005916 0.000807
11100 0.006418 0.000096
00110 0.000744 0.000149
10011 0.004086 0.000513
10111 0.005570 0.000701
10000 0.000989 0.000275
11001 0.001159 0.000158
01100 0.003476 0.000555
01110 0.000832 0.000211
10001 0.000339 0.000162
01000 0.000187 0.000064
00001 0.000178 0.000076
00000 0.000129 0.000058
01001 0.000008 0.000011
