101100 0.120057 0.002775
111001 0.010664 0.000731
101101 0.032986 0.000611
001111 0.109832 0.001254
110000 0.079093 0.000854
100100 0.020048 0.001185
010011 0.094695 0.000705
001110 0.045605 0.001239
111000 0.012196 0.000851
101110 0.023829 0.001387
101111 0.035293 0.000103
110001 0.072042 0.000618
110010 0.016856 0.000358
010000 0.011652 0.000311
110011 0.062406 0.000476
010001 0.022151 0.000392
001100 0.026110 0.000899
001101 0.017608 0.000839
111011 0.010110 0.000085
010010 0.014728 0.000941
011011 0.027528 0.001490
011111 0.015382 0.000971
