100001 0.169653 0.000743
001011 0.016102 0.000607
111110 0.054466 0.001193
000011 0.037066 0.001163
111111 0.025350 0.000258
001110 0.051703 0.000451
011010 0.012626 0.000617
101001 0.031694 0.000762
011110 0.172627 0.001268
110001 0.054501 0.000291
001111 0.013965 0.000326
100011 0.016057 0.001026
101110 0.010624 0.001156
000001 0.015603 0.000578
010110 0.014318 0.000538
111001 0.013100 0.001221
110101 0.017787 0.000683
000010 0.015231 0.000739
101011 0.017661 0.000413
111100 0.031793 0.001583
001010 0.021417 0.000101
011111 0.014837 0.000452
111101 0.029980 0.000416
101111 0.020856 0.000072
