11001100 0.032116 0.000170
00111011 0.081865 0.000221
11000100 0.115660 0.002595
00011011 0.050259 0.000976
00011101 0.036786 0.000761
00111101 0.010637 0.000231
11100010 0.019054 0.000580
11001101 0.014671 0.000532
00110011 0.021191 0.000902
00111010 0.018464 0.000307
11100100 0.044962 0.000754
01100010 0.012359 0.000149
00011111 0.017366 0.000486
00111111 0.016319 0.000990
11000101 0.013058 0.000775
01111011 0.015320 0.000516
01110011 0.011432 0.000744
11101100 0.013050 0.000355
11100110 0.017723 0.001109
