110011 0.019915 0.000561
111111 0.022554 0.000320
011110 0.039661 0.001655
111100 0.034152 0.000808
110000 0.016777 0.001374
101001 0.046419 0.000665
001011 0.036034 0.000798
111101 0.024743 0.000617
110010 0.013178 0.000244
011111 0.027361 0.000843
001111 0.030342 0.001502
101101 0.034993 0.001055
010010 0.019643 0.000474
101111 0.029997 0.000837
010111 0.015615 0.000062
010110 0.042826 0.000918
001101 0.010816 0.001137
011011 0.012157 0.000959
011100 0.013297 0.000376
101100 0.023569 0.000411
001001 0.013683 0.000203
111110 0.029920 0.001137
101011 0.036365 0.000283
010011 0.026168 0.001125
110101 0.013597 0.000481
110100 0.034765 0.001555
100011 0.018391 0.000550
000011 0.020863 0.000523
101110 0.019122 0.000216
100001 0.023734 0.000419
001110 0.020327 0.000184
010100 0.019299 0.000759
110110 0.027874 0.000953
110001 0.022294 0.000538
110111 0.012383 0.001273
111001 0.010698 0.000706
