10110100 0.026096 0.000485
01000011 0.051412 0.001154
11011010 0.005902 0.000651
00111100 0.077477 0.001506
00000011 0.010880 0.000193
00100101 0.007527 0.000388
10011010 0.008897 0.000184
10100100 0.007327 0.000691
01001011 0.027554 0.001327
11110011 0.002471 0.000219
11010010 0.021092 0.000922
11110100 0.020056 0.000816
10111110 0.003419 0.000291
00011011 0.016194 0.000294
01010011 0.027962 0.000422
10111100 0.035127 0.000811
01011010 0.014946 0.000550
00010010 0.011010 0.000069
11100111 0.011444 0.000542
11000010 0.006917 0.000168
11010011 0.036500 0.000624
00011010 0.055901 0.000857
00111101 0.016589 0.000165
00100100 0.004804 0.000112
11110010 0.001893 0.000227
11110101 0.020456 0.000396
00010011 0.008976 0.000388
00001010 0.016934 0.000328
11000101 0.000077 0.000019
00101100 0.025297 0.000387
01001010 0.005332 0.000456
11101111 0.001533 0.000014
11000011 0.058054 0.000821
01000111 0.002139 0.000122
11100100 0.006499 0.000062
01111100 0.002991 0.000208
00110100 0.014114 0.000352
11111110 0.000783 0.000044
11100001 0.001293 0.000121
10101100 0.011477 0.000254
10011011 0.002573 0.000554
10111101 0.008238 0.000515
11001011 0.015398 0.000496
01010111 0.001316 0.000097
11111010 0.000208 0.000020
11111101 0.005295 0.000350
11101011 0.000466 0.000130
00000010 0.003603 0.000329
01011011 0.017433 0.000559
00011000 0.001904 0.000139
00011110 0.004670 0.000145
10101110 0.001060 0.000058
11100101 0.028058 0.000368
01100101 0.007668 0.000177
00110101 0.006697 0.000223
10000010 0.001263 0.000033
01111001 0.000199 0.000040
00101101 0.013748 0.000266
10101101 0.006931 0.000299
00001011 0.014994 0.000446
10010010 0.003972 0.000169
10110110 0.006448 0.000011
11110110 0.010022 0.000627
01011111 0.000731 0.000210
00010000 0.000387 0.000089
10100101 0.006749 0.000328
10000011 0.002302 0.000300
00101110 0.000839 0.000188
01111010 0.000199 0.000043
00111010 0.000892 0.000165
11000001 0.000621 0.000138
11111100 0.004438 0.000383
11000111 0.003691 0.000271
01010010 0.008950 0.000214
11100011 0.003516 0.000190
01101100 0.001032 0.000050
01110101 0.004237 0.000241
11110111 0.009388 0.000433
11101100 0.001524 0.000219
00001110 0.001530 0.000232
11011011 0.008872 0.000076
11101110 0.000380 0.000031
01101101 0.004410 0.000172
01001111 0.001294 0.000083
11100110 0.003368 0.000306
11010111 0.002495 0.000058
10011110 0.001396 0.000112
01000001 0.001341 0.000098
00000111 0.000841 0.000084
10010110 0.000750 0.000098
10001010 0.002725 0.000171
01100011 0.000619 0.000020
01001000 0.000122 0.000046
10111010 0.000275 0.000040
11001110 0.000076 0.000018
10001011 0.002284 0.000295
01111101 0.003292 0.000284
10110101 0.006018 0.000304
11010110 0.001873 0.000107
11011111 0.000576 0.000059
00111110 0.002664 0.000063
00111011 0.000234 0.000089
11101101 0.006810 0.000273
01011001 0.000513 0.000068
10010011 0.001940 0.000200
10111111 0.000975 0.000088
10001110 0.000558 0.000078
10100110 0.001971 0.000177
10100111 0.001126 0.000250
00101010 0.000393 0.000068
00100010 0.000065 0.000056
00010110 0.000962 0.000103
00001111 0.001276 0.000036
00011001 0.000641 0.000061
01011000 0.000447 0.000084
00011111 0.001310 0.000026
11000000 0.000103 0.000049
00000001 0.000390 0.000123
00110010 0.000205 0.000074
01101000 0.000048 0.000032
10011111 0.000298 0.000056
01010110 0.000445 0.000043
01111011 0.000305 0.000043
00111000 0.000662 0.000194
11001010 0.001778 0.000071
00100001 0.000165 0.000043
01000010 0.003111 0.000047
01001001 0.000798 0.000129
00011100 0.000357 0.000105
10101001 0.000042 0.000028
11100010 0.000647 0.000104
01101001 0.000339 0.000062
11010001 0.000395 0.000016
01100100 0.000616 0.000059
10110011 0.000067 0.000024
01001101 0.000082 0.000052
11001111 0.001143 0.000212
01010001 0.000798 0.000038
00000101 0.000054 0.000016
00110110 0.000465 0.000117
00010001 0.000366 0.000085
11000110 0.000730 0.000063
01000110 0.000151 0.000051
00000110 0.000394 0.000065
00101000 0.000221 0.000005
00110000 0.000138 0.000054
11011110 0.000299 0.000113
00111111 0.000630 0.000049
01111111 0.000276 0.000068
01101111 0.000316 0.000044
10000101 0.000005 0.000007
01110100 0.001619 0.000116
01110011 0.000404 0.000130
01100111 0.000710 0.000171
00100011 0.000163 0.000040
11111011 0.000377 0.000096
11110001 0.000912 0.000204
01110001 0.000269 0.000122
00001001 0.000494 0.000112
10110111 0.001231 0.000085
01000101 0.000103 0.000036
00100110 0.000117 0.000017
00100111 0.000269 0.000047
11110000 0.000508 0.000026
10111001 0.000023 0.000029
10010111 0.000292 0.000063
01100001 0.000555 0.000059
00000100 0.000031 0.000011
01111000 0.000149 0.000082
10101010 0.000094 0.000018
01011110 0.000667 0.000102
00001000 0.000589 0.000194
11010000 0.000241 0.000119
10101111 0.000765 0.000275
10110010 0.000150 0.000067
11111111 0.000996 0.000101
00110011 0.000134 0.000018
10001111 0.000427 0.000084
10000110 0.000280 0.000099
11001001 0.000193 0.000059
01001110 0.000251 0.000024
01110110 0.000147 0.000039
11101010 0.000062 0.000050
00010111 0.000585 0.000111
11011001 0.000097 0.000047
01110010 0.000118 0.000030
00101001 0.000132 0.000078
01101110 0.000087 0.000026
00111001 0.000234 0.000037
01101011 0.000430 0.000117
00101111 0.000537 0.000105
10000100 0.000016 0.000023
10000001 0.000024 0.000035
00110111 0.000281 0.000055
01010000 0.000257 0.000003
10000111 0.000244 0.000060
11111000 0.000088 0.000050
10101011 0.000123 0.000064
11100000 0.000196 0.000030
00000000 0.000145 0.000033
01011101 0.000013 0.000019
11101001 0.000220 0.000085
00010101 0.000033 0.000025
11010101 0.000090 0.000032
11111001 0.000108 0.000033
01100010 0.000006 0.000004
01011100 0.000062 0.000017
00101011 0.000289 0.000087
10110000 0.000047 0.000010
01111110 0.000148 0.000067
01100110 0.000051 0.000015
01110111 0.000364 0.000104
00110001 0.000061 0.000018
00001100 0.000099 0.000007
01010101 0.000022 0.000017
01000000 0.000020 0.000020
00001101 0.000077 0.000028
01110000 0.000060 0.000049
10101000 0.000041 0.000008
00100000 0.000041 0.000027
10111000 0.000061 0.000056
00010100 0.000096 0.000067
01101010 0.000058 0.000015
00011101 0.000045 0.000024
10001100 0.000015 0.000016
10100000 0.000036 0.000040
10011000 0.000124 0.000030
10100011 0.000088 0.000021
11001101 0.000001 0.000001
01010100 0.000012 0.000018
10011101 0.000021 0.000020
10100010 0.000037 0.000003
10010000 0.000010 0.000015
10010100 0.000021 0.000006
11011000 0.000027 0.000022
01100000 0.000046 0.000033
11101000 0.000037 0.000053
10001101 0.000015 0.000022
10111011 0.000047 0.000051
10110001 0.000062 0.000049
10001001 0.000010 0.000014
10011100 0.000028 0.000021
10001000 0.000034 0.000031
10100001 0.000029 0.000025
11010100 0.000005 0.000007
10011001 0.000016 0.000016
11011101 0.000003 0.000005
11000100 0.000006 0.000008
01001100 0.000009 0.000021
11001100 0.000008 0.000011
11001000 0.000018 0.000026
11011100 0.000008 0.000011
10010001 0.000012 0.000018
