0100110 0.014328 0.000667
1011011 0.011600 0.000191
1110110 0.023094 0.000270
1100110 0.058665 0.000442
0011001 0.022012 0.000207
1111111 0.033682 0.000418
0011011 0.018412 0.000411
0111101 0.036400 0.001634
0101101 0.025267 0.000091
1101101 0.049509 0.000983
1100010 0.010636 0.000629
1001010 0.016753 0.000173
1101110 0.028291 0.000925
1111101 0.064555 0.000626
0100101 0.011735 0.000649
0010011 0.018071 0.000894
1101111 0.014854 0.000298
0000010 0.057494 0.001022
0010010 0.034736 0.000311
0001001 0.016715 0.000378
1100100 0.018777 0.001151
0010001 0.018573 0.000250
0000001 0.011624 0.000381
1000010 0.042303 0.000370
0110101 0.018517 0.000038
0111111 0.010112 0.000162
1010010 0.014751 0.001001
1111110 0.014211 0.000476
