00011 0.039578 0.000771
10010 0.013552 0.001181
01011 0.199936 0.001273
10100 0.191267 0.001497
10011 0.031567 0.000826
00111 0.024861 0.000560
10101 0.045770 0.000719
01110 0.027044 0.001146
10001 0.026456 0.000800
01111 0.055645 0.003146
01101 0.001803 0.000289
11110 0.022687 0.000665
11011 0.037487 0.000670
11100 0.027761 0.001465
10000 0.071463 0.001990
11111 0.017474 0.001298
00100 0.006642 0.000065
11000 0.009794 0.000234
10110 0.024002 0.000724
10111 0.034276 0.000092
01010 0.027575 0.000945
01001 0.003206 0.000468
11010 0.017694 0.000961
00001 0.009599 0.000263
01100 0.004827 0.000452
00110 0.003842 0.000543
00101 0.006939 0.000825
11001 0.003572 0.000046
11101 0.004120 0.000092
00010 0.003398 0.000080
00000 0.003477 0.000119
01000 0.002685 0.000419
