110101 0.042166 0.000513
001011 0.240578 0.000991
011101 0.037600 0.001005
101011 0.081321 0.001745
111110 0.002047 0.000274
010100 0.045904 0.001163
001101 0.003303 0.000347
110100 0.240106 0.003390
110010 0.013966 0.000749
100010 0.011572 0.000290
111011 0.004829 0.000194
010111 0.004171 0.000522
111101 0.012193 0.000321
101010 0.008810 0.000906
010101 0.024400 0.002010
011111 0.020593 0.000658
001010 0.038954 0.000725
110110 0.031442 0.000157
011011 0.009996 0.000426
111111 0.007100 0.000084
011100 0.020543 0.000929
001110 0.001368 0.000238
001001 0.007945 0.000552
101111 0.003581 0.000060
000101 0.000304 0.000102
111100 0.004376 0.000206
111010 0.001692 0.000116
101101 0.000812 0.000094
110011 0.003658 0.000409
101001 0.002626 0.000629
001100 0.000374 0.000065
110111 0.008722 0.000297
001000 0.001310 0.000251
110000 0.005013 0.000351
100011 0.009544 0.000617
100001 0.000546 0.000111
011001 0.001893 0.000159
001111 0.012297 0.000163
010110 0.005152 0.000389
011010 0.005321 0.000174
000010 0.001035 0.000112
000011 0.002554 0.000257
011110 0.008458 0.000749
010011 0.000879 0.000197
000111 0.000357 0.000073
111000 0.000550 0.000091
011000 0.001257 0.000372
010010 0.001040 0.000071
100111 0.000452 0.000077
111001 0.001171 0.000203
100110 0.000592 0.000080
110001 0.001001 0.000126
010000 0.000383 0.000174
100000 0.000614 0.000209
010001 0.000385 0.000126
100100 0.000129 0.000091
000001 0.000055 0.000034
101000 0.000255 0.000076
101100 0.000049 0.000020
100101 0.000234 0.000105
101110 0.000207 0.000006
000110 0.000092 0.000060
000100 0.000068 0.000091
000000 0.000051 0.000041
