100100 0.011412 0.000200
010010 0.009295 0.000456
111111 0.049277 0.001107
111100 0.148634 0.002302
000011 0.108776 0.000326
100110 0.011566 0.000400
101100 0.072702 0.000629
011111 0.009459 0.000629
101110 0.043304 0.001429
110001 0.002094 0.000126
110100 0.028547 0.001498
011011 0.007172 0.000377
111110 0.016938 0.001084
000010 0.071383 0.001375
111101 0.062987 0.001575
010000 0.018823 0.001066
001111 0.018192 0.000310
101101 0.013913 0.000807
110000 0.022887 0.000367
000111 0.036976 0.000415
001011 0.012726 0.000480
100111 0.006790 0.000140
000000 0.014228 0.000393
010111 0.007914 0.000389
111001 0.008351 0.000601
010011 0.022171 0.000957
110011 0.002753 0.000080
111000 0.041532 0.000135
101111 0.024943 0.001611
111010 0.002078 0.000109
110111 0.011127 0.000391
000110 0.009454 0.000809
001100 0.002083 0.000298
110110 0.004886 0.000105
000100 0.003571 0.000281
010001 0.003433 0.000342
111011 0.004579 0.000244
011000 0.003153 0.000105
011001 0.002307 0.000077
010100 0.002985 0.000762
001110 0.003203 0.000254
001010 0.005327 0.000473
110101 0.006444 0.000702
010110 0.001261 0.000132
011101 0.003645 0.000324
110010 0.002314 0.000269
000001 0.001217 0.000070
011100 0.002011 0.000103
101010 0.002033 0.000404
101011 0.000441 0.000024
101000 0.003363 0.000545
100000 0.001891 0.000298
010101 0.001937 0.000284
100010 0.002049 0.000063
001001 0.000417 0.000073
001101 0.001056 0.000040
100101 0.001202 0.000364
001000 0.001755 0.000276
011110 0.000533 0.000102
011010 0.000774 0.000231
000101 0.000874 0.000096
100011 0.000491 0.000108
100001 0.000084 0.000062
101001 0.000273 0.000165
