100101 0.106654 0.001297
010010 0.150278 0.001018
100010 0.004867 0.000490
010110 0.010953 0.000474
000110 0.003624 0.000212
101101 0.140255 0.000643
110010 0.015398 0.000169
100011 0.002619 0.000327
001010 0.057962 0.001327
011010 0.056588 0.001383
110101 0.038929 0.000685
010101 0.015236 0.000275
011101 0.004672 0.000340
110100 0.002492 0.000056
010001 0.003207 0.000389
111101 0.028578 0.000875
010111 0.004500 0.000538
001111 0.005790 0.000615
101110 0.016046 0.001208
101111 0.033579 0.001365
001011 0.012973 0.000336
101011 0.015626 0.000216
111110 0.008012 0.000770
111011 0.001849 0.000205
010011 0.009061 0.000259
110111 0.005504 0.000368
111010 0.019493 0.000591
111111 0.006002 0.000484
010000 0.006391 0.000348
001001 0.006718 0.000455
100100 0.003320 0.000273
101000 0.001913 0.000415
101010 0.039705 0.001099
001101 0.013057 0.000326
100001 0.001570 0.000383
101001 0.009616 0.000312
011110 0.004101 0.000433
110110 0.007756 0.000315
100110 0.006450 0.000583
100111 0.016733 0.000570
101100 0.005664 0.000691
000101 0.025419 0.000401
001110 0.003065 0.000284
011001 0.001276 0.000152
000010 0.024719 0.000900
000111 0.006753 0.000371
001000 0.002196 0.000056
000001 0.004889 0.000291
111100 0.002043 0.000204
000011 0.007473 0.000240
011011 0.003604 0.000187
011000 0.002224 0.000005
000100 0.001079 0.000328
000000 0.001187 0.000229
110000 0.000994 0.000045
111001 0.001081 0.000152
111000 0.000984 0.000055
011111 0.001995 0.000147
110011 0.001137 0.000318
110001 0.000567 0.000163
010100 0.002098 0.000273
001100 0.000670 0.000179
011100 0.000610 0.000110
100000 0.000196 0.000117
