111111 0.042000 0.001137
000111 0.025933 0.000370
010000 0.026916 0.000287
000000 0.027816 0.001451
111101 0.014983 0.000371
001011 0.020316 0.000489
101111 0.055483 0.001816
111100 0.073099 0.001449
111000 0.032583 0.001920
110111 0.018100 0.000939
000011 0.077083 0.001220
101011 0.022600 0.002000
110100 0.029183 0.000881
110000 0.034066 0.001678
110010 0.018666 0.000949
000001 0.036450 0.001367
001101 0.011572 0.000310
111010 0.019700 0.000474
111110 0.058383 0.001722
011100 0.012683 0.000771
100111 0.023783 0.000488
110110 0.024016 0.000510
110011 0.014017 0.001111
001111 0.035483 0.001647
100011 0.021150 0.000524
111011 0.014617 0.000085
101101 0.011800 0.000347
