0001101 0.001417 0.000135
0011101 0.056179 0.000788
1100010 0.094096 0.001267
1100111 0.018240 0.001436
0011111 0.011480 0.000330
1011101 0.027857 0.000547
1011010 0.005297 0.000244
0111010 0.051194 0.000186
0110000 0.014095 0.000481
1000000 0.013560 0.000478
1000101 0.058540 0.001477
0011010 0.016298 0.000193
1101111 0.023076 0.000594
0010010 0.001580 0.000156
0010101 0.006327 0.000241
0111000 0.027307 0.000445
1000010 0.040863 0.000367
1010101 0.022782 0.000783
1110000 0.012036 0.001000
0100010 0.033784 0.000692
1100000 0.026265 0.000750
1001010 0.005556 0.000655
0111011 0.009696 0.000442
1111111 0.020125 0.000562
1111010 0.013871 0.000994
0111101 0.032867 0.000377
0101010 0.004378 0.000111
0011000 0.013903 0.000679
1101011 0.001135 0.000075
0000000 0.005633 0.000154
1000111 0.009863 0.000357
1000001 0.000950 0.000078
0101111 0.003374 0.000358
1111101 0.016999 0.000257
1101101 0.007278 0.000025
0111001 0.011158 0.000429
0100000 0.010410 0.000451
0010000 0.008243 0.000707
1101110 0.002255 0.000280
0110010 0.005163 0.000349
1001101 0.011217 0.000116
1011111 0.012567 0.000632
1001111 0.015364 0.000749
1110001 0.000382 0.000018
0000101 0.007030 0.000655
1111000 0.003420 0.000297
1100110 0.014062 0.000602
0111111 0.019879 0.000843
1100101 0.033446 0.001218
1011100 0.000439 0.000130
1010000 0.006427 0.000680
1110101 0.011528 0.000576
1101000 0.000901 0.000146
1110010 0.006454 0.000103
1011000 0.001626 0.000039
0000010 0.014698 0.000728
0100101 0.003896 0.000074
1010100 0.001078 0.000157
1110100 0.001604 0.000084
1101010 0.012123 0.000638
1100001 0.000990 0.000207
1000110 0.006725 0.000423
1010001 0.000605 0.000259
0011001 0.013237 0.000220
1100100 0.004445 0.000030
0100111 0.002199 0.000310
0100001 0.000924 0.000139
0100011 0.001285 0.000188
1001000 0.000477 0.000098
1111110 0.002357 0.000119
0111110 0.001598 0.000231
0110101 0.003159 0.000144
0001111 0.001824 0.000124
0001010 0.001931 0.000240
0001110 0.000207 0.000053
1010010 0.001911 0.000347
1000100 0.002457 0.000245
0111100 0.000620 0.000184
0010001 0.001296 0.000310
0011011 0.004283 0.000252
0000011 0.000735 0.000056
1011001 0.000308 0.000031
1000011 0.001020 0.000062
1011110 0.000844 0.000020
1011011 0.000438 0.000218
1001011 0.000619 0.000135
0010111 0.000109 0.000066
0000110 0.000614 0.000200
1110110 0.000887 0.000078
1100011 0.002189 0.000191
0101011 0.000868 0.000144
0011110 0.000451 0.000078
0001011 0.000468 0.000210
1001100 0.000062 0.000044
0011100 0.000421 0.000053
1111011 0.001118 0.000374
0000111 0.001119 0.000125
1001110 0.001103 0.000081
0100110 0.001178 0.000098
0110011 0.000195 0.000066
1110111 0.001028 0.000092
0010100 0.000255 0.000129
0000001 0.000788 0.000106
0110100 0.000477 0.000021
0110001 0.001174 0.000222
0001000 0.000192 0.000139
0100100 0.000358 0.000062
1010111 0.000621 0.000099
1111100 0.000643 0.000081
0101000 0.000396 0.000087
0101001 0.000228 0.000017
0101101 0.000981 0.000110
1101001 0.000102 0.000044
0001001 0.000071 0.000016
1010011 0.000101 0.000049
1111001 0.000439 0.000180
0101110 0.000181 0.000043
0110111 0.000304 0.000082
0110110 0.000208 0.000045
1110011 0.000109 0.000018
0000100 0.000197 0.000081
0010110 0.000050 0.000004
1101100 0.000138 0.000092
0010011 0.000051 0.000042
1010110 0.000247 0.000072
1001001 0.000094 0.000038
0101100 0.000007 0.000008
0001100 0.000015 0.000021
