0101010 0.042926 0.000455
1010111 0.143132 0.000565
0100111 0.016590 0.000219
0101101 0.066022 0.000691
0101000 0.132274 0.002182
0001101 0.025373 0.000808
0100110 0.017925 0.000482
1010010 0.024459 0.000110
0101100 0.023970 0.000444
1110111 0.031532 0.000423
0101111 0.015107 0.000743
0100010 0.016713 0.000242
1110010 0.041177 0.001073
0111000 0.024926 0.000273
1110110 0.012336 0.000606
1010101 0.039635 0.000664
1111000 0.013311 0.000436
0111101 0.013968 0.000399
0001111 0.019441 0.000387
0011101 0.012725 0.000344
0000111 0.016301 0.000263
1011101 0.017981 0.000591
0001010 0.015094 0.000653
1100010 0.010840 0.000337
