1100011 0.076687 0.001508
0011100 0.138904 0.000104
1010011 0.002849 0.000228
0101101 0.001526 0.000229
0111110 0.012398 0.000327
0000010 0.000272 0.000067
1111110 0.008580 0.000538
1000111 0.005429 0.000287
0010111 0.002803 0.000317
0110010 0.023352 0.000552
0001101 0.017682 0.000742
1000001 0.017619 0.000523
1100010 0.069876 0.002559
1100110 0.016506 0.000601
1101110 0.023090 0.000196
1100001 0.008871 0.000480
1110111 0.004812 0.000187
1111111 0.002347 0.000118
0011000 0.012599 0.000461
1001001 0.005593 0.000427
0011110 0.034806 0.000581
1010101 0.005855 0.000423
1000011 0.009111 0.000660
1111011 0.002170 0.000337
1110011 0.018640 0.000496
0101110 0.005235 0.000515
1001111 0.006362 0.000268
1110010 0.040605 0.000564
1000101 0.047529 0.000244
1001101 0.043709 0.001170
0001100 0.004153 0.000290
1110001 0.000843 0.000081
0011101 0.009258 0.000444
0101011 0.000642 0.000083
1101011 0.010287 0.000663
0010011 0.003894 0.000158
0011111 0.002679 0.000034
0010110 0.002616 0.000212
1101010 0.020651 0.000663
0011011 0.000909 0.000220
1111101 0.000858 0.000101
1100101 0.020071 0.000645
1101101 0.011023 0.000287
0101010 0.003759 0.000065
0110100 0.002278 0.000416
1101100 0.008576 0.000741
1010001 0.002523 0.000224
0010100 0.010082 0.000599
1111010 0.008353 0.000671
0100010 0.003851 0.000414
0010101 0.009856 0.000206
0001111 0.002513 0.000480
1101001 0.001645 0.000186
1001100 0.006463 0.000671
1101111 0.011327 0.000478
1100000 0.002827 0.000363
0110011 0.003362 0.000211
0110110 0.004964 0.000877
0000001 0.005540 0.000081
0100110 0.000958 0.000132
0101111 0.001244 0.000057
1110110 0.007423 0.000547
1100111 0.025894 0.000632
0100111 0.000871 0.000158
0000101 0.014352 0.001051
0010000 0.004303 0.000186
0011010 0.008482 0.000383
1111001 0.000145 0.000025
1001110 0.001964 0.000136
1010000 0.000804 0.000101
0001011 0.000994 0.000194
1010100 0.002226 0.000111
0010001 0.004297 0.000256
1100100 0.005764 0.000333
0001001 0.001691 0.000103
0101100 0.001713 0.000155
1111000 0.000323 0.000083
1110100 0.001546 0.000174
0111100 0.007054 0.000371
0010010 0.004437 0.000397
0110001 0.000436 0.000081
0001110 0.001834 0.000243
1111100 0.002083 0.000410
1011100 0.005881 0.000253
1110101 0.001480 0.000147
0100101 0.001134 0.000093
1011000 0.000613 0.000113
0111010 0.009454 0.000176
0111000 0.000675 0.000171
1000010 0.000697 0.000061
1001010 0.000868 0.000202
1001000 0.000628 0.000112
1000100 0.000743 0.000164
0100011 0.002550 0.000210
0000111 0.001562 0.000071
1101000 0.001295 0.000109
1000000 0.000379 0.000095
1011111 0.001772 0.000400
0001000 0.000379 0.000147
0000000 0.000118 0.000048
0111011 0.000496 0.000117
1011110 0.002188 0.000108
1010010 0.001520 0.000189
1010111 0.001865 0.000151
1001011 0.002114 0.000108
1011101 0.004236 0.000117
1011010 0.000947 0.000210
0000011 0.002517 0.000386
0110101 0.000847 0.000030
0111101 0.000597 0.000150
1010110 0.000916 0.000115
0110111 0.001315 0.000072
0111111 0.000888 0.000049
1110000 0.000705 0.000200
1011001 0.000704 0.000080
0001010 0.000620 0.000079
0011001 0.001287 0.000078
0100001 0.000372 0.000149
0101001 0.000225 0.000063
0100100 0.000314 0.000143
0110000 0.000991 0.000278
1011011 0.000611 0.000186
0111001 0.000103 0.000092
0000100 0.000170 0.000019
1000110 0.000326 0.000075
0101000 0.000131 0.000071
0100000 0.000191 0.000103
0000110 0.000117 0.000096
