000010 0.045624 0.000477
010111 0.002807 0.000330
000001 0.035094 0.000851
111011 0.005984 0.000434
101111 0.001360 0.000352
011110 0.110378 0.000546
110111 0.007479 0.000153
100001 0.114855 0.002077
100101 0.019685 0.000196
001000 0.012038 0.000262
000000 0.011606 0.000292
100011 0.015205 0.000488
011010 0.022874 0.001092
110101 0.051571 0.000682
111110 0.067417 0.001041
101001 0.032152 0.001415
101011 0.008298 0.000282
010011 0.003051 0.000153
010110 0.016537 0.000648
110110 0.029098 0.001509
001011 0.027055 0.000404
001001 0.033629 0.000109
110100 0.016596 0.000575
111010 0.008591 0.000197
001101 0.009195 0.000296
000011 0.025322 0.000502
001010 0.056822 0.001339
111111 0.015032 0.001076
100010 0.006106 0.000117
111100 0.018527 0.000503
011111 0.015129 0.000466
111101 0.048894 0.001980
011101 0.006876 0.000399
010001 0.001001 0.000227
110001 0.008843 0.000412
011011 0.006675 0.000220
101010 0.003380 0.000457
001110 0.008280 0.000133
010010 0.007458 0.000169
101101 0.011236 0.000637
000110 0.003071 0.000384
011100 0.006371 0.000509
000111 0.001806 0.000186
010101 0.001996 0.000392
100111 0.001389 0.000218
110010 0.004239 0.000322
110011 0.005081 0.000788
001111 0.004157 0.000093
111001 0.004714 0.000508
100000 0.002489 0.000173
011001 0.001926 0.000474
001100 0.002827 0.000275
000101 0.004427 0.000193
101000 0.000936 0.000100
100110 0.000303 0.000115
010000 0.000256 0.000088
010100 0.001063 0.000193
000100 0.001278 0.000146
100100 0.000413 0.000047
101100 0.000398 0.000112
011000 0.001056 0.000020
110000 0.000638 0.000083
101110 0.000455 0.000128
111000 0.000955 0.000128
