01111101 0.027460 0.000833
10010010 0.016428 0.000149
11010101 0.045049 0.001414
00000010 0.021430 0.000191
11110111 0.014107 0.000038
11010100 0.025540 0.000496
01011001 0.027467 0.000377
01111001 0.013064 0.000521
11010011 0.013322 0.000629
00101101 0.030713 0.000542
00001011 0.033320 0.000509
10110010 0.010929 0.000324
01011101 0.016413 0.001037
01101101 0.031378 0.000138
00101111 0.017540 0.000836
10000010 0.019788 0.000459
00101010 0.026232 0.000382
11110101 0.036173 0.000596
11110100 0.018260 0.000357
10100010 0.021996 0.000147
00101011 0.026064 0.000581
11010111 0.018176 0.000840
11111101 0.012891 0.000249
11010010 0.012698 0.000664
00001010 0.038213 0.000461
01001101 0.012675 0.000455
