0001000 0.020873 0.000181
1110001 0.001665 0.000194
1011100 0.007685 0.000237
1010110 0.050123 0.002471
0111001 0.086437 0.000684
1111001 0.004337 0.000224
1000110 0.045908 0.000171
0010001 0.013852 0.000290
0010011 0.005230 0.000281
1001010 0.001606 0.000067
0111101 0.024841 0.000834
0101000 0.043131 0.000344
0101001 0.044302 0.000561
0111000 0.031845 0.000611
0110010 0.001481 0.000082
0001001 0.008278 0.000306
1101101 0.006060 0.000497
0001100 0.005152 0.000650
0111011 0.009810 0.000340
1010010 0.012866 0.000704
1100010 0.010286 0.000867
1100110 0.015124 0.000188
0101100 0.010561 0.000969
0101101 0.009635 0.000401
1100011 0.010413 0.000171
1111101 0.013646 0.000713
1010111 0.040355 0.000657
1010101 0.003498 0.000262
1111111 0.019362 0.000718
1101111 0.012535 0.000177
1101000 0.005392 0.000789
1101110 0.011918 0.000603
1001100 0.007551 0.001148
1111110 0.007582 0.000243
1000111 0.013710 0.000324
0001101 0.002078 0.000150
1110101 0.002394 0.000275
0011010 0.001342 0.000153
0011000 0.016755 0.000231
1011101 0.006483 0.000614
1000010 0.028966 0.000280
1010011 0.011919 0.000804
0011001 0.018920 0.000437
1100111 0.015380 0.000406
0101010 0.007078 0.000448
1001110 0.007163 0.000293
0100001 0.006601 0.000448
0111010 0.004097 0.000325
0111100 0.009365 0.000748
1011010 0.000826 0.000031
1110111 0.021522 0.000203
1101100 0.009597 0.000642
0110001 0.014905 0.000476
1101011 0.005715 0.000474
0001110 0.000596 0.000075
1001000 0.003675 0.000317
0010000 0.004152 0.000605
1110011 0.009478 0.000157
0000010 0.003897 0.000249
0110111 0.001963 0.000165
0111111 0.003784 0.000137
0000111 0.000292 0.000054
0100110 0.001243 0.000188
1111100 0.007687 0.000176
0100011 0.005907 0.000284
0010101 0.003430 0.000486
0010111 0.001189 0.000192
1011110 0.005863 0.000516
0000000 0.003473 0.000209
1110110 0.006869 0.000598
1011111 0.006532 0.000509
1100100 0.000377 0.000016
1101010 0.005192 0.000079
0101011 0.007990 0.000772
0011101 0.008974 0.000245
0010010 0.004578 0.000428
1101001 0.003343 0.000222
0010110 0.001071 0.000292
0011100 0.009690 0.000372
1000000 0.001045 0.000097
1001111 0.003076 0.000229
1010001 0.002217 0.000507
0110011 0.006933 0.000260
0101110 0.002198 0.000328
0001010 0.001806 0.000221
0011011 0.001458 0.000253
0100010 0.004024 0.000392
1000011 0.007939 0.000574
1001011 0.000799 0.000042
0000011 0.001280 0.000054
0100101 0.001473 0.000201
0000101 0.000647 0.000163
0000110 0.000607 0.000127
1000001 0.000865 0.000320
1111000 0.002289 0.000169
0111110 0.001560 0.000135
0101111 0.002076 0.000264
1001101 0.002250 0.000175
0000001 0.003816 0.000309
1110010 0.002635 0.000424
0001011 0.000732 0.000145
0100000 0.001523 0.000083
1111010 0.001654 0.000203
1111011 0.004524 0.000397
0110110 0.000397 0.000101
0110101 0.003195 0.000295
1001001 0.001272 0.000244
0010100 0.000966 0.000057
1011000 0.001423 0.000048
0000100 0.000389 0.000073
0011110 0.000742 0.000087
0100111 0.001320 0.000222
0110000 0.000885 0.000142
1011011 0.001035 0.000152
1000101 0.000783 0.000150
1011001 0.001574 0.000055
1010100 0.001477 0.000156
0011111 0.000740 0.000057
1100000 0.000350 0.000072
1000100 0.001125 0.000082
1100101 0.001142 0.000176
1010000 0.000475 0.000086
0100100 0.000309 0.000082
1100001 0.000952 0.000230
0110100 0.000185 0.000111
1110100 0.000227 0.000032
0001111 0.000151 0.000121
1110000 0.000063 0.000012
