000101 0.043162 0.000200
011101 0.020749 0.000816
010111 0.012723 0.000893
101011 0.110660 0.000698
010101 0.099687 0.000475
010110 0.035368 0.002015
111010 0.051524 0.001790
111011 0.052974 0.000359
111101 0.010665 0.000254
111111 0.013252 0.000063
010100 0.101521 0.001397
101010 0.086900 0.001251
100110 0.010245 0.000368
111000 0.013931 0.000561
101001 0.019247 0.000396
000100 0.013034 0.001272
111110 0.017065 0.000903
110110 0.010128 0.000290
101110 0.018890 0.000311
000110 0.012817 0.000830
100011 0.010417 0.000405
011100 0.013211 0.000337
101111 0.019840 0.000895
111001 0.024592 0.000796
