00110 0.047670 0.001262
00100 0.014489 0.000749
01000 0.044122 0.002015
00010 0.092261 0.001347
10111 0.058894 0.000735
11111 0.030580 0.001739
11101 0.104015 0.001130
10101 0.079230 0.001610
11100 0.090231 0.001293
01110 0.023661 0.000919
11011 0.013896 0.000252
11001 0.049285 0.001560
00011 0.104996 0.002759
01010 0.076480 0.002603
01100 0.015922 0.001318
10100 0.022260 0.000727
11010 0.003864 0.000194
01011 0.014901 0.000856
11110 0.009016 0.000228
11000 0.032699 0.000958
00111 0.015147 0.001062
00000 0.009542 0.000654
10110 0.007022 0.000387
01001 0.003558 0.000191
10011 0.018814 0.001029
00001 0.002664 0.000101
10001 0.009418 0.000395
01111 0.002491 0.000348
10010 0.000844 0.000105
10000 0.001118 0.000294
00101 0.000661 0.000033
01101 0.000248 0.000174
