10011 0.022286 0.000662
11100 0.059144 0.000922
10100 0.019198 0.000468
00111 0.208781 0.002425
10000 0.133470 0.000970
11000 0.146912 0.002138
10001 0.005366 0.000702
10111 0.025986 0.000338
00011 0.046681 0.002743
01001 0.016219 0.000711
00110 0.010214 0.000401
11101 0.009786 0.000121
10110 0.020901 0.000949
01111 0.098549 0.002311
11110 0.015663 0.000453
10010 0.015110 0.000425
01110 0.008359 0.000464
11001 0.016677 0.000565
01101 0.021840 0.000063
01100 0.018457 0.000406
00001 0.008468 0.000282
00100 0.006091 0.000674
11111 0.018784 0.000644
11010 0.006615 0.000584
11011 0.007593 0.000464
01000 0.006987 0.000082
00101 0.004573 0.000310
00000 0.006650 0.000309
10101 0.001024 0.000221
01011 0.011950 0.000632
00010 0.001104 0.000076
01010 0.000560 0.000093
