10011001 0.043861 0.000782
00111011 0.005530 0.000220
01110011 0.000949 0.000033
00100111 0.014564 0.000549
00011101 0.000861 0.000208
11101001 0.004638 0.000060
00000100 0.010094 0.000478
10001001 0.007145 0.000319
00001101 0.000289 0.000066
11011001 0.017290 0.000216
00010101 0.003487 0.000264
10000111 0.009692 0.000537
10111011 0.011587 0.000326
10110111 0.002345 0.000141
00110111 0.030679 0.000971
00110011 0.001674 0.000108
00000111 0.034376 0.000644
00110110 0.005831 0.000272
11111010 0.014255 0.000735
11111011 0.019850 0.001183
00000110 0.051699 0.001132
01100110 0.034597 0.000557
01110110 0.010739 0.000255
01100100 0.022792 0.000219
11111000 0.023565 0.000562
10111001 0.011981 0.000243
11111001 0.042602 0.000935
10011101 0.004075 0.000161
01111011 0.003036 0.000163
11011011 0.007802 0.000233
10011011 0.041478 0.000298
11110001 0.001450 0.000380
00110101 0.013537 0.000222
00111010 0.003731 0.000245
10011010 0.012426 0.000557
11000110 0.006778 0.000153
00111000 0.002483 0.000058
00111001 0.006016 0.000232
00100101 0.003689 0.000122
01100111 0.020848 0.001496
10010111 0.005480 0.000160
00010100 0.001593 0.000222
11000111 0.005523 0.000226
11001011 0.003567 0.000149
11001000 0.027553 0.000442
11110111 0.004674 0.000169
00011000 0.002987 0.000139
11000100 0.004249 0.000083
00001111 0.000459 0.000035
00010110 0.009389 0.000492
00111101 0.003306 0.000140
11011000 0.012900 0.000600
10100111 0.001114 0.000107
11001100 0.002064 0.000208
01111010 0.005773 0.000436
10111101 0.001334 0.000249
11010111 0.001045 0.000129
01100101 0.015563 0.000759
11101000 0.009116 0.000609
00011011 0.001287 0.000147
11001001 0.012200 0.000406
00000101 0.014401 0.000252
11100100 0.002988 0.000020
11100111 0.006001 0.000525
00100110 0.006435 0.000284
01110111 0.016057 0.000746
01111101 0.002933 0.000219
11010101 0.000664 0.000143
11010001 0.000309 0.000038
01000110 0.010303 0.000859
10011111 0.005355 0.000023
11011010 0.007861 0.000237
01101100 0.000992 0.000078
11011111 0.001080 0.000069
01110101 0.014473 0.000906
01111001 0.006474 0.000359
11010011 0.000431 0.000085
01101000 0.002429 0.000096
11110110 0.002477 0.000219
10001000 0.004390 0.000052
11110101 0.003532 0.000340
10010101 0.001601 0.000373
01111000 0.009474 0.000177
11111101 0.005136 0.000296
00011010 0.004505 0.000253
11110100 0.000971 0.000112
10001010 0.006106 0.000181
11100011 0.000964 0.000246
01101010 0.000710 0.000224
01000100 0.008494 0.000117
10110011 0.000674 0.000105
00010111 0.009987 0.000572
01010110 0.000590 0.000145
01111111 0.001843 0.000118
10001011 0.004971 0.000187
00001110 0.001085 0.000184
10000110 0.004231 0.000073
11111100 0.002035 0.000230
11001010 0.009004 0.000336
01011110 0.000064 0.000084
01000111 0.002806 0.000386
00001010 0.000993 0.000094
11100101 0.004061 0.000344
01111100 0.002657 0.000279
11001101 0.001379 0.000210
11110011 0.001696 0.000084
11000000 0.000935 0.000084
00101000 0.000054 0.000078
01000101 0.003056 0.000232
00011001 0.001622 0.000393
00111111 0.004934 0.000311
01110100 0.005670 0.000310
10011000 0.007110 0.000340
01100010 0.001648 0.000067
11000101 0.004491 0.000364
00011110 0.001555 0.000209
01011010 0.000327 0.000057
00111110 0.001316 0.000082
11111110 0.001788 0.000067
00110100 0.001064 0.000226
10000011 0.001185 0.000035
01111110 0.002011 0.000128
01000000 0.000360 0.000091
11001111 0.000514 0.000125
11000010 0.001569 0.000181
11100110 0.005142 0.000403
10001110 0.000606 0.000031
10110101 0.000894 0.000122
10111010 0.001948 0.000086
10001101 0.000701 0.000153
11011101 0.001367 0.000240
01011000 0.000630 0.000087
01001000 0.000992 0.000198
00001011 0.000099 0.000026
00010011 0.000616 0.000093
11111111 0.003630 0.000188
10011110 0.001172 0.000138
00101101 0.000129 0.000072
01101101 0.000330 0.000097
10000101 0.002871 0.000116
10010011 0.001846 0.000189
10001111 0.000642 0.000246
10010110 0.001128 0.000024
01000010 0.000527 0.000040
11010110 0.000586 0.000141
11101011 0.001235 0.000231
11011100 0.001014 0.000174
11101111 0.000385 0.000033
11000011 0.000875 0.000115
10100100 0.000034 0.000034
01000001 0.000085 0.000037
00111100 0.000431 0.000061
10000001 0.000319 0.000094
00010000 0.000090 0.000033
00011111 0.001394 0.000136
10111111 0.001913 0.000101
11101101 0.000814 0.000073
11011110 0.000788 0.000163
11100010 0.000980 0.000095
01101110 0.000635 0.000074
11101110 0.000511 0.000124
00110001 0.001004 0.000211
00000011 0.000386 0.000024
01100000 0.000911 0.000124
11001110 0.000708 0.000124
10110110 0.000208 0.000004
01110001 0.000872 0.000203
00100100 0.000907 0.000116
11101010 0.002843 0.000168
00001100 0.000493 0.000089
11110010 0.000841 0.000168
11110000 0.000527 0.000080
00000010 0.000789 0.000060
10111000 0.001012 0.000211
11101100 0.000935 0.000213
11100001 0.000729 0.000123
11000001 0.000810 0.000156
11010100 0.000217 0.000079
01110000 0.000609 0.000182
01101111 0.000131 0.000059
11100000 0.000789 0.000132
10101100 0.000000 0.000000
00000001 0.000175 0.000088
10110001 0.000306 0.000057
10100101 0.000305 0.000037
00001000 0.001179 0.000236
10101110 0.000020 0.000026
01010100 0.000393 0.000107
01011011 0.000010 0.000008
00101110 0.000115 0.000071
01011100 0.000144 0.000095
10111110 0.000199 0.000080
01001100 0.000394 0.000068
10010001 0.000781 0.000085
01100011 0.000424 0.000074
01010101 0.000144 0.000047
10000100 0.000552 0.000043
00101111 0.000167 0.000045
00101011 0.000064 0.000046
01110010 0.000973 0.000234
10101000 0.000117 0.000024
01001110 0.000240 0.000086
00010001 0.000212 0.000034
01100001 0.000451 0.000075
00011100 0.000646 0.000011
10101001 0.000204 0.000119
10111100 0.000126 0.000037
00110010 0.000309 0.000115
00001001 0.000157 0.000097
00100010 0.000054 0.000038
10101101 0.000042 0.000023
00010010 0.000380 0.000049
10100110 0.000363 0.000048
01101001 0.000283 0.000089
01000011 0.000068 0.000044
10011100 0.000456 0.000114
10010010 0.000343 0.000112
01010010 0.000092 0.000029
01001010 0.000294 0.000113
11010000 0.000161 0.000063
01011101 0.000066 0.000038
01001101 0.000047 0.000004
01010111 0.000236 0.000104
10010100 0.000155 0.000022
10110010 0.000047 0.000037
10101011 0.000141 0.000040
00000000 0.000162 0.000014
10110100 0.000041 0.000019
10000010 0.000481 0.000162
10100011 0.000094 0.000044
10101010 0.000174 0.000114
00101100 0.000079 0.000021
01101011 0.000083 0.000024
11010010 0.000293 0.000105
10101111 0.000030 0.000033
00101010 0.000087 0.000060
00100011 0.000135 0.000046
10100001 0.000027 0.000037
00101001 0.000056 0.000028
10001100 0.000356 0.000045
00110000 0.000016 0.000014
10010000 0.000048 0.000033
01001011 0.000004 0.000005
01001111 0.000017 0.000017
01011111 0.000020 0.000025
01001001 0.000077 0.000036
01011001 0.000122 0.000026
01010011 0.000018 0.000018
01010000 0.000026 0.000038
10100010 0.000030 0.000036
10000000 0.000032 0.000029
10110000 0.000010 0.000014
00100001 0.000034 0.000048
10100000 0.000000 0.000001
01010001 0.000004 0.000006
