1010100 0.025660 0.000719
1101011 0.011967 0.000487
0011111 0.012979 0.001073
0111011 0.014371 0.000333
1101110 0.016326 0.000380
1011110 0.024003 0.000834
0010100 0.016909 0.001023
1101101 0.016711 0.001774
1101111 0.018189 0.000589
0110001 0.032042 0.000503
0110011 0.016441 0.000856
0100001 0.030984 0.000772
0001011 0.027079 0.000420
0110000 0.011846 0.000256
1110101 0.021082 0.000609
1100101 0.023979 0.000734
0001110 0.010714 0.000426
1100100 0.024285 0.001622
0010010 0.010520 0.000444
0011011 0.013195 0.000538
1110010 0.012083 0.000215
1110000 0.018058 0.000800
1100001 0.012735 0.000870
1101100 0.016033 0.000080
1110100 0.033171 0.000309
1010110 0.017481 0.001011
1110001 0.014543 0.000251
1001100 0.016256 0.000568
1001101 0.010567 0.000462
1110110 0.014039 0.000681
0101011 0.031698 0.000599
0011110 0.017322 0.000338
1001110 0.018565 0.000917
1100000 0.010245 0.000596
0001111 0.021109 0.000125
1111110 0.012349 0.001017
1001111 0.011121 0.000069
0001101 0.016772 0.000446
0010110 0.012225 0.000149
