00100101 0.082336 0.001715
00100111 0.101155 0.000549
00100110 0.030496 0.000608
11001000 0.023228 0.000179
00110110 0.010537 0.000882
11011001 0.021494 0.000779
11101010 0.012952 0.000172
00010101 0.012691 0.000348
11011011 0.019538 0.000330
00110101 0.018023 0.000742
11011000 0.141759 0.001619
11101000 0.021521 0.000854
11001011 0.014334 0.000754
00110111 0.020397 0.000656
11011100 0.032705 0.000925
11011010 0.038687 0.001440
00010111 0.017304 0.001141
11111000 0.022300 0.000550
11001001 0.011310 0.000635
11001010 0.014400 0.000770
11011110 0.011269 0.000141
00000111 0.012443 0.000144
