00100100 0.003817 0.000209
10001010 0.063648 0.000709
11110111 0.008310 0.000345
11001000 0.021518 0.000720
11011010 0.040773 0.001298
01110011 0.018329 0.000562
00110001 0.038687 0.001432
10101000 0.001808 0.000165
11111100 0.004546 0.000211
00110111 0.014203 0.000212
00110011 0.030808 0.000741
10001111 0.001164 0.000169
00100010 0.002304 0.000176
10101011 0.001071 0.000131
11001100 0.035682 0.000845
11101100 0.005314 0.000112
01110101 0.045744 0.000372
00100001 0.014737 0.000396
00001000 0.000964 0.000075
00111001 0.002390 0.000197
11001110 0.035677 0.000109
00110101 0.075021 0.000767
10011011 0.002193 0.000057
01110001 0.015802 0.000583
11001010 0.098013 0.002035
11111001 0.007989 0.000573
11011011 0.006454 0.000531
11111101 0.006380 0.000490
10010011 0.001632 0.000256
01110111 0.013802 0.000473
10100111 0.001491 0.000391
11111111 0.004308 0.000176
10011010 0.007103 0.000069
11101000 0.004176 0.000257
00100101 0.039229 0.000729
00000110 0.002563 0.000328
00101000 0.002317 0.000206
00100111 0.012448 0.000212
00000111 0.002443 0.000199
00010011 0.000566 0.000064
01100111 0.001054 0.000206
11101010 0.004736 0.000130
11011100 0.017675 0.000960
00000010 0.002420 0.000262
00100011 0.016229 0.000520
10110011 0.006161 0.000441
10111010 0.001076 0.000335
01001010 0.002327 0.000079
11010111 0.004772 0.000374
01101100 0.001121 0.000146
11011000 0.010143 0.000341
10101100 0.001144 0.000285
10000110 0.005211 0.000322
11011111 0.006475 0.000355
11111011 0.006702 0.000477
10111011 0.002577 0.000123
11011110 0.015272 0.000316
11111010 0.004609 0.000166
10110101 0.002969 0.000313
10010111 0.002148 0.000271
00001010 0.007384 0.000399
11010100 0.000381 0.000036
10011110 0.002777 0.000353
10001100 0.004527 0.000253
11001111 0.001285 0.000171
11011101 0.005648 0.000481
10001110 0.018400 0.000726
01111001 0.002346 0.000096
00101011 0.002307 0.000125
11110101 0.008562 0.000386
11110011 0.007782 0.000283
11111000 0.004520 0.000305
11101001 0.000775 0.000181
11010010 0.000484 0.000050
10101001 0.000336 0.000070
01100101 0.003483 0.000258
00000100 0.001646 0.000188
00000101 0.002054 0.000331
00111011 0.002014 0.000366
00101001 0.001797 0.000053
10101010 0.003900 0.000390
00010111 0.000401 0.000114
10110111 0.003155 0.000109
01111101 0.001329 0.000138
10010110 0.001117 0.000079
01001100 0.001124 0.000056
10011000 0.000718 0.000145
11001011 0.001873 0.000257
10111001 0.001500 0.000262
10111100 0.000291 0.000027
00111101 0.001150 0.000200
01101011 0.000317 0.000139
10011100 0.000418 0.000061
10100101 0.001248 0.000187
01101001 0.000404 0.000112
10110001 0.002607 0.000166
00101100 0.002104 0.000185
10100011 0.001717 0.000014
01101000 0.000791 0.000013
10111111 0.000882 0.000137
01001110 0.000896 0.000061
00101010 0.002747 0.000398
10000010 0.003323 0.000324
10001101 0.000394 0.000083
01011011 0.000158 0.000053
00101110 0.001158 0.000175
11111110 0.002276 0.000237
10000111 0.001705 0.000084
11110001 0.004090 0.000253
00001111 0.000509 0.000101
10000011 0.000874 0.000208
10111101 0.000511 0.000056
01000101 0.000059 0.000030
00100000 0.001129 0.000114
10100010 0.000877 0.000124
11101011 0.000765 0.000036
11110100 0.000239 0.000123
10110100 0.000153 0.000023
00010101 0.000232 0.000018
10100110 0.000903 0.000172
01111011 0.001880 0.000141
00101101 0.001501 0.000304
11010001 0.000096 0.000051
10001000 0.007089 0.000089
01111100 0.000149 0.000041
00001011 0.001612 0.000178
11011001 0.001457 0.000030
10111110 0.000479 0.000130
10101110 0.001841 0.000163
11010101 0.001292 0.000254
10001011 0.001755 0.000118
11101110 0.003274 0.000151
00000011 0.002237 0.000070
11001101 0.001344 0.000127
11001001 0.000450 0.000039
01101101 0.000516 0.000047
01100110 0.000198 0.000048
01000100 0.000111 0.000018
00101111 0.000975 0.000275
11000110 0.001653 0.000195
01011010 0.000138 0.000020
01011110 0.000021 0.000016
10111000 0.000474 0.000061
01101010 0.000651 0.000053
01101110 0.000509 0.000088
11110010 0.000164 0.000034
11000111 0.000579 0.000164
10010010 0.000606 0.000098
10101101 0.000389 0.000063
00001101 0.000187 0.000039
01111111 0.000342 0.000125
11000101 0.000131 0.000061
00001110 0.001958 0.000129
11010011 0.001674 0.000150
01010111 0.000217 0.000043
01100100 0.000263 0.000188
00001100 0.001479 0.000208
11101101 0.000821 0.000147
00100110 0.002002 0.000090
11100101 0.000312 0.000032
00110100 0.000335 0.000040
10100001 0.000551 0.000031
11000010 0.000284 0.000084
01110100 0.000054 0.000028
01100011 0.000557 0.000119
10011111 0.001392 0.000111
01111000 0.000426 0.000082
10010101 0.000484 0.000045
01100001 0.000606 0.000156
01001000 0.000617 0.000134
10101111 0.000614 0.000057
01101111 0.000192 0.000062
11100111 0.000406 0.000143
11100001 0.000040 0.000010
11101111 0.000477 0.000187
10110010 0.000237 0.000054
00011101 0.000031 0.000037
10000100 0.001283 0.000280
01111010 0.000191 0.000033
01011100 0.000053 0.000062
00111111 0.000436 0.000099
00110000 0.000159 0.000069
00011011 0.000313 0.000064
10100100 0.000523 0.000191
01001011 0.000142 0.000028
00111000 0.000219 0.000049
01000111 0.000227 0.000060
01110000 0.000046 0.000023
01010101 0.000096 0.000016
01001101 0.000105 0.000033
11100010 0.000092 0.000046
00011010 0.000238 0.000042
11110110 0.000411 0.000030
00011001 0.000006 0.000004
00001001 0.000103 0.000052
11010110 0.001859 0.000252
01100010 0.000030 0.000031
00010110 0.000059 0.000019
01011111 0.000027 0.000017
10010100 0.000197 0.000021
01001111 0.000102 0.000028
00011111 0.000047 0.000027
10110000 0.000057 0.000008
01010001 0.000010 0.000014
11100110 0.000232 0.000052
00110110 0.000089 0.000060
00011000 0.000015 0.000020
11100011 0.000160 0.000121
01010100 0.000002 0.000002
10011101 0.000231 0.000036
10001001 0.000151 0.000067
10110110 0.000144 0.000045
11000100 0.000294 0.000062
00010100 0.000058 0.000054
01010011 0.000150 0.000038
10000101 0.000463 0.000042
11000011 0.000142 0.000010
11100100 0.000114 0.000077
00010010 0.000062 0.000044
01001001 0.000019 0.000023
11000000 0.000010 0.000013
01111110 0.000040 0.000034
11110000 0.000039 0.000052
00111110 0.000055 0.000045
01000110 0.000149 0.000049
01011001 0.000060 0.000021
01110110 0.000039 0.000028
10011001 0.000098 0.000059
00000000 0.000100 0.000051
10100000 0.000170 0.000093
00111010 0.000149 0.000050
00111100 0.000091 0.000014
00110010 0.000162 0.000075
01011000 0.000049 0.000028
00010001 0.000034 0.000013
11010000 0.000031 0.000010
00000001 0.000090 0.000026
01000010 0.000094 0.000071
10000000 0.000022 0.000017
11100000 0.000021 0.000017
01100000 0.000044 0.000021
01011101 0.000031 0.000037
00011110 0.000024 0.000020
00011100 0.000005 0.000006
10010001 0.000014 0.000020
01000011 0.000052 0.000036
10000001 0.000027 0.000034
01010110 0.000001 0.000002
01110010 0.000002 0.000002
10010000 0.000016 0.000033
