1010110 0.041177 0.000756
0001101 0.008727 0.000294
1011101 0.004727 0.000356
0110100 0.011534 0.000385
0011101 0.017312 0.000362
0101101 0.046428 0.001051
1010011 0.006991 0.000372
1010010 0.019837 0.000741
0101001 0.038926 0.000528
0010111 0.006796 0.000190
1101100 0.014386 0.000635
0011111 0.028923 0.000389
1100101 0.001997 0.000249
0011011 0.059116 0.001779
1100000 0.008491 0.000666
1110110 0.038926 0.000834
0110110 0.029824 0.000710
1000011 0.008452 0.000223
1100100 0.080699 0.001211
1110100 0.027695 0.000935
1001001 0.006436 0.000091
1011111 0.009065 0.000165
0111101 0.018371 0.000474
0100100 0.004220 0.000251
1001011 0.016168 0.000708
1001101 0.008944 0.000613
0110111 0.002589 0.000268
1101111 0.002956 0.000243
0001111 0.002397 0.000301
0001001 0.022537 0.000372
0101000 0.002546 0.000195
1010111 0.005970 0.000534
1000100 0.005415 0.000296
0010110 0.026622 0.000493
0001011 0.041482 0.000724
1111111 0.003049 0.000095
1111101 0.006174 0.000126
0011001 0.014043 0.000363
1100010 0.020527 0.000965
1101001 0.011737 0.000643
0101011 0.013542 0.000732
1110111 0.002717 0.000336
1011000 0.000109 0.000087
0111100 0.004429 0.000364
1101101 0.028921 0.000330
1001100 0.000974 0.000037
0111001 0.006682 0.000485
0011010 0.000921 0.000159
0010100 0.002881 0.000061
0010010 0.022599 0.001705
1110000 0.001638 0.000247
1000111 0.001454 0.000259
0110000 0.001065 0.000071
1000010 0.018161 0.000639
1111011 0.002340 0.000129
1111100 0.003842 0.000276
1010100 0.008657 0.000549
0010011 0.009273 0.000434
1110010 0.013876 0.000610
1011011 0.009826 0.000126
0000010 0.003047 0.000319
1001111 0.003301 0.000171
0111011 0.008172 0.000300
1110011 0.001776 0.000318
0110010 0.012616 0.000383
0111111 0.006711 0.000747
1100110 0.012350 0.000773
0011000 0.000380 0.000171
0100010 0.005270 0.000542
1000110 0.004294 0.000222
0100011 0.001393 0.000047
1111110 0.001532 0.000188
1111001 0.001050 0.000122
0011110 0.001135 0.000218
1101011 0.006462 0.000121
1100011 0.003203 0.000062
0100000 0.001236 0.000240
0111000 0.001185 0.000040
0100110 0.001016 0.000057
0100001 0.000123 0.000067
0111010 0.000733 0.000124
1001010 0.000385 0.000035
0101111 0.003095 0.000040
0101100 0.007102 0.000489
1000000 0.001301 0.000128
1011001 0.001331 0.000032
1101010 0.000998 0.000137
0000011 0.002580 0.000431
1111000 0.000380 0.000038
1011010 0.000467 0.000048
0010101 0.000440 0.000051
1100111 0.001042 0.000107
1101000 0.002838 0.000255
0100111 0.000141 0.000056
0001110 0.000015 0.000011
1000101 0.000735 0.000236
1001000 0.000388 0.000061
1011110 0.000955 0.000077
1110101 0.000758 0.000190
0110011 0.002069 0.000150
0111110 0.001305 0.000000
1100001 0.000424 0.000113
0011100 0.000835 0.000178
0000100 0.000085 0.000052
1010101 0.000667 0.000067
0100101 0.000186 0.000099
1010000 0.000491 0.000149
1011100 0.000907 0.000082
0001010 0.000218 0.000091
0101010 0.000493 0.000112
1001110 0.000100 0.000064
0010000 0.000497 0.000159
0010001 0.000178 0.000061
1101110 0.000856 0.000145
0101110 0.000196 0.000056
0000111 0.000145 0.000050
0001000 0.000163 0.000066
1111010 0.000600 0.000080
0110101 0.000432 0.000128
0000110 0.000245 0.000050
1000001 0.000288 0.000067
0000000 0.000071 0.000019
0110001 0.000140 0.000071
1010001 0.000079 0.000026
1110001 0.000111 0.000070
0000001 0.000035 0.000025
0001100 0.000103 0.000086
0000101 0.000018 0.000013
