10010011 0.000701 0.000092
10001101 0.005635 0.000159
00000100 0.001162 0.000099
00011101 0.001766 0.000138
01111101 0.003149 0.000331
10000010 0.007435 0.000747
01111011 0.105003 0.001192
10101100 0.014872 0.000424
01111111 0.073079 0.001161
01110111 0.016363 0.000583
10000100 0.103437 0.002184
00000011 0.001155 0.000052
10100100 0.103550 0.001727
00001111 0.005980 0.000132
10111100 0.002599 0.000185
10101001 0.001672 0.000141
01011011 0.072640 0.000654
10110111 0.001261 0.000173
01011111 0.052377 0.001095
11110101 0.000904 0.000098
11110111 0.010831 0.000307
10000111 0.003698 0.000154
01101011 0.001857 0.000033
00001000 0.001272 0.000056
01111001 0.001285 0.000111
10101000 0.005090 0.000139
10011110 0.000835 0.000060
10101101 0.004658 0.000060
11111110 0.000640 0.000184
10000000 0.030971 0.000602
10001100 0.016273 0.000561
10000101 0.004675 0.000416
11111101 0.001586 0.000101
10100101 0.004963 0.000284
11110011 0.013246 0.000766
11100100 0.001693 0.000182
10100000 0.032180 0.001455
10100001 0.001716 0.000131
01110011 0.025582 0.000177
11111111 0.013310 0.000064
01010011 0.011618 0.000297
10000001 0.001369 0.000186
10011100 0.002608 0.000108
11000010 0.000158 0.000024
10011111 0.004335 0.000393
11111011 0.018156 0.001068
00111111 0.000991 0.000159
00101111 0.001249 0.000339
00101001 0.000341 0.000041
10100010 0.007610 0.000114
00001011 0.004530 0.000378
01001111 0.004113 0.000381
01101111 0.002110 0.000202
10001110 0.002493 0.000018
00001110 0.001873 0.000198
10101011 0.003037 0.000371
10110100 0.002594 0.000484
11100101 0.000555 0.000033
11000100 0.000674 0.000111
00011111 0.003385 0.000104
10001111 0.004417 0.000353
00100111 0.000255 0.000033
10111110 0.000681 0.000065
00100100 0.000433 0.000099
00000110 0.001404 0.000243
10101111 0.003610 0.000298
10111010 0.000419 0.000087
10000110 0.012749 0.000689
11101010 0.000117 0.000024
10101110 0.002290 0.000086
00100011 0.000348 0.000164
10001011 0.003538 0.000154
11100011 0.001222 0.000233
11110001 0.000265 0.000068
10111000 0.000819 0.000070
10100011 0.002446 0.000323
11110000 0.000204 0.000063
10010000 0.000798 0.000037
11111100 0.000630 0.000116
11101111 0.001371 0.000158
10000011 0.003126 0.000265
01001101 0.001380 0.000111
10111011 0.003367 0.000094
10001000 0.005555 0.000562
11011011 0.002455 0.000239
10100110 0.011865 0.000750
11101011 0.001060 0.000197
00001101 0.004374 0.000231
11010011 0.001424 0.000129
10110011 0.001052 0.000082
00011011 0.003083 0.000077
11011111 0.002254 0.000163
01010111 0.007298 0.000175
10011000 0.000858 0.000133
01000111 0.000867 0.000281
01001011 0.003498 0.000293
00000111 0.001198 0.000026
11011010 0.000075 0.000049
10111111 0.004457 0.000101
10011101 0.002275 0.000306
00001100 0.003419 0.000323
01000011 0.000817 0.000130
10011010 0.000616 0.000196
10111101 0.002292 0.000093
11000011 0.000463 0.000024
00101011 0.001147 0.000058
00001001 0.001552 0.000151
00000101 0.000521 0.000043
11001100 0.000299 0.000024
11101101 0.000792 0.000078
01110001 0.000206 0.000029
00101100 0.000739 0.000076
11110110 0.001525 0.000184
01111110 0.000451 0.000117
01110110 0.000582 0.000046
11010111 0.001168 0.000061
00111110 0.000104 0.000051
10010111 0.001097 0.000106
11101100 0.000513 0.000046
01110010 0.000573 0.000068
00101101 0.001010 0.000164
10110000 0.000952 0.000123
11111000 0.000200 0.000037
00101000 0.000328 0.000037
10001010 0.001551 0.000133
01010100 0.000084 0.000027
11100010 0.000585 0.000085
10011011 0.003892 0.000084
10110010 0.000855 0.000166
00011001 0.000612 0.000077
01001001 0.000427 0.000052
00010111 0.000418 0.000103
01110101 0.000457 0.000075
11010000 0.000104 0.000019
11110010 0.001374 0.000086
11011000 0.000079 0.000056
10010100 0.002378 0.000099
01101100 0.000259 0.000035
01100011 0.000879 0.000174
01111100 0.000188 0.000033
01011101 0.003196 0.000161
01100111 0.000777 0.000116
11100110 0.000475 0.000059
11001011 0.000610 0.000125
11100111 0.000983 0.000199
00111011 0.000779 0.000124
11111010 0.000544 0.000208
11110100 0.001002 0.000092
00011010 0.000184 0.000082
10111001 0.000687 0.000101
11101110 0.000147 0.000023
10100111 0.003071 0.000277
11001101 0.000351 0.000096
01011100 0.000214 0.000036
01000110 0.000219 0.000053
11011101 0.000364 0.000137
00000000 0.000423 0.000144
11000000 0.000217 0.000042
11001111 0.000719 0.000085
01000101 0.000146 0.000044
00000010 0.000749 0.000368
11010001 0.000078 0.000058
01101101 0.000775 0.000151
10001001 0.001771 0.000331
11111001 0.000618 0.000047
01010110 0.000353 0.000209
00001010 0.000941 0.000055
10110110 0.001151 0.000253
10011001 0.000845 0.000162
00110000 0.000018 0.000017
00011000 0.000187 0.000064
10101010 0.001186 0.000117
01000010 0.000164 0.000027
01011001 0.000965 0.000054
10010110 0.000824 0.000058
11011110 0.000120 0.000064
00011100 0.000616 0.000017
01111010 0.000300 0.000086
01111000 0.000071 0.000024
00010011 0.000323 0.000096
11101001 0.000244 0.000110
00010110 0.000100 0.000018
10010010 0.000755 0.000071
01011110 0.000434 0.000044
00011110 0.000351 0.000073
00110111 0.000032 0.000016
00100110 0.000212 0.000080
00100010 0.000253 0.000016
11010110 0.000218 0.000089
11100000 0.000434 0.000171
01010101 0.000257 0.000040
11001000 0.000136 0.000075
01001100 0.000370 0.000077
01011000 0.000105 0.000047
01101110 0.000160 0.000059
11001001 0.000099 0.000036
00100000 0.000135 0.000058
01000100 0.000254 0.000040
10110101 0.000625 0.000131
00101110 0.000398 0.000030
11011100 0.000214 0.000065
01001110 0.000276 0.000071
01010010 0.000371 0.000085
11100001 0.000171 0.000030
11001110 0.000044 0.000017
11011001 0.000196 0.000064
00010010 0.000102 0.000022
01110100 0.000139 0.000068
00111100 0.000156 0.000055
10010001 0.000107 0.000025
00101010 0.000224 0.000047
11101000 0.000098 0.000031
00010101 0.000032 0.000034
11010010 0.000265 0.000056
11010101 0.000245 0.000025
01100101 0.000189 0.000046
01100110 0.000125 0.000026
11000111 0.000463 0.000073
11010100 0.000200 0.000109
10010101 0.000682 0.000039
00100101 0.000153 0.000064
01011010 0.000315 0.000109
11000001 0.000128 0.000047
11000110 0.000207 0.000105
01010001 0.000070 0.000044
01110000 0.000046 0.000049
00111101 0.000352 0.000137
01001010 0.000110 0.000070
11000101 0.000160 0.000045
00000001 0.000217 0.000034
11001010 0.000045 0.000048
00110110 0.000007 0.000006
01101001 0.000120 0.000033
01001000 0.000141 0.000065
01000001 0.000040 0.000035
10110001 0.000170 0.000123
01100001 0.000045 0.000004
00111001 0.000087 0.000028
01101010 0.000061 0.000069
01100010 0.000052 0.000007
00100001 0.000053 0.000003
00110011 0.000050 0.000012
01100100 0.000093 0.000017
00010000 0.000022 0.000011
01000000 0.000042 0.000008
00111000 0.000030 0.000022
00010100 0.000049 0.000022
01101000 0.000049 0.000022
00010001 0.000026 0.000008
00111010 0.000018 0.000023
00110010 0.000023 0.000018
01100000 0.000001 0.000001
01010000 0.000040 0.000057
