1111111111 0.013195 0.000420
1100111101 0.020607 0.000034
1011100010 0.011436 0.000253
0000011011 0.017708 0.000380
1000111001 0.010469 0.000384
0111000110 0.013631 0.000528
0011000010 0.023416 0.000451
0011000110 0.018262 0.001231
0011100110 0.013219 0.000372
1100011001 0.010844 0.000257
1100011101 0.010988 0.000193
0111011111 0.012004 0.000373
1111011111 0.011466 0.000394
1100111001 0.016867 0.000642
1000011001 0.013405 0.000368
0011100010 0.018478 0.000307
1111111101 0.022940 0.000560
1110111101 0.012075 0.000085
0111100110 0.014190 0.000143
0000011001 0.010844 0.000118
1111100110 0.017103 0.000426
