00111000 0.030168 0.000700
10001111 0.017776 0.000278
01111000 0.074172 0.001049
01011000 0.023056 0.000642
01110100 0.010238 0.000702
10101111 0.016840 0.000288
11000011 0.039324 0.001346
10111101 0.012543 0.000187
10000011 0.034134 0.000713
00111100 0.026125 0.000695
00110000 0.018670 0.001031
01110000 0.025449 0.000224
10000111 0.052313 0.000988
10001011 0.010742 0.000530
01010000 0.035836 0.000265
10010111 0.010572 0.000741
10100111 0.014006 0.001394
10101011 0.011229 0.000158
11001111 0.015904 0.000263
11001011 0.023110 0.001049
01111100 0.032415 0.000169
11000111 0.029974 0.000812
01111001 0.013345 0.000878
01010100 0.013547 0.000200
00110100 0.014673 0.000402
