01101 0.065779 0.000311
11101 0.228158 0.003278
10010 0.084821 0.001607
01100 0.052491 0.000770
00011 0.030124 0.001142
00101 0.007299 0.000297
00111 0.024648 0.000471
10101 0.026059 0.000676
10111 0.040827 0.000542
00010 0.140118 0.003098
10011 0.048469 0.001113
01000 0.015357 0.000441
11010 0.019787 0.000600
11111 0.023400 0.001132
01010 0.021177 0.000064
01110 0.008511 0.000293
11001 0.021940 0.000670
10110 0.009757 0.000790
00110 0.025020 0.000280
11100 0.031774 0.002008
01111 0.008737 0.000487
11000 0.022157 0.001856
01001 0.006070 0.000344
01011 0.005173 0.000405
11011 0.011676 0.000358
10000 0.002459 0.000272
00100 0.005899 0.000284
10001 0.002387 0.000245
11110 0.004159 0.000338
10100 0.003289 0.000267
00000 0.001727 0.000157
00001 0.000749 0.000087
