0110001 0.013705 0.000409
0010111 0.005648 0.000176
0011001 0.002867 0.000425
0000111 0.056321 0.000151
1101111 0.014818 0.000250
0110010 0.037791 0.000164
0111000 0.038592 0.002485
1000111 0.060299 0.000878
0011000 0.014169 0.000067
1000000 0.000273 0.000063
0110111 0.036957 0.001165
0110011 0.041046 0.000570
1010110 0.000688 0.000137
1011010 0.001558 0.000098
0110000 0.058120 0.000735
0000011 0.002427 0.000170
1111001 0.013315 0.000316
0111011 0.013330 0.000381
1101000 0.011540 0.000109
1110000 0.013937 0.001154
1001111 0.089762 0.001690
1001100 0.004329 0.000086
0001111 0.021033 0.000798
1011000 0.034764 0.000363
1010111 0.003037 0.000213
1101001 0.005549 0.000369
1101101 0.004070 0.000363
1101011 0.002629 0.000377
1100111 0.020776 0.000219
1001101 0.018462 0.000613
1111000 0.087104 0.001616
0010010 0.002381 0.000059
0110110 0.008423 0.000409
1001000 0.022919 0.001166
1111011 0.003912 0.000153
1110111 0.009323 0.000558
1000110 0.003367 0.000333
1110001 0.002305 0.000346
1111111 0.005111 0.000132
0100111 0.030625 0.000603
1100001 0.000602 0.000038
1001001 0.013887 0.000643
0101011 0.003317 0.000194
0100011 0.007107 0.000328
0000001 0.000149 0.000033
1110010 0.003692 0.000056
1001010 0.002632 0.000511
0010011 0.002689 0.000196
0001101 0.000611 0.000196
1011100 0.002784 0.000260
1111100 0.005177 0.000166
0110101 0.003727 0.000278
0011011 0.003047 0.000315
0111001 0.007894 0.000274
0111101 0.000828 0.000104
0001110 0.001135 0.000120
0000010 0.000745 0.000166
1001110 0.005111 0.000364
1110101 0.002674 0.000437
0011010 0.002708 0.000161
0001000 0.000964 0.000146
1100010 0.000994 0.000223
1011111 0.003208 0.000396
1101110 0.001778 0.000198
1111110 0.001764 0.000178
0010000 0.004290 0.000240
0000110 0.002335 0.000226
1111010 0.006807 0.000291
0101010 0.001368 0.000168
0111010 0.011133 0.000040
1100101 0.001901 0.000215
1000101 0.003209 0.000121
0111110 0.001217 0.000132
1001011 0.003744 0.000281
1011001 0.005001 0.000468
0101111 0.004262 0.000276
1000010 0.000395 0.000153
1110011 0.002393 0.000354
0001011 0.003396 0.000205
0011111 0.002116 0.000319
1110100 0.002270 0.000186
0111111 0.003968 0.000104
1101010 0.002106 0.000069
1110110 0.003121 0.000378
0001010 0.000783 0.000119
0100010 0.002830 0.000393
0001001 0.000855 0.000113
1111101 0.004573 0.000315
1011101 0.002742 0.000084
0010100 0.000396 0.000164
1100011 0.000992 0.000138
0011100 0.000337 0.000031
1011110 0.000980 0.000186
0110100 0.002685 0.000256
1101100 0.001380 0.000232
0101000 0.000923 0.000080
0000101 0.000491 0.000162
0101001 0.000873 0.000261
0100101 0.000659 0.000228
0010110 0.000997 0.000130
0011101 0.000345 0.000009
1010101 0.000732 0.000053
1000011 0.000530 0.000216
0101110 0.000401 0.000120
0100110 0.002271 0.000651
0001100 0.000110 0.000066
1010100 0.000552 0.000140
1011011 0.001137 0.000069
0101101 0.000146 0.000031
0100001 0.000491 0.000062
0010001 0.001086 0.000206
1010011 0.000174 0.000061
1000100 0.000572 0.000102
1010000 0.001446 0.000295
0111100 0.001047 0.000153
0100000 0.000298 0.000085
1000001 0.000200 0.000083
0010101 0.000374 0.000028
1100110 0.001886 0.000379
1100100 0.000358 0.000034
1100000 0.000541 0.000044
1010010 0.000340 0.000069
1010001 0.000303 0.000035
0000100 0.000086 0.000051
0100100 0.000097 0.000025
0011110 0.000390 0.000093
0101100 0.000015 0.000011
0000000 0.000038 0.000045
