10000 0.014486 0.000750
11010 0.167284 0.001698
11110 0.130854 0.000639
11111 0.073286 0.001938
00001 0.178671 0.001821
01101 0.011536 0.000332
01110 0.017854 0.000313
10101 0.018969 0.001733
10011 0.002518 0.000097
10001 0.035826 0.000971
11000 0.014140 0.000353
10010 0.003476 0.000257
00011 0.008437 0.000701
00000 0.032642 0.001187
00110 0.004948 0.000128
11101 0.019378 0.000620
11011 0.016659 0.000504
11001 0.017957 0.000347
01010 0.003771 0.000355
00111 0.018181 0.000852
00100 0.006332 0.000447
00101 0.160512 0.001330
00010 0.005236 0.000568
01111 0.018974 0.000263
01001 0.004068 0.000097
11100 0.003138 0.000467
01000 0.002249 0.000238
10110 0.001424 0.000145
10111 0.003638 0.000110
01011 0.001399 0.000216
01100 0.001140 0.000108
10100 0.001017 0.000187
