00100010 0.012298 0.001010
11011001 0.010288 0.000767
10011101 0.022718 0.001011
10011111 0.040397 0.000319
11001101 0.011231 0.000323
01001111 0.012105 0.000636
11111001 0.013835 0.000415
10111001 0.027395 0.001103
01100000 0.054051 0.001194
01100110 0.015235 0.000368
10111111 0.032283 0.000251
11011111 0.012994 0.000485
01001101 0.019751 0.001108
00001101 0.022106 0.000609
00101110 0.019531 0.000247
10111101 0.012330 0.000609
00001111 0.037970 0.000539
10011001 0.011750 0.000598
00011111 0.010439 0.000495
11100000 0.023688 0.001332
01000000 0.015324 0.000099
10110001 0.014895 0.000397
00100110 0.026775 0.000528
00001110 0.012884 0.000414
11110001 0.014641 0.000373
10111110 0.010810 0.000697
11100110 0.010859 0.000875
01101110 0.010200 0.000190
11110000 0.037958 0.001029
01100010 0.016089 0.000426
01001110 0.011947 0.000962
11011101 0.020503 0.000713
