01100010 0.085797 0.001128
00010100 0.018627 0.000311
01100011 0.050244 0.001128
10111101 0.002367 0.000055
10001101 0.099937 0.000280
10001100 0.046828 0.000450
01101100 0.001709 0.000125
01101001 0.011517 0.000449
01110010 0.080612 0.000585
00000100 0.001134 0.000154
01101011 0.012213 0.000393
10011101 0.073163 0.000846
11110010 0.001154 0.000072
10011100 0.035209 0.000753
01111010 0.002629 0.000362
10011110 0.006219 0.000259
11001111 0.013006 0.000646
11111001 0.000871 0.000085
00010000 0.006002 0.000459
00010110 0.013891 0.000206
01110011 0.053526 0.000785
00110000 0.004249 0.000144
10010100 0.006832 0.000365
00010010 0.002950 0.000218
10000110 0.002022 0.000322
00100011 0.001299 0.000248
10001111 0.011850 0.000612
00101100 0.000866 0.000199
10000000 0.000123 0.000052
01110000 0.002836 0.000329
00011100 0.010489 0.000257
00111100 0.001700 0.000231
00110010 0.004033 0.000240
11100010 0.001629 0.000259
00100000 0.000409 0.000106
11000111 0.001730 0.000176
10111001 0.001032 0.000143
11101111 0.010976 0.000261
01100110 0.007650 0.000375
10000111 0.001688 0.000054
01110110 0.009443 0.000542
10010101 0.005852 0.000266
10011111 0.010867 0.000653
11011101 0.003276 0.000191
11001100 0.005401 0.000360
11101011 0.008218 0.000714
01101101 0.002008 0.000040
01101111 0.004055 0.000181
10010001 0.002751 0.000475
00010001 0.001795 0.000161
11101101 0.016297 0.001103
11101001 0.018727 0.000822
00100001 0.000990 0.000217
00110001 0.004013 0.000297
11001101 0.017500 0.000129
01101110 0.006140 0.000321
10010010 0.000529 0.000146
00100010 0.001394 0.000200
11011011 0.000132 0.000044
11111010 0.000091 0.000032
10010011 0.000885 0.000109
11001110 0.005794 0.000351
10010110 0.005629 0.000279
10001110 0.008257 0.000320
10000010 0.000222 0.000095
00000001 0.000343 0.000152
10001001 0.006956 0.000236
01111011 0.004814 0.000133
11110011 0.004052 0.000334
00101110 0.000323 0.000116
00001111 0.000135 0.000058
01101010 0.007600 0.000219
00110101 0.000912 0.000145
11100011 0.007284 0.000321
01110001 0.003656 0.000270
00110110 0.002283 0.000199
11010111 0.001890 0.000147
00110111 0.000626 0.000014
11111111 0.001889 0.000107
11110111 0.000989 0.000074
11100001 0.001650 0.000020
11100110 0.000582 0.000086
11011110 0.001662 0.000279
11011111 0.004517 0.000245
00100110 0.000824 0.000024
10000101 0.001851 0.000116
00111110 0.000472 0.000041
11011100 0.000966 0.000074
11101110 0.003777 0.000154
11101000 0.001188 0.000146
01010111 0.000286 0.000079
01111000 0.000631 0.000125
01001110 0.000562 0.000039
00000110 0.004074 0.000139
00110011 0.002655 0.000475
11010110 0.001431 0.000162
01101000 0.003597 0.000291
11100101 0.000037 0.000026
10101101 0.005249 0.000347
01111110 0.002701 0.000156
10110001 0.001304 0.000242
00011110 0.001886 0.000288
11111110 0.000604 0.000099
11001001 0.001842 0.000366
11000110 0.001448 0.000166
11000011 0.000533 0.000121
00011101 0.002375 0.000230
10011001 0.003459 0.000335
11110001 0.000744 0.000122
01100111 0.002912 0.000299
00001100 0.002408 0.000194
10101111 0.000911 0.000137
10111100 0.000877 0.000149
01111001 0.002014 0.000380
10101100 0.001217 0.000134
01100001 0.003805 0.000022
01111111 0.002225 0.000084
00101001 0.000717 0.000096
10101011 0.000320 0.000072
00010101 0.002319 0.000105
10000011 0.000480 0.000115
01110111 0.003604 0.000144
10000001 0.000889 0.000010
11100111 0.001066 0.000032
01110100 0.000260 0.000040
10110010 0.000245 0.000039
00010111 0.001568 0.000061
00111010 0.000159 0.000111
01000110 0.000730 0.000166
11111011 0.001059 0.000197
00011000 0.000457 0.000109
10100101 0.000155 0.000090
01100000 0.002094 0.000062
10010111 0.003253 0.000382
11101100 0.003140 0.000188
11000010 0.000168 0.000057
01010110 0.001024 0.000134
10101001 0.002630 0.000205
00110100 0.002232 0.000215
10111111 0.000482 0.000024
10001000 0.000473 0.000096
00111000 0.000499 0.000056
10001011 0.000728 0.000046
11110110 0.000514 0.000080
10110011 0.000560 0.000059
11001011 0.000647 0.000064
10110110 0.000229 0.000066
00111101 0.000910 0.000085
00100111 0.000284 0.000068
00001110 0.000888 0.000163
00111011 0.000256 0.000047
01000010 0.000270 0.000077
11111101 0.000779 0.000111
10100001 0.000458 0.000079
01001111 0.000201 0.000073
11000001 0.000114 0.000054
00101011 0.000217 0.000038
00000010 0.000766 0.000173
00000111 0.000321 0.000067
00011111 0.000533 0.000136
01011110 0.000301 0.000089
10011011 0.000479 0.000034
00001000 0.000093 0.000044
00101101 0.000741 0.000010
10100011 0.000381 0.000102
10111011 0.000087 0.000028
00001101 0.000809 0.000112
01001011 0.000055 0.000041
10000100 0.000572 0.000118
10011000 0.000321 0.000040
00011010 0.000092 0.000047
00011011 0.000036 0.000023
00010011 0.000670 0.000080
01001100 0.000158 0.000058
11101010 0.001147 0.000081
01110101 0.000164 0.000079
10100111 0.000153 0.000032
00000000 0.000305 0.000148
11111100 0.000146 0.000081
00101000 0.000203 0.000065
10010000 0.001205 0.000226
00000101 0.000477 0.000050
01010010 0.000161 0.000093
11100000 0.000122 0.000044
00111001 0.000853 0.000147
00000011 0.000137 0.000075
01111100 0.000263 0.000096
11001010 0.000119 0.000054
11010101 0.000181 0.000084
10111110 0.000238 0.000065
10101110 0.000268 0.000081
01010100 0.000056 0.000024
10101000 0.000077 0.000026
10001010 0.000067 0.000039
10110100 0.000280 0.000021
10110101 0.000279 0.000087
10110111 0.000165 0.000082
11001000 0.000069 0.000053
11010011 0.000297 0.000035
11111000 0.000029 0.000008
01000011 0.000133 0.000070
00101111 0.000207 0.000018
01111101 0.000423 0.000057
00100101 0.000140 0.000062
00111111 0.000208 0.000058
11110101 0.000051 0.000011
11010100 0.000105 0.000026
00001001 0.000181 0.000062
11000101 0.000134 0.000021
00001010 0.000051 0.000016
11010010 0.000111 0.000022
00011001 0.000409 0.000124
11011001 0.000196 0.000040
01011111 0.000179 0.000014
10101010 0.000002 0.000003
01001101 0.000185 0.000039
11010001 0.000131 0.000049
01011101 0.000064 0.000051
00100100 0.000205 0.000053
11000100 0.000047 0.000003
01001010 0.000016 0.000016
01010101 0.000063 0.000010
10011010 0.000061 0.000042
10110000 0.000213 0.000088
10100000 0.000008 0.000012
01010011 0.000092 0.000023
00101010 0.000132 0.000025
11110000 0.000061 0.000014
10100110 0.000064 0.000026
01011001 0.000007 0.000009
01000100 0.000010 0.000014
01001001 0.000020 0.000015
00001011 0.000018 0.000025
01100101 0.000051 0.000042
01000111 0.000162 0.000033
10111000 0.000080 0.000066
01100100 0.000131 0.000121
10100010 0.000076 0.000036
01011000 0.000020 0.000011
11011010 0.000030 0.000020
01000001 0.000000 0.000000
01000101 0.000015 0.000018
11100100 0.000035 0.000032
01011100 0.000055 0.000032
01010000 0.000006 0.000009
01011010 0.000000 0.000018
01010001 0.000052 0.000048
10100100 0.000008 0.000011
11011000 0.000010 0.000015
01000000 0.000032 0.000024
11110100 0.000024 0.000029
11000000 0.000007 0.000010
10111010 0.000016 0.000022
11010000 0.000001 0.000013
