10100111 0.046431 0.000848
11010100 0.053099 0.001642
10111001 0.001826 0.000176
01111010 0.001613 0.000159
10100011 0.005074 0.000392
11011100 0.033204 0.000283
00111010 0.007983 0.000188
11111101 0.001392 0.000255
01100101 0.003835 0.000270
01000011 0.030465 0.000513
11111000 0.015044 0.000786
11010011 0.000718 0.000032
01000101 0.010338 0.000560
10101111 0.012026 0.000378
00101011 0.052132 0.000916
01010100 0.021119 0.000940
11011000 0.030854 0.000750
00101111 0.004716 0.000427
01010101 0.019272 0.001206
01110011 0.000621 0.000126
01011000 0.033418 0.001694
01000001 0.008912 0.000529
00101010 0.004949 0.000249
11011011 0.002983 0.000173
01000111 0.017102 0.000814
10101011 0.022471 0.000719
00111000 0.007871 0.000251
01100111 0.011244 0.000487
11011110 0.001392 0.000074
11101110 0.000463 0.000153
11100110 0.005661 0.000339
11100111 0.009533 0.000253
01011101 0.005811 0.000217
11010101 0.007025 0.000355
01011001 0.017242 0.000405
00000011 0.006422 0.000432
10011011 0.003325 0.000128
10111000 0.013795 0.000788
01100011 0.019960 0.001432
11110100 0.013059 0.000396
10110110 0.007307 0.000415
01100001 0.003023 0.000284
01010001 0.007183 0.000396
01100010 0.000456 0.000071
10111111 0.006097 0.000252
10100010 0.001259 0.000188
10111010 0.024165 0.000791
01111011 0.004083 0.000394
11111100 0.013280 0.000753
11001011 0.000989 0.000149
10011010 0.002923 0.000239
11010111 0.004324 0.000369
11011010 0.002132 0.000154
10111101 0.001033 0.000077
10000110 0.002347 0.000097
01101011 0.006853 0.000235
10100110 0.032886 0.000326
10101110 0.005483 0.000148
00100111 0.018732 0.001217
01011111 0.000583 0.000027
10111011 0.018270 0.001269
01001011 0.004077 0.000437
00100011 0.034430 0.001447
11011101 0.004416 0.000037
00011111 0.000256 0.000032
11010110 0.004870 0.000038
00111011 0.018611 0.000298
10011001 0.000378 0.000036
10011100 0.002490 0.000108
10111110 0.006787 0.000089
10101010 0.007553 0.000176
01111001 0.005038 0.000056
11011001 0.005130 0.000398
00000111 0.003200 0.000232
10000111 0.004427 0.000203
10011000 0.004157 0.000173
10110111 0.005329 0.000319
01010111 0.002412 0.000067
00001011 0.006950 0.000349
10111100 0.007947 0.000166
01010000 0.003762 0.000380
01111000 0.011588 0.000599
11110101 0.001546 0.000243
11000101 0.000665 0.000056
11101011 0.002611 0.000205
00100010 0.000951 0.000105
00011011 0.006524 0.000107
11110110 0.002757 0.000099
01111100 0.001912 0.000139
00100101 0.001013 0.000222
11111001 0.002088 0.000030
11010001 0.000745 0.000044
01111110 0.000086 0.000058
10010100 0.000636 0.000142
11010000 0.000723 0.000186
01110000 0.000556 0.000156
11111011 0.002513 0.000118
00110011 0.000563 0.000065
11100011 0.002354 0.000303
00011000 0.003131 0.000346
01110100 0.003401 0.000213
00010011 0.000375 0.000075
11000100 0.000507 0.000049
01001111 0.000366 0.000097
11011111 0.001727 0.000137
01101010 0.000756 0.000057
00001010 0.000369 0.000031
10001110 0.000307 0.000078
00100000 0.000087 0.000050
01011011 0.007770 0.000370
10001011 0.001662 0.000335
11111010 0.003349 0.000236
11001110 0.000089 0.000042
10100101 0.000428 0.000132
10110100 0.002395 0.000289
11000111 0.005600 0.000211
10100100 0.000904 0.000148
10001010 0.000235 0.000092
11110111 0.001833 0.000271
11000110 0.002150 0.000150
01010011 0.003438 0.000196
00110111 0.000386 0.000013
01011100 0.006173 0.000367
11100101 0.000946 0.000115
01011010 0.002297 0.000073
01010110 0.000401 0.000080
01110001 0.000840 0.000137
01101111 0.000970 0.000072
00011010 0.001961 0.000278
11101111 0.001099 0.000069
10001111 0.000868 0.000135
01000010 0.000748 0.000267
00111001 0.003181 0.000058
00011001 0.001255 0.000276
11100001 0.000208 0.000133
11111111 0.001095 0.000132
01110111 0.000463 0.000107
11000011 0.001473 0.000268
10011111 0.001177 0.000118
01110101 0.002081 0.000117
10101000 0.000071 0.000023
11101010 0.000732 0.000144
10110011 0.000422 0.000096
01010010 0.000372 0.000120
00111100 0.001226 0.000082
00001111 0.000672 0.000209
01111101 0.001608 0.000197
00011101 0.000269 0.000016
11111110 0.001257 0.000273
10010110 0.001707 0.000207
01000100 0.002056 0.000298
10010011 0.000107 0.000024
00110100 0.000262 0.000118
01101001 0.000636 0.000161
00100110 0.000574 0.000172
10000011 0.000618 0.000089
00111101 0.000725 0.000107
10110101 0.000328 0.000106
10110000 0.000069 0.000088
11001001 0.000080 0.000023
01000000 0.000598 0.000038
00110101 0.000198 0.000049
01111111 0.000292 0.000017
00100001 0.000702 0.000181
00111111 0.001043 0.000143
11000000 0.000028 0.000019
10011110 0.001231 0.000171
11110000 0.000176 0.000067
11110011 0.000193 0.000107
00110010 0.000014 0.000023
01001000 0.000064 0.000035
01000110 0.000435 0.000162
11100010 0.000457 0.000157
11001111 0.000448 0.000064
00000100 0.000012 0.000016
01101000 0.000227 0.000125
11010010 0.000312 0.000016
10010111 0.001542 0.000205
00101001 0.000570 0.000162
01100000 0.000300 0.000078
11100100 0.000896 0.000111
01001001 0.000407 0.000169
00010111 0.000241 0.000058
10100001 0.000025 0.000026
01100100 0.001248 0.000162
10011101 0.000152 0.000026
00101101 0.000189 0.000038
00001110 0.000027 0.000019
01100110 0.000384 0.000064
00101000 0.000150 0.000035
00000101 0.000195 0.000064
10101001 0.000061 0.000033
10101101 0.000093 0.000027
00100100 0.000243 0.000091
00010101 0.000185 0.000041
10010010 0.000064 0.000046
11001010 0.000097 0.000038
10001101 0.000035 0.000027
00011100 0.000478 0.000120
00010100 0.000210 0.000072
11110010 0.000139 0.000023
01011110 0.000121 0.000006
01001010 0.000192 0.000105
00101110 0.000198 0.000040
10110010 0.000190 0.000038
10000010 0.000100 0.000077
00000001 0.000074 0.000033
00110001 0.000120 0.000061
11000001 0.000176 0.000065
01101100 0.000040 0.000034
00010110 0.000045 0.000028
00111110 0.000199 0.000108
01001101 0.000110 0.000025
01110010 0.000070 0.000019
00010001 0.000067 0.000017
00000010 0.000116 0.000058
00101100 0.000036 0.000017
11101101 0.000019 0.000018
11101100 0.000035 0.000019
00010000 0.000038 0.000032
11110001 0.000159 0.000078
10010101 0.000074 0.000029
11101001 0.000091 0.000018
11001100 0.000025 0.000025
00110110 0.000022 0.000021
10000100 0.000034 0.000017
00011110 0.000037 0.000049
00000110 0.000115 0.000059
10000101 0.000037 0.000029
01101110 0.000059 0.000047
00010010 0.000009 0.000006
11001000 0.000015 0.000016
10101100 0.000167 0.000104
01101101 0.000102 0.000071
11100000 0.000056 0.000006
11000010 0.000170 0.000086
01110110 0.000106 0.000107
10110001 0.000052 0.000015
00001001 0.000073 0.000053
00110000 0.000054 0.000019
11101000 0.000028 0.000039
00001101 0.000001 0.000002
01001100 0.000000 0.000000
00001000 0.000002 0.000002
11001101 0.000059 0.000057
