11000000 0.001352 0.000130
00111100 0.059518 0.000869
11001001 0.022521 0.000372
00111110 0.031558 0.000983
01111100 0.013354 0.000139
01001001 0.020216 0.000202
11111110 0.021700 0.000195
01000001 0.022858 0.000081
10000101 0.010072 0.000308
10100111 0.006283 0.000234
01100011 0.016242 0.000660
11000011 0.016635 0.000524
00010000 0.003256 0.000341
11011100 0.008931 0.000193
11011101 0.010583 0.000334
10001001 0.001387 0.000211
10110000 0.005926 0.000229
10111100 0.021447 0.000311
11000001 0.021544 0.000483
01101001 0.000615 0.000088
01101011 0.011085 0.000337
11111100 0.014291 0.000526
11100011 0.016451 0.000618
01100111 0.006070 0.000280
01000011 0.018613 0.000464
00000001 0.037826 0.000859
00000011 0.004473 0.000243
00110100 0.023453 0.000824
11001011 0.015389 0.000457
00010101 0.007258 0.000411
01011111 0.002871 0.000597
10010001 0.003407 0.000433
00110110 0.018517 0.000765
11101111 0.010468 0.000525
11110110 0.001955 0.000252
00010001 0.005506 0.000352
01101111 0.008213 0.000455
00110000 0.008612 0.000154
11101011 0.014224 0.000473
00000101 0.013435 0.000127
00000111 0.005233 0.000366
01001011 0.013329 0.000334
00100010 0.000546 0.000092
11111001 0.001607 0.000146
10110110 0.013398 0.000705
10011101 0.002564 0.000193
10111000 0.002753 0.000235
11011001 0.004633 0.000102
10000001 0.026696 0.000835
10111110 0.017034 0.000584
01100001 0.000846 0.000112
11001111 0.007610 0.000165
11101010 0.000682 0.000143
11000101 0.001836 0.000062
00011100 0.020951 0.000518
01011101 0.011362 0.000707
01011011 0.000682 0.000162
10011100 0.014273 0.000110
10100110 0.008506 0.000323
10010000 0.003367 0.000106
01110111 0.000910 0.000090
00010100 0.008921 0.000356
00010111 0.001082 0.000107
01011110 0.000570 0.000036
01001111 0.007974 0.000319
10001101 0.001104 0.000183
10000100 0.007094 0.000405
11000111 0.003918 0.000189
01000111 0.005310 0.000512
01111110 0.013972 0.000126
11011110 0.001300 0.000159
01111000 0.001384 0.000122
00111010 0.001414 0.000101
10110101 0.000831 0.000151
11111010 0.001349 0.000117
00110010 0.002480 0.000266
00110111 0.003336 0.000173
10010101 0.003661 0.000381
01110100 0.000453 0.000141
01010001 0.001333 0.000142
00011101 0.003998 0.000390
00100111 0.005993 0.000067
11111101 0.002354 0.000219
01111111 0.007958 0.000288
11111111 0.009454 0.000595
10100010 0.003610 0.000458
11001100 0.000771 0.000105
00111000 0.006344 0.000277
10010111 0.000528 0.000058
00100001 0.003085 0.000102
11100111 0.005422 0.000433
11001101 0.005333 0.000422
11111000 0.003260 0.000408
01010000 0.000054 0.000008
10010100 0.008110 0.000068
10111010 0.000949 0.000069
10000000 0.010413 0.000418
00110001 0.001762 0.000339
10100011 0.005111 0.000477
10010011 0.000178 0.000034
10000011 0.003181 0.000125
00100101 0.000949 0.000076
10110100 0.010320 0.000212
10110010 0.002484 0.000193
10000111 0.003732 0.000291
00100110 0.001279 0.000051
11110001 0.000138 0.000013
01011001 0.004316 0.000260
10100000 0.005782 0.000341
10100100 0.003109 0.000250
11100110 0.002234 0.000187
00101111 0.000314 0.000074
00010110 0.001001 0.000055
10100001 0.004076 0.000300
10110111 0.002574 0.000293
11010100 0.000520 0.000083
10100101 0.001096 0.000077
01101110 0.000167 0.000013
00100011 0.005025 0.000530
10010110 0.001178 0.000237
11101110 0.002533 0.000273
01011100 0.005048 0.000378
01111101 0.002699 0.000154
01001101 0.004283 0.000387
00000100 0.001414 0.000054
00111111 0.001605 0.000126
11011111 0.002218 0.000153
01010111 0.000279 0.000121
00101110 0.000150 0.000039
10111101 0.000501 0.000037
01000101 0.002013 0.000241
01010011 0.000229 0.000074
10011000 0.001018 0.000173
11110011 0.000704 0.000022
11111011 0.001612 0.000228
10011110 0.000991 0.000199
11000010 0.000125 0.000042
11110000 0.000574 0.000099
10110011 0.000861 0.000036
11100001 0.000917 0.000189
01110110 0.000713 0.000003
00110101 0.001107 0.000083
00011000 0.001683 0.000093
11000100 0.000585 0.000095
01001110 0.000003 0.000002
10101110 0.001059 0.000105
10001110 0.000142 0.000124
11010111 0.000193 0.000077
00111101 0.001024 0.000139
00011110 0.001617 0.000171
01111001 0.001015 0.000301
10001100 0.001335 0.000140
10000110 0.001198 0.000200
11100100 0.000322 0.000094
01110000 0.000215 0.000056
11010101 0.000736 0.000126
01010101 0.000434 0.000211
11110111 0.001044 0.000112
11011011 0.000726 0.000159
00110011 0.001091 0.000041
11011000 0.001228 0.000157
10001000 0.000478 0.000071
11010001 0.000899 0.000117
11001000 0.000315 0.000022
10011111 0.000216 0.000105
10110001 0.001314 0.000184
11110010 0.000504 0.000099
11110100 0.000560 0.000190
00100000 0.001116 0.000116
11100000 0.000582 0.000038
01110001 0.000184 0.000075
01110011 0.000500 0.000030
01111011 0.001345 0.000096
00001011 0.000139 0.000011
00001001 0.001134 0.000210
00011001 0.001220 0.000083
11101001 0.000970 0.000133
00101001 0.000164 0.000047
10111111 0.000892 0.000180
00000000 0.002112 0.000211
10000010 0.000759 0.000164
00010011 0.000449 0.000131
01010100 0.000115 0.000056
00011111 0.000412 0.000124
11101000 0.000288 0.000093
10101111 0.000620 0.000032
10101101 0.000099 0.000071
10101010 0.000211 0.000065
01000010 0.000007 0.000007
01011000 0.000480 0.000092
00101011 0.000162 0.000011
11100010 0.001184 0.000198
11101101 0.000447 0.000109
10101000 0.000272 0.000040
00100100 0.000686 0.000144
10101100 0.000572 0.000040
11010110 0.000097 0.000021
10111011 0.000131 0.000041
10011001 0.000811 0.000131
11001110 0.000228 0.000055
11000110 0.000122 0.000046
10011010 0.000070 0.000012
00111001 0.000538 0.000117
01000110 0.000029 0.000010
01111010 0.000595 0.000089
00001110 0.000050 0.000069
11101100 0.000386 0.000023
00111011 0.000238 0.000111
01100110 0.000206 0.000104
01100101 0.000057 0.000026
11010011 0.000131 0.000031
00000110 0.000269 0.000067
00101000 0.000043 0.000023
10101011 0.000141 0.000016
00001101 0.001004 0.000234
11010000 0.000283 0.000036
00001111 0.000362 0.000034
11100101 0.000148 0.000072
10011011 0.000038 0.000020
01000000 0.000118 0.000045
11110101 0.000088 0.000034
01101101 0.000132 0.000047
11001010 0.000087 0.000019
01100010 0.000127 0.000047
01110101 0.000056 0.000007
10001011 0.000094 0.000022
10001010 0.000029 0.000040
10111001 0.000290 0.000128
10001111 0.000171 0.000032
00101100 0.000034 0.000040
00010010 0.000080 0.000053
10010010 0.000148 0.000048
11010010 0.000002 0.000001
00001000 0.000055 0.000020
10101001 0.000247 0.000070
01110010 0.000108 0.000008
01101010 0.000025 0.000016
01000100 0.000036 0.000020
00001100 0.000141 0.000028
01010110 0.000056 0.000013
01001100 0.000048 0.000030
01101000 0.000005 0.000005
00011010 0.000069 0.000043
01011010 0.000023 0.000016
11011010 0.000109 0.000048
01100100 0.000018 0.000007
01100000 0.000027 0.000022
01101100 0.000041 0.000001
01001000 0.000040 0.000023
00000010 0.000114 0.000047
00101010 0.000016 0.000022
00101101 0.000080 0.000064
00011011 0.000053 0.000044
00001010 0.000014 0.000019
01001010 0.000014 0.000019
