001000 0.020044 0.000563
111111 0.088850 0.000776
000101 0.070963 0.002259
010101 0.045404 0.000955
000000 0.131562 0.000994
111101 0.027288 0.000540
011101 0.020904 0.000796
111010 0.090625 0.002108
000010 0.015510 0.000602
100010 0.018040 0.001447
111110 0.098693 0.001582
100000 0.040893 0.001273
000111 0.005323 0.000269
000001 0.073409 0.001397
110010 0.024717 0.000923
010111 0.007976 0.000556
100101 0.013632 0.000338
100001 0.013214 0.000340
111100 0.002293 0.000292
010000 0.005148 0.000281
000011 0.008851 0.000120
010001 0.002982 0.000137
001101 0.013160 0.000506
000100 0.002676 0.000216
101000 0.025697 0.001059
101010 0.009894 0.000436
011111 0.007572 0.000639
110100 0.000529 0.000035
101101 0.011535 0.000529
010011 0.003147 0.000490
111011 0.006132 0.000150
001001 0.010231 0.000462
010110 0.000990 0.000141
010010 0.006983 0.000571
101001 0.007451 0.001124
101111 0.001535 0.000114
110101 0.010467 0.000772
011100 0.000853 0.000144
110111 0.010720 0.000085
011110 0.001802 0.000051
011010 0.003520 0.000395
100111 0.002902 0.000190
111000 0.004077 0.000154
101011 0.001795 0.000103
100011 0.004584 0.000475
110110 0.004419 0.000155
110011 0.004416 0.000313
101100 0.000975 0.000109
011011 0.001150 0.000293
000110 0.000325 0.000111
010100 0.000966 0.000123
110000 0.002034 0.000161
111001 0.001274 0.000319
100100 0.000956 0.000097
001010 0.001892 0.000371
110001 0.000768 0.000094
011001 0.001106 0.000201
001111 0.000830 0.000123
101110 0.000227 0.000044
001100 0.000535 0.000132
001011 0.001042 0.000103
011000 0.002061 0.000260
100110 0.000380 0.000035
001110 0.000074 0.000055
