10101 0.288315 0.001194
00000 0.011194 0.000458
01010 0.291675 0.001662
01110 0.018975 0.000440
00110 0.016627 0.000838
01011 0.029375 0.000313
11101 0.026186 0.001220
00010 0.053504 0.001134
01000 0.043982 0.000653
10001 0.005168 0.000237
10111 0.075212 0.000698
10011 0.001689 0.000084
11111 0.041196 0.000367
00111 0.008007 0.000223
11001 0.008024 0.000489
10110 0.004853 0.000731
10100 0.010408 0.000450
01001 0.007013 0.000267
01111 0.017038 0.000205
11011 0.010407 0.000462
10000 0.004980 0.000208
11010 0.006538 0.000532
11110 0.002612 0.000104
10010 0.002506 0.000286
00001 0.000617 0.000175
00100 0.001759 0.000350
01101 0.001108 0.000127
11100 0.001405 0.000184
11000 0.005119 0.000415
00011 0.002923 0.000507
00101 0.000624 0.000176
01100 0.000963 0.000260
