000000 0.181739 0.001392
111110 0.091582 0.002307
000100 0.004561 0.000264
000001 0.044758 0.000409
110111 0.055091 0.000495
110011 0.014192 0.001224
111111 0.218213 0.002726
010111 0.003354 0.000247
110010 0.028914 0.000347
001000 0.040888 0.000951
011010 0.008217 0.000519
100111 0.009889 0.000357
000011 0.012677 0.000014
011111 0.011083 0.000360
100000 0.019124 0.000553
011011 0.005563 0.000333
100101 0.007847 0.000746
101111 0.013680 0.000416
101101 0.014285 0.001120
110110 0.027922 0.000764
000010 0.010011 0.000481
010110 0.000503 0.000105
001100 0.007669 0.000403
111010 0.016469 0.000741
001101 0.013312 0.000267
000101 0.007877 0.000648
101000 0.006688 0.000330
111000 0.002282 0.000421
111100 0.005371 0.000381
101100 0.008488 0.000450
101010 0.000841 0.000032
000111 0.004116 0.000313
100011 0.004737 0.000349
100010 0.005059 0.000161
111011 0.008864 0.000608
001001 0.012028 0.000155
100100 0.005508 0.000105
001111 0.004649 0.000337
001011 0.002498 0.000151
011100 0.001535 0.000304
100110 0.002281 0.000191
101110 0.002935 0.000116
011000 0.006241 0.000532
100001 0.004710 0.000541
011110 0.002416 0.000270
011001 0.001465 0.000364
010011 0.007069 0.000603
101001 0.001787 0.000269
011101 0.001860 0.000130
010010 0.009536 0.000632
010000 0.004528 0.000403
010001 0.000940 0.000124
001010 0.001868 0.000300
111101 0.003714 0.000286
110000 0.001911 0.000060
111001 0.000399 0.000224
101011 0.001112 0.000284
110100 0.001412 0.000211
010100 0.000155 0.000041
110001 0.000208 0.000013
001110 0.000387 0.000115
010101 0.000157 0.000004
110101 0.000481 0.000170
000110 0.000342 0.000075
