0000000 0.020101 0.000366
1101111 0.028593 0.001100
0001000 0.016520 0.000555
1101110 0.023588 0.000443
0001100 0.022056 0.000474
1111011 0.019154 0.000247
1010011 0.025668 0.000644
1001010 0.017459 0.000219
1001000 0.013804 0.000544
1101011 0.015459 0.000876
1011111 0.010112 0.000125
1111111 0.059628 0.001696
1110111 0.024638 0.000710
1011010 0.012457 0.000728
0001101 0.012377 0.000265
0101101 0.032217 0.000966
1010110 0.013941 0.000229
0000100 0.010050 0.000636
0010001 0.019169 0.000462
0101001 0.010224 0.000336
0000001 0.032832 0.000617
0010101 0.010862 0.000153
0110101 0.013944 0.000532
0101100 0.016190 0.001111
0110111 0.011173 0.000302
1010001 0.019099 0.000340
0101111 0.021970 0.001008
1001100 0.013312 0.000330
1001110 0.015757 0.000519
1011110 0.017209 0.000935
1011011 0.010825 0.000122
0001001 0.017611 0.000125
0111111 0.019399 0.000345
1111110 0.028674 0.000359
1010100 0.011742 0.000898
1110110 0.010465 0.000595
1010010 0.022973 0.000856
1110011 0.019096 0.000984
1010000 0.014108 0.000834
