0011111 0.027760 0.000878
1010100 0.028941 0.000630
0111011 0.070980 0.000538
1100000 0.023206 0.001292
1101101 0.002639 0.000135
1110000 0.084878 0.000456
0110010 0.008911 0.000556
1001111 0.022438 0.001010
1000101 0.005130 0.000233
0001111 0.062789 0.000697
0111111 0.050600 0.000273
1110100 0.076019 0.001405
1101011 0.002536 0.000345
1000100 0.066213 0.001501
0100011 0.001998 0.000355
1111100 0.012538 0.000139
1110011 0.001627 0.000134
0001011 0.029273 0.000372
1101111 0.006060 0.000457
1100100 0.023946 0.000608
0111000 0.003860 0.000177
1110101 0.008885 0.000527
1111011 0.007948 0.000496
1110010 0.004176 0.000250
0110000 0.023326 0.000802
1001100 0.013358 0.000421
0110001 0.001802 0.000084
0101011 0.021025 0.000997
1011111 0.009458 0.000467
1000110 0.007140 0.000312
1010110 0.002609 0.000231
1110110 0.003380 0.000176
0110011 0.006989 0.000165
1111111 0.018590 0.000279
1000000 0.020869 0.000573
1001011 0.003424 0.000090
0000011 0.002545 0.000286
1000010 0.003125 0.000399
0100000 0.006423 0.000473
0101111 0.017619 0.000663
1001101 0.005126 0.000263
1011010 0.000845 0.000098
0100110 0.000432 0.000091
0001100 0.002272 0.000100
0010010 0.002385 0.000262
0011011 0.015719 0.000454
0111001 0.001488 0.000041
1010000 0.011941 0.000440
0110100 0.007307 0.000537
0111010 0.009913 0.000360
1001110 0.006214 0.000424
0001010 0.006824 0.000635
1111101 0.008465 0.000268
1101100 0.004182 0.000162
0011010 0.003385 0.000048
1011101 0.002681 0.000467
0000010 0.004863 0.000306
0111100 0.003370 0.000256
0000000 0.003121 0.000173
1011011 0.001701 0.000199
1011100 0.005590 0.000249
0010000 0.002190 0.000224
0010011 0.001235 0.000093
0010100 0.002276 0.000068
1111000 0.005712 0.000013
1100101 0.003005 0.000201
0001110 0.004378 0.000365
0000110 0.001763 0.000100
1000011 0.000790 0.000082
1100111 0.000695 0.000040
0000100 0.004360 0.000318
0101010 0.003242 0.000477
1111110 0.002845 0.000396
0111101 0.003495 0.000170
1100010 0.001439 0.000053
0010110 0.000987 0.000246
0100010 0.002557 0.000425
0110101 0.001675 0.000168
0101100 0.001003 0.000153
1101110 0.001019 0.000032
1101000 0.001223 0.000014
1001000 0.001673 0.000086
1001001 0.000273 0.000098
1001010 0.002147 0.000316
1110111 0.002337 0.000209
0111110 0.002315 0.000494
0101000 0.000968 0.000097
1111010 0.002357 0.000186
0011000 0.000468 0.000115
0110111 0.001538 0.000008
1111001 0.001576 0.000219
1010111 0.001055 0.000068
0011100 0.001211 0.000120
0100100 0.002481 0.000333
1010010 0.001507 0.000044
1101010 0.000707 0.000106
0110110 0.001117 0.000086
1100001 0.000904 0.000144
1110001 0.003206 0.000272
0001101 0.001854 0.000411
0101101 0.001197 0.000136
1000111 0.002352 0.000186
0000101 0.000717 0.000079
0000111 0.001182 0.000026
1010101 0.002219 0.000078
0011001 0.000149 0.000005
0100001 0.000319 0.000111
0100111 0.000625 0.000157
0100101 0.000554 0.000180
1011110 0.002409 0.000192
0010101 0.000435 0.000105
0010111 0.000479 0.000061
1000001 0.000468 0.000057
0001001 0.000212 0.000061
0101110 0.000855 0.000063
1011000 0.000911 0.000132
1100110 0.001259 0.000142
1101001 0.000467 0.000070
0011110 0.001717 0.000359
0101001 0.000385 0.000092
0010001 0.000051 0.000045
1010011 0.000250 0.000044
0011101 0.000612 0.000208
1100011 0.000425 0.000089
1011001 0.000105 0.000054
0001000 0.000615 0.000152
1010001 0.000389 0.000108
0000001 0.000194 0.000078
