1000111 0.044634 0.000764
0010101 0.035472 0.000124
0111111 0.028622 0.000605
1111010 0.099382 0.000593
0101111 0.005124 0.000328
0000111 0.032381 0.000656
0000101 0.108802 0.000416
0111101 0.026952 0.001204
0110010 0.000522 0.000082
0111010 0.044104 0.001315
1011010 0.016403 0.000453
0101101 0.001526 0.000115
1000110 0.015645 0.000384
0110101 0.019857 0.000248
1011101 0.003366 0.000184
1111000 0.069894 0.000696
0111000 0.049819 0.000893
1000101 0.074803 0.000782
1101110 0.006138 0.000769
1000011 0.007507 0.000368
1010111 0.005340 0.000521
0100111 0.009754 0.000696
1011000 0.010366 0.000082
0100101 0.017453 0.000718
0011101 0.001271 0.000123
1111001 0.005119 0.000136
1001010 0.012348 0.000601
0111001 0.008188 0.000395
1100111 0.003329 0.000286
1111110 0.011093 0.000545
1000000 0.004651 0.000693
0111100 0.007441 0.000549
1010000 0.001082 0.000120
1101010 0.021349 0.000793
1000010 0.009734 0.000523
1100101 0.001767 0.000084
1000100 0.001319 0.000142
1000001 0.014101 0.000886
0110111 0.011797 0.000551
0111110 0.018265 0.000620
1001110 0.004664 0.000130
0111011 0.006309 0.000329
1010010 0.001606 0.000055
1001101 0.002663 0.000174
1011011 0.003411 0.000113
0000110 0.008790 0.000317
1101101 0.000618 0.000034
1011110 0.003289 0.000173
1001011 0.002589 0.000484
1111111 0.005671 0.000146
0000001 0.002729 0.000217
1100010 0.000484 0.000029
1010101 0.009217 0.000634
1010011 0.001283 0.000048
1011111 0.004228 0.000216
0100110 0.002486 0.000121
0011001 0.000276 0.000071
0010001 0.001428 0.000184
1111100 0.001780 0.000129
0101110 0.003901 0.000165
0100000 0.000127 0.000009
1111011 0.005481 0.000120
0110011 0.000491 0.000053
1001001 0.001385 0.000324
0001111 0.000884 0.000097
1101111 0.004027 0.000062
0000100 0.001451 0.000021
0101010 0.002157 0.000154
0000010 0.000679 0.000115
0010111 0.007066 0.000183
1101001 0.000449 0.000066
1101011 0.001206 0.000067
0010011 0.000287 0.000075
1010110 0.001461 0.000084
1011001 0.003122 0.000323
1110111 0.000862 0.000086
0110100 0.000513 0.000053
0110110 0.002410 0.000201
1111101 0.001949 0.000063
1001111 0.006520 0.000458
1001000 0.002361 0.000094
1101000 0.002700 0.000320
0001101 0.000497 0.000194
1010001 0.002432 0.000344
0000000 0.000772 0.000081
1110110 0.000436 0.000012
1011100 0.000651 0.000155
1100011 0.000272 0.000038
0100001 0.000383 0.000028
1110101 0.000748 0.000026
0110001 0.001005 0.000080
0100010 0.000251 0.000062
0010010 0.000286 0.000133
1110010 0.000284 0.000085
0100100 0.000328 0.000155
0010110 0.001068 0.000166
1100110 0.001127 0.000211
0011111 0.000860 0.000056
1010100 0.000295 0.000042
0011010 0.000479 0.000105
0011110 0.000230 0.000156
1100001 0.000222 0.000069
0001010 0.000155 0.000061
0100011 0.000228 0.000122
0101000 0.000440 0.000040
0010100 0.000573 0.000158
1001100 0.000290 0.000057
1110011 0.000099 0.000043
0011000 0.000285 0.000095
1110000 0.000088 0.000030
0101100 0.000105 0.000043
0000011 0.000552 0.000213
0011011 0.000173 0.000104
0001110 0.000452 0.000207
0010000 0.000654 0.000221
0110000 0.000445 0.000126
0101011 0.000331 0.000081
1100000 0.000099 0.000011
0011100 0.000085 0.000011
0001001 0.000044 0.000032
0101001 0.000173 0.000091
1110001 0.000099 0.000030
0001100 0.000034 0.000040
0001011 0.000019 0.000025
1100100 0.000055 0.000035
0001000 0.000039 0.000023
1101100 0.000120 0.000039
1110100 0.000009 0.000012
