0111100 0.071902 0.000122
0111001 0.024754 0.000115
0010011 0.149490 0.000148
1001000 0.018660 0.000266
1101100 0.110372 0.000117
1000011 0.031492 0.000702
1010011 0.041186 0.000756
1111100 0.045557 0.000411
1000010 0.021484 0.000616
1101001 0.010787 0.000458
0101100 0.097173 0.000915
0110011 0.034505 0.000688
1001100 0.056845 0.000526
0100011 0.012330 0.000356
0000011 0.023034 0.000613
0111101 0.012578 0.000704
1010110 0.013158 0.000637
0101001 0.031252 0.001545
0101101 0.016355 0.000343
1000110 0.012381 0.000240
