1011001 0.015523 0.000655
0101010 0.098374 0.000724
1011010 0.065140 0.000314
1011110 0.011764 0.000238
0100010 0.038903 0.001839
1010101 0.038217 0.000680
1111010 0.016504 0.000664
1011101 0.101992 0.000727
0100101 0.168033 0.001102
0110101 0.038224 0.001075
0000101 0.010662 0.000367
0100100 0.012442 0.000841
0111010 0.013936 0.000525
1011100 0.010776 0.000218
1011111 0.037556 0.000581
1011000 0.016842 0.000401
1110101 0.017652 0.000726
1100101 0.021548 0.000476
1101010 0.027897 0.001167
0100111 0.025578 0.000588
1011011 0.012104 0.000070
