11110111 0.023506 0.000421
11111101 0.037427 0.001145
00001110 0.046227 0.000368
00101000 0.081753 0.001915
11101000 0.008124 0.000460
11111000 0.009330 0.000649
11010111 0.031354 0.000838
00001111 0.010481 0.000442
11111001 0.042102 0.001021
00000110 0.042280 0.000454
11011111 0.004097 0.000266
00010010 0.000687 0.000087
01011111 0.003311 0.000257
01101100 0.001508 0.000134
00101100 0.004207 0.000326
00001000 0.020109 0.000915
11010101 0.004756 0.000133
00011010 0.005367 0.000193
11001101 0.001190 0.000151
00101010 0.014723 0.000433
00001100 0.012144 0.000377
00010110 0.023610 0.000069
01001010 0.000911 0.000081
11101001 0.016450 0.000717
10111001 0.002246 0.000031
00011110 0.020830 0.000257
00111010 0.003942 0.000287
11110101 0.049042 0.000571
01101000 0.008851 0.000208
00011100 0.003960 0.000148
01101001 0.002055 0.000120
00111011 0.004676 0.000505
11110001 0.031491 0.000803
10000100 0.000609 0.000154
00111001 0.004937 0.000196
01000111 0.006169 0.000647
01101010 0.001388 0.000188
11101101 0.003780 0.000240
11000111 0.011142 0.000285
10000011 0.000541 0.000211
01111001 0.000920 0.000067
01010111 0.011821 0.000018
00111000 0.022856 0.000082
00000100 0.005793 0.000658
11110100 0.001090 0.000258
01111000 0.002858 0.000116
11011001 0.000792 0.000210
00000111 0.015994 0.000350
11100001 0.015830 0.000436
10000111 0.001881 0.000103
01001110 0.005483 0.000123
11100111 0.004500 0.000085
11100110 0.000088 0.000057
01000110 0.007086 0.000451
00001010 0.024022 0.000895
00100001 0.002527 0.000147
11011000 0.000825 0.000077
00101001 0.007732 0.000399
00100000 0.013537 0.000466
11110011 0.005232 0.000064
01010110 0.004815 0.000206
11111100 0.004155 0.000448
00001011 0.006308 0.000390
00101011 0.007991 0.000195
00011111 0.010458 0.000160
11111011 0.003620 0.000633
01001111 0.002255 0.000183
00010111 0.022242 0.000386
01110111 0.002079 0.000086
11101011 0.001745 0.000053
11001001 0.000621 0.000110
10001010 0.002163 0.000182
11100101 0.006802 0.000689
10001111 0.001321 0.000085
11001110 0.001253 0.000106
10101000 0.008308 0.000639
11001100 0.001946 0.000203
10010111 0.004544 0.000177
00100110 0.000627 0.000161
01111101 0.000633 0.000113
00010000 0.000521 0.000163
01011110 0.002929 0.000503
01011100 0.001118 0.000107
10111000 0.005265 0.000655
00000000 0.003643 0.000206
01001100 0.002073 0.000097
11010100 0.000977 0.000127
10010100 0.000331 0.000130
10100011 0.001348 0.000059
10000110 0.001810 0.000023
11000101 0.001991 0.000132
10111111 0.000853 0.000116
01100001 0.000623 0.000253
01000101 0.000262 0.000010
00011000 0.004445 0.000125
11111111 0.005346 0.000325
10011111 0.002570 0.000215
00100100 0.001367 0.000077
11100011 0.002371 0.000208
10001110 0.002860 0.000049
10101001 0.001754 0.000116
00100011 0.002754 0.000055
10101010 0.001470 0.000073
10011110 0.002275 0.000040
10001100 0.001030 0.000225
10110011 0.001433 0.000166
00111111 0.002015 0.000072
11111010 0.000528 0.000119
00011011 0.002638 0.000038
00111110 0.000942 0.000080
00110110 0.000503 0.000111
11011101 0.002581 0.000124
10011010 0.000921 0.000212
10001000 0.002243 0.000211
10011011 0.001111 0.000244
10100000 0.001468 0.000233
00110100 0.000867 0.000084
10111011 0.002594 0.000042
01100000 0.001722 0.000172
00000011 0.001859 0.000095
00110000 0.002791 0.000256
00100010 0.002732 0.000128
11000001 0.000484 0.000007
01010100 0.000880 0.000103
00000010 0.003996 0.000154
01101011 0.001021 0.000197
11011110 0.001384 0.000164
00100111 0.001001 0.000216
10110001 0.000881 0.000168
10110111 0.001052 0.000153
10100100 0.000169 0.000053
10101100 0.000304 0.000118
01111111 0.000936 0.000119
10111101 0.000589 0.000057
10100111 0.000236 0.000074
11000010 0.000094 0.000054
11000100 0.000983 0.000100
10111100 0.000823 0.000146
01001000 0.001276 0.000067
11011100 0.001822 0.000093
00110011 0.001441 0.000149
00011001 0.000227 0.000043
10011000 0.000959 0.000143
01101110 0.000478 0.000094
11101111 0.000449 0.000118
01111110 0.000377 0.000005
11100000 0.001547 0.000413
10101110 0.000119 0.000037
00111101 0.000988 0.000086
00111100 0.003138 0.000028
11111110 0.000394 0.000016
11001111 0.001427 0.000149
01001011 0.000296 0.000047
01110101 0.000477 0.000110
00101111 0.000937 0.000214
11010011 0.000520 0.000086
10100010 0.000346 0.000132
01110001 0.000265 0.000078
11000110 0.001099 0.000037
00101110 0.001376 0.000262
10110000 0.000794 0.000218
10100001 0.000743 0.000045
01111011 0.000457 0.000014
10101011 0.001872 0.000102
00001101 0.000429 0.000036
01100100 0.000611 0.000241
10111010 0.000913 0.000123
01100110 0.000337 0.000075
01100101 0.000216 0.000079
01000100 0.001701 0.000102
10000010 0.000512 0.000218
01100011 0.000330 0.000055
00110101 0.000324 0.000168
11101100 0.000959 0.000040
10111110 0.000169 0.000045
00110001 0.000932 0.000085
01110100 0.000486 0.000083
00010100 0.002068 0.000075
01011101 0.000138 0.000005
11010110 0.001142 0.000082
10001011 0.000960 0.000157
11101010 0.000841 0.000154
11001000 0.001153 0.000202
10000000 0.000343 0.000023
01111010 0.000372 0.000024
00110111 0.001484 0.000196
00100101 0.000285 0.000054
00010011 0.000647 0.000157
11000011 0.000401 0.000121
11110000 0.001549 0.000132
11011010 0.000161 0.000037
01111100 0.001217 0.000081
11110010 0.000060 0.000014
10010110 0.001349 0.000302
01101111 0.000273 0.000076
11011011 0.000351 0.000019
01011011 0.000111 0.000009
01000010 0.000139 0.000025
11110110 0.000193 0.000054
01100111 0.000893 0.000107
01110110 0.000184 0.000038
00010001 0.000045 0.000011
11100100 0.000457 0.000048
10001001 0.000151 0.000052
00001001 0.000535 0.000071
11010001 0.000449 0.000038
00101101 0.000361 0.000106
01011000 0.000234 0.000044
01001101 0.000151 0.000020
11001010 0.000341 0.000026
10011100 0.000676 0.000179
11010010 0.000025 0.000020
01000000 0.000165 0.000101
11001011 0.000315 0.000014
10010010 0.000125 0.000043
01110011 0.000126 0.000033
10010001 0.000087 0.000027
10110101 0.000260 0.000058
00110010 0.000505 0.000118
01101101 0.000244 0.000089
10010011 0.000514 0.000122
00011101 0.000241 0.000108
01100010 0.000269 0.000072
10101101 0.000062 0.000070
10110100 0.000250 0.000005
10000101 0.000057 0.000051
01010001 0.000008 0.000011
01000011 0.000168 0.000062
01110000 0.000371 0.000119
10011101 0.000049 0.000034
00000101 0.000310 0.000067
01110010 0.000076 0.000015
01011010 0.000122 0.000040
01001001 0.000102 0.000043
01010101 0.000288 0.000190
10011001 0.000122 0.000063
01011001 0.000016 0.000011
11000000 0.000190 0.000059
11010000 0.000069 0.000044
00010101 0.000291 0.000126
10101111 0.000244 0.000091
11101110 0.000189 0.000053
10110110 0.000074 0.000039
01010000 0.000068 0.000019
10010000 0.000113 0.000020
11100010 0.000105 0.000091
10100110 0.000056 0.000025
01010010 0.000018 0.000016
01010011 0.000013 0.000012
10000001 0.000056 0.000017
00000001 0.000068 0.000034
10010101 0.000074 0.000015
10100101 0.000064 0.000020
01000001 0.000038 0.000004
10110010 0.000083 0.000107
10001101 0.000023 0.000033
