11111111 0.105995 0.001053
11011111 0.101417 0.000212
00000100 0.080669 0.000687
00000000 0.121143 0.001319
01100000 0.024393 0.000502
11111011 0.121713 0.000846
11101010 0.001427 0.000183
11001000 0.001160 0.000187
00100000 0.106352 0.001889
00100100 0.016403 0.000117
10111011 0.008569 0.000089
10111111 0.015089 0.000216
11100000 0.000933 0.000122
10000000 0.002689 0.000072
00001000 0.005247 0.000096
00011000 0.001622 0.000101
00110000 0.009717 0.000200
00110010 0.001371 0.000033
00001100 0.011235 0.000600
10011111 0.020226 0.000312
00000001 0.003461 0.000167
10110011 0.002396 0.000355
00000111 0.000359 0.000051
00100010 0.004976 0.000214
00010000 0.007901 0.000658
00010100 0.005566 0.000285
00100111 0.000141 0.000054
11111101 0.000297 0.000135
00000110 0.003538 0.000182
00010101 0.000452 0.000080
00011110 0.001323 0.000169
10010001 0.000146 0.000027
10000100 0.001950 0.000118
01001001 0.000195 0.000057
00111110 0.000436 0.000050
00011111 0.001275 0.000105
11111000 0.000544 0.000068
01101000 0.008486 0.000128
01000100 0.010311 0.000492
01001000 0.008843 0.000101
10101011 0.001191 0.000239
00111111 0.000532 0.000052
11001100 0.001372 0.000034
11001111 0.003649 0.000432
11101011 0.004358 0.000174
00000010 0.003191 0.000252
01101011 0.000280 0.000082
01001100 0.008349 0.000214
01000000 0.026575 0.001057
10001111 0.001836 0.000121
00110111 0.000173 0.000028
00010111 0.000452 0.000119
00010110 0.000910 0.000076
00011100 0.003145 0.000099
01001110 0.001253 0.000220
10100011 0.001506 0.000058
01011111 0.002884 0.000154
11111010 0.001302 0.000108
11011110 0.000873 0.000141
10011100 0.000214 0.000048
01100100 0.002403 0.000063
00000101 0.002011 0.000297
01000110 0.000540 0.000084
01001101 0.000218 0.000073
10100010 0.001046 0.000093
00101100 0.001223 0.000328
00101000 0.005226 0.000256
11101111 0.002580 0.000119
01011110 0.002373 0.000073
00111000 0.002334 0.000158
10110111 0.000788 0.000061
01000101 0.000270 0.000134
01000010 0.000774 0.000029
01111110 0.001104 0.000196
11101000 0.001493 0.000087
01111011 0.002633 0.000276
10111010 0.000087 0.000019
10101110 0.000280 0.000012
00111001 0.000404 0.000115
01110000 0.002776 0.000271
00010001 0.000621 0.000098
01101110 0.000330 0.000100
01111010 0.002749 0.000271
00011101 0.000438 0.000070
10011011 0.000405 0.000133
01011100 0.003330 0.000050
01011000 0.003053 0.000156
00010010 0.000723 0.000116
11110011 0.000914 0.000099
01101100 0.001372 0.000309
00001110 0.001331 0.000130
00001010 0.000347 0.000101
11011100 0.000425 0.000104
01010000 0.002257 0.000154
10001010 0.000175 0.000078
10001110 0.000615 0.000100
00100011 0.000740 0.000134
10100111 0.000531 0.000092
00100110 0.001077 0.000157
10010101 0.000143 0.000041
10111101 0.000045 0.000014
10000111 0.000602 0.000064
00100001 0.003152 0.000227
01111000 0.005345 0.000412
11000110 0.000098 0.000044
00011011 0.000253 0.000079
01110001 0.000381 0.000069
01100001 0.000680 0.000059
10101111 0.001022 0.000062
01011010 0.001097 0.000238
00000011 0.000291 0.000077
11001011 0.000438 0.000026
01001011 0.000070 0.000044
01001111 0.000242 0.000076
00110001 0.001108 0.000072
10010111 0.000485 0.000081
10001100 0.000863 0.000175
10001000 0.000517 0.000047
10100000 0.003376 0.000197
00101010 0.000665 0.000057
11011011 0.003332 0.000589
11000000 0.000795 0.000104
10110001 0.000454 0.000130
01101001 0.000211 0.000055
00101110 0.000342 0.000034
11111110 0.000539 0.000038
01111111 0.001211 0.000202
01001010 0.000549 0.000078
11100010 0.000275 0.000053
10100001 0.001138 0.000183
11100011 0.000461 0.000161
10100110 0.000333 0.000051
10000101 0.000379 0.000069
11100111 0.000110 0.000018
11001010 0.000392 0.000098
00111011 0.000863 0.000068
11001110 0.000979 0.000090
11000100 0.000226 0.000020
10100100 0.000595 0.000102
00100101 0.000600 0.000123
11111001 0.001264 0.000243
10000001 0.000528 0.000092
00110011 0.000820 0.000129
01011011 0.000594 0.000142
01011101 0.000545 0.000040
00110110 0.000432 0.000060
01101010 0.001262 0.000198
10111001 0.000351 0.000020
11011000 0.000254 0.000104
00001101 0.000281 0.000030
11110111 0.000205 0.000039
10111110 0.000119 0.000037
01111100 0.000731 0.000046
00110100 0.001421 0.000029
01110100 0.000369 0.000012
01010100 0.000755 0.000057
10110110 0.000097 0.000059
01111001 0.000892 0.000060
11101001 0.000478 0.000106
10101010 0.000501 0.000100
01100010 0.001206 0.000135
00001011 0.000022 0.000005
11110001 0.000118 0.000052
10000110 0.000413 0.000086
00111010 0.000872 0.000211
00001111 0.000174 0.000075
11000010 0.000123 0.000003
10001101 0.000188 0.000048
01011001 0.000426 0.000080
10100101 0.000118 0.000033
10011001 0.000056 0.000021
11100001 0.000327 0.000041
10110101 0.000107 0.000047
00101101 0.000016 0.000009
01110011 0.000350 0.000059
11101110 0.000601 0.000042
10011110 0.000314 0.000034
10101000 0.000452 0.000033
10010000 0.000144 0.000031
10010100 0.000083 0.000021
00101111 0.000079 0.000035
01110111 0.000099 0.000024
01100101 0.000052 0.000012
10101001 0.000241 0.000064
11001101 0.000279 0.000053
10000010 0.000468 0.000172
11110010 0.000094 0.000039
01000011 0.000095 0.000057
01100110 0.000215 0.000031
11000101 0.000096 0.000030
11000001 0.000155 0.000052
11011101 0.000447 0.000090
11011010 0.000198 0.000045
01110010 0.000480 0.000137
11000111 0.000107 0.000011
10110010 0.000199 0.000024
10010110 0.000107 0.000025
10110000 0.000251 0.000015
00011010 0.000246 0.000067
11110000 0.000120 0.000040
01010110 0.000194 0.000045
11001001 0.000140 0.000064
00010011 0.000321 0.000048
00111100 0.000574 0.000048
11111100 0.000133 0.000044
01000001 0.000711 0.000204
10011000 0.000081 0.000039
01111101 0.000212 0.000067
10101101 0.000061 0.000017
11010110 0.000010 0.000011
11101101 0.000080 0.000062
01010011 0.000092 0.000026
00111101 0.000138 0.000052
00110101 0.000168 0.000036
11010000 0.000060 0.000016
10101100 0.000176 0.000047
01110110 0.000124 0.000067
11100110 0.000072 0.000048
10000011 0.000361 0.000015
10001011 0.000188 0.000093
10011101 0.000220 0.000090
00011001 0.000171 0.000009
01010101 0.000083 0.000014
11101100 0.000272 0.000062
10110100 0.000041 0.000014
11010001 0.000072 0.000028
00101011 0.000150 0.000050
00001001 0.000119 0.000043
11100100 0.000109 0.000072
10111100 0.000052 0.000019
01010010 0.000197 0.000121
11011001 0.000366 0.000031
10001001 0.000075 0.000041
11010111 0.000097 0.000037
01010001 0.000106 0.000059
01000111 0.000045 0.000025
01100011 0.000134 0.000037
11000011 0.000115 0.000064
11010011 0.000051 0.000028
01101101 0.000032 0.000028
00101001 0.000170 0.000041
10010011 0.000146 0.000031
01010111 0.000096 0.000015
01101111 0.000086 0.000022
10111000 0.000160 0.000035
10011010 0.000052 0.000058
01110101 0.000055 0.000047
10010010 0.000006 0.000018
11110101 0.000001 0.000000
11010101 0.000007 0.000015
11110100 0.000000 0.000000
11100101 0.000044 0.000048
11010010 0.000011 0.000016
11010100 0.000023 0.000017
01100111 0.000031 0.000044
