1101011 0.031256 0.000261
1011111 0.006644 0.000212
1011100 0.023167 0.000162
1001010 0.015317 0.000879
1100011 0.010353 0.000418
0100011 0.035356 0.000727
1010101 0.077096 0.000925
0001110 0.008056 0.000371
0101111 0.021291 0.000202
0110101 0.025716 0.000914
0100010 0.028092 0.000442
0010101 0.023272 0.000561
0110100 0.020061 0.000649
0100100 0.007495 0.000419
1101111 0.004128 0.000376
1011101 0.052528 0.000436
1111100 0.007107 0.000524
0101100 0.004658 0.000084
1010100 0.040000 0.000879
0100110 0.022713 0.000728
1111011 0.003370 0.000121
0101011 0.079633 0.000046
0101010 0.063191 0.000311
1010001 0.015857 0.000775
0000110 0.005186 0.000639
0010100 0.018963 0.000534
0101110 0.050010 0.002204
1110001 0.002989 0.000173
0001111 0.003235 0.000117
0000011 0.007379 0.000366
0100111 0.009891 0.000489
1110101 0.024032 0.001161
0101001 0.000606 0.000100
0111101 0.008034 0.000178
1000100 0.001060 0.000102
1011001 0.016405 0.000654
1111111 0.003138 0.000186
1011000 0.002397 0.000317
1111010 0.000608 0.000136
1110100 0.013928 0.000557
1111101 0.013070 0.000417
1100110 0.003233 0.000156
0001010 0.010624 0.000616
0011101 0.004592 0.000465
0110011 0.000949 0.000021
1110111 0.001083 0.000121
0001101 0.000359 0.000062
0000111 0.002236 0.000313
1000110 0.001287 0.000189
1111001 0.002554 0.000146
0100101 0.001595 0.000135
1001011 0.023799 0.000646
1011011 0.007601 0.000175
0111100 0.006598 0.000225
1100010 0.007158 0.000587
1101010 0.021378 0.000612
1010000 0.002644 0.000094
1100111 0.001494 0.000012
0001011 0.013285 0.000675
1001110 0.006597 0.000608
1101110 0.008940 0.000047
1000011 0.004562 0.000339
1010110 0.000255 0.000064
1000010 0.003337 0.000086
0011111 0.000569 0.000115
1001101 0.000196 0.000033
0011100 0.003950 0.000059
0111110 0.001800 0.000158
0011011 0.000327 0.000129
1100101 0.000241 0.000026
1011110 0.001954 0.000210
0010001 0.000670 0.000171
0000100 0.004864 0.000278
1110011 0.001032 0.000120
0001100 0.001696 0.000083
0111011 0.002033 0.000166
0100000 0.001526 0.000054
1101101 0.000152 0.000073
0101101 0.000938 0.000054
1011010 0.001144 0.000157
0111111 0.002359 0.000042
0100001 0.000872 0.000112
0110001 0.000767 0.000101
0011000 0.000041 0.000038
1111000 0.000370 0.000019
0000010 0.006317 0.000097
1111110 0.001259 0.000177
1100000 0.000366 0.000085
1001111 0.003113 0.000407
1001001 0.000305 0.000086
0110010 0.000213 0.000016
1101001 0.000252 0.000062
1001000 0.000352 0.000074
1101100 0.000785 0.000061
0111001 0.000295 0.000055
0000000 0.000787 0.000060
1001100 0.000776 0.000155
0110111 0.001220 0.000237
0110110 0.000954 0.000041
1010010 0.000275 0.000098
0010010 0.000064 0.000029
0111010 0.000440 0.000026
0010111 0.000318 0.000056
1110000 0.000466 0.000068
0111000 0.000102 0.000050
0000101 0.000929 0.000084
0101000 0.001227 0.000227
1110110 0.000492 0.000099
1010011 0.001057 0.000087
0001000 0.000501 0.000114
1110010 0.000187 0.000034
1000000 0.000375 0.000050
0010000 0.000276 0.000093
1010111 0.000943 0.000070
1101000 0.000379 0.000140
1100100 0.000762 0.000188
1000001 0.000387 0.000130
0110000 0.000201 0.000067
0010011 0.000167 0.000032
0010110 0.000216 0.000028
0011110 0.000274 0.000050
1000101 0.000317 0.000083
0011001 0.000212 0.000083
0000001 0.000409 0.000147
0001001 0.000246 0.000035
1100001 0.000184 0.000011
1000111 0.000526 0.000090
0011010 0.000119 0.000076
