00101100 0.100718 0.000698
11010011 0.114920 0.001164
01101100 0.064918 0.002076
11000011 0.018262 0.001043
10010111 0.024239 0.000175
00111100 0.024203 0.000302
11011011 0.044366 0.000919
10000011 0.012652 0.000449
00100000 0.021916 0.000692
11111111 0.012313 0.000885
01101000 0.038891 0.000462
11011111 0.018175 0.000502
01100000 0.010574 0.000739
00111101 0.012583 0.000073
11010111 0.026781 0.001122
10010011 0.071304 0.001458
00100100 0.051988 0.000731
01111100 0.010221 0.000278
00110100 0.011620 0.000259
11101100 0.010091 0.000663
00101000 0.014879 0.000560
