0111010 0.055666 0.001418
0110011 0.015881 0.000624
0001000 0.050244 0.000451
1110111 0.050003 0.000574
1001010 0.010890 0.001050
1000101 0.034889 0.000450
1001000 0.012455 0.000654
1111010 0.012201 0.000338
1100101 0.060082 0.000501
0101000 0.013067 0.000596
0111011 0.049948 0.000912
1000100 0.035608 0.001208
1111111 0.030826 0.000841
1110101 0.025434 0.000935
0011010 0.036571 0.000923
0001010 0.047290 0.000785
0111001 0.010016 0.000410
1101101 0.010764 0.000521
1100111 0.028778 0.000337
1111011 0.014815 0.000355
1001111 0.010626 0.000827
1000110 0.010614 0.000690
1001100 0.011523 0.000641
1001110 0.012795 0.000777
0110001 0.011569 0.000167
1001101 0.011278 0.000647
1000000 0.010939 0.000227
1101111 0.016611 0.000457
1100100 0.013454 0.001070
0101010 0.018801 0.001256
