1001111 0.079069 0.001444
1101100 0.121068 0.001838
0110100 0.012887 0.000478
0101101 0.016453 0.000945
0110011 0.003318 0.000323
0010011 0.109003 0.002844
0011011 0.037845 0.001103
0100000 0.008725 0.000119
0110000 0.075941 0.000585
0010110 0.000728 0.000111
1100100 0.020934 0.000937
0001111 0.014334 0.000096
0101100 0.041068 0.000808
1110010 0.002815 0.000105
1010011 0.075552 0.001458
0011111 0.015310 0.000231
1111101 0.001374 0.000133
1110000 0.016034 0.001077
1001110 0.017169 0.000267
1100000 0.004613 0.000203
1101111 0.016176 0.000426
0101111 0.004767 0.000218
1011111 0.016543 0.000764
0100100 0.036918 0.001418
0000111 0.001826 0.000120
1010010 0.024618 0.000645
0100110 0.001241 0.000173
0110010 0.002909 0.000378
1101101 0.026101 0.000632
1010111 0.010215 0.000156
1011011 0.038481 0.000133
1001100 0.003684 0.000388
1111010 0.000880 0.000008
1110100 0.002621 0.000181
1101000 0.007333 0.000530
1110001 0.000744 0.000063
1110011 0.001580 0.000245
0111001 0.002430 0.000227
1010110 0.002934 0.000086
0010001 0.000380 0.000027
0011010 0.000386 0.000085
0101000 0.003639 0.000299
1011000 0.000208 0.000030
1101110 0.014043 0.000216
1001011 0.005480 0.000145
0010111 0.016638 0.000592
1100110 0.002451 0.000107
1100101 0.001036 0.000214
0110001 0.005188 0.000368
0111000 0.004190 0.000112
1000011 0.001451 0.000213
0101001 0.001395 0.000118
1111100 0.001967 0.000204
0111100 0.001734 0.000329
1100111 0.001024 0.000084
0101110 0.001660 0.000218
0010010 0.008536 0.000219
1010001 0.000291 0.000097
0111101 0.001932 0.000225
1101001 0.001732 0.000327
1001101 0.002784 0.000131
1111011 0.001543 0.000124
0110101 0.002931 0.000182
1111000 0.003142 0.000252
1101011 0.002016 0.000236
0100101 0.002518 0.000349
0011001 0.000238 0.000038
1011001 0.000303 0.000023
1011110 0.001806 0.000254
1011101 0.000631 0.000170
1010100 0.000343 0.000099
1011100 0.000378 0.000058
1000111 0.004085 0.000246
0001011 0.000614 0.000114
1101010 0.001737 0.000151
0110111 0.000877 0.000036
1111111 0.000991 0.000201
1001010 0.000644 0.000124
1000110 0.002551 0.000254
1110111 0.000400 0.000082
1000010 0.000608 0.000048
1011010 0.003616 0.000550
0111011 0.001571 0.000168
0101011 0.000684 0.000223
1111001 0.001242 0.000088
0111111 0.000946 0.000062
1110101 0.000467 0.000123
1010000 0.000673 0.000065
0100001 0.000371 0.000066
0010100 0.000122 0.000063
0100111 0.000831 0.000183
0000011 0.000175 0.000025
0011101 0.000522 0.000080
0111010 0.000288 0.000089
1000100 0.000061 0.000022
1111110 0.000376 0.000108
0111110 0.000056 0.000023
1110110 0.000409 0.000008
0110110 0.000324 0.000088
0011110 0.000177 0.000047
1100010 0.001115 0.000120
0100010 0.000519 0.000160
1100011 0.000204 0.000113
1100001 0.000216 0.000068
1001000 0.000015 0.000019
0010101 0.000385 0.000059
0011000 0.000032 0.000020
0100011 0.000224 0.000024
0000110 0.000266 0.000030
0001101 0.000308 0.000035
0001110 0.000200 0.000046
1010101 0.000227 0.000082
0101010 0.000273 0.000047
0000010 0.000033 0.000036
1001001 0.000019 0.000009
0000100 0.000016 0.000013
0011100 0.000028 0.000032
0010000 0.000232 0.000164
0001100 0.000017 0.000024
0000101 0.000010 0.000015
1000101 0.000002 0.000003
