01001 0.327145 0.000937
10110 0.343327 0.001378
00100 0.010248 0.000232
00110 0.033937 0.001366
10111 0.038881 0.001979
01101 0.022788 0.001516
01011 0.025606 0.001588
11001 0.060624 0.000357
01110 0.004485 0.000142
11110 0.008345 0.000126
11011 0.042330 0.001150
10011 0.009099 0.000922
01100 0.006277 0.000316
11111 0.007551 0.000526
11101 0.007293 0.000611
01111 0.002867 0.000822
11100 0.001741 0.000243
00101 0.001891 0.000373
10100 0.010298 0.000851
01000 0.006265 0.000552
10101 0.004728 0.000372
10001 0.002265 0.000140
11010 0.004846 0.000471
10010 0.006854 0.000712
01010 0.003138 0.000620
00000 0.000439 0.000016
00111 0.003108 0.000392
11000 0.001066 0.000138
00010 0.000966 0.000122
00001 0.000683 0.000178
00011 0.000595 0.000143
10000 0.000313 0.000083
