000011 0.009054 0.000327
011000 0.274204 0.001953
100111 0.296241 0.001318
111000 0.055804 0.001118
000111 0.048729 0.002266
111111 0.014511 0.000521
110111 0.020104 0.000042
011100 0.039397 0.001625
111110 0.014584 0.000790
001111 0.010569 0.000955
011111 0.005512 0.000664
100011 0.029752 0.000717
101111 0.028652 0.000072
000110 0.002164 0.000321
010110 0.003906 0.000253
011001 0.011127 0.000457
110101 0.003183 0.000280
100101 0.003292 0.000023
111101 0.006636 0.000117
111100 0.019378 0.000422
011110 0.015651 0.000790
110000 0.003674 0.000332
011010 0.010475 0.000613
000101 0.000485 0.000086
011011 0.002183 0.000070
011101 0.002665 0.000150
010111 0.003169 0.000142
111010 0.007948 0.000177
110100 0.002762 0.000207
111001 0.012307 0.000117
111011 0.003873 0.000373
100110 0.002016 0.000080
110011 0.002576 0.000226
110110 0.005980 0.000625
001011 0.002598 0.000033
010000 0.004292 0.000292
010010 0.001717 0.000190
101011 0.004166 0.000604
010011 0.000797 0.000147
001001 0.000423 0.000088
001110 0.001269 0.000165
010100 0.001788 0.000179
000010 0.000338 0.000037
101110 0.000899 0.000166
101101 0.001155 0.000179
101001 0.000660 0.000161
110010 0.001888 0.000053
100001 0.000755 0.000057
110001 0.001907 0.000222
001101 0.000373 0.000024
010001 0.000503 0.000205
000001 0.000336 0.000121
010101 0.000294 0.000034
001000 0.000172 0.000040
100010 0.000224 0.000020
101010 0.000207 0.000073
001010 0.000395 0.000041
001100 0.000104 0.000058
100100 0.000053 0.000018
101100 0.000056 0.000041
000000 0.000038 0.000024
000100 0.000017 0.000023
101000 0.000017 0.000023
