100101 0.098351 0.001653
101110 0.039509 0.001055
011010 0.148590 0.003113
001001 0.010996 0.001353
101010 0.026423 0.001003
011011 0.062194 0.001988
100110 0.024096 0.000765
000000 0.011830 0.000758
110101 0.043414 0.000412
011001 0.021250 0.001090
001000 0.012250 0.000965
010000 0.017271 0.000453
100100 0.038547 0.000764
011000 0.024425 0.000629
001011 0.006786 0.000653
010101 0.030267 0.000886
000101 0.013351 0.000520
101101 0.018947 0.000629
010001 0.020088 0.000163
110110 0.009564 0.000781
100111 0.023542 0.001169
101111 0.027337 0.000898
110001 0.000895 0.000045
101000 0.003899 0.000058
101011 0.004967 0.000134
111101 0.011754 0.000622
100000 0.002736 0.000191
110111 0.018763 0.000488
111011 0.004640 0.000195
001010 0.025871 0.000543
000100 0.001780 0.000153
111110 0.016006 0.000755
100001 0.001697 0.000059
111000 0.001580 0.000231
111111 0.023932 0.000436
010110 0.003826 0.000526
111100 0.004807 0.000487
110100 0.013597 0.000626
010111 0.008010 0.000179
111010 0.008282 0.000414
101100 0.011414 0.000190
101001 0.001532 0.000104
000010 0.002145 0.000259
011101 0.011110 0.000669
000001 0.013471 0.000757
011111 0.020110 0.000488
011110 0.012370 0.001056
011100 0.003780 0.000277
010010 0.011864 0.000402
010011 0.005507 0.000333
001101 0.003090 0.000363
110000 0.001027 0.000091
001100 0.000909 0.000226
100010 0.002771 0.000530
010100 0.006296 0.000292
000011 0.000553 0.000116
110010 0.000751 0.000085
001111 0.000894 0.000051
001110 0.001374 0.000023
110011 0.000494 0.000173
111001 0.001337 0.000172
100011 0.000498 0.000152
000111 0.000303 0.000122
000110 0.000333 0.000162
