00100010 0.012298 0.001010
11010101 0.003440 0.000147
11011001 0.010288 0.000767
00111000 0.000945 0.000091
10011101 0.022718 0.001011
10011000 0.000117 0.000084
10011111 0.040397 0.000319
01100111 0.000202 0.000045
01100001 0.003105 0.000420
11001101 0.011231 0.000323
11000000 0.004684 0.000038
00011101 0.006661 0.000534
01001111 0.012105 0.000636
11111110 0.005531 0.000379
11111000 0.003427 0.000222
11111001 0.013835 0.000415
10111001 0.027395 0.001103
01100000 0.054051 0.001194
01100110 0.015235 0.000368
10111111 0.032283 0.000251
11110110 0.008633 0.000099
11011111 0.012994 0.000485
00100000 0.009946 0.000535
01001101 0.019751 0.001108
00001101 0.022106 0.000609
00101110 0.019531 0.000247
10111101 0.012330 0.000609
00001111 0.037970 0.000539
11000101 0.002386 0.000296
10011001 0.011750 0.000598
01101100 0.000333 0.000099
00110010 0.001681 0.000140
00110110 0.003707 0.000325
00101010 0.004282 0.000107
00011111 0.010439 0.000495
01011111 0.002110 0.000165
00001001 0.007288 0.000211
11100000 0.023688 0.001332
01000000 0.015324 0.000099
10110001 0.014895 0.000397
01110000 0.007507 0.000259
00011001 0.004132 0.000100
00100110 0.026775 0.000528
00001110 0.012884 0.000414
11110001 0.014641 0.000373
10011011 0.001200 0.000079
00101011 0.000754 0.000039
10111110 0.010810 0.000697
11100110 0.010859 0.000875
10111011 0.005738 0.000124
01101110 0.010200 0.000190
10001111 0.008433 0.000358
11110000 0.037958 0.001029
10110111 0.003102 0.000241
11111010 0.001609 0.000100
01000110 0.006298 0.000411
11011011 0.000623 0.000119
11100101 0.000238 0.000016
11101011 0.000120 0.000065
00111111 0.005561 0.000123
01111011 0.000223 0.000035
11001111 0.006651 0.000206
01101000 0.005652 0.000558
11111101 0.005660 0.000451
01000101 0.002582 0.000261
00110000 0.002642 0.000347
00111001 0.005988 0.000375
10111000 0.001600 0.000139
11100010 0.008167 0.000478
00101001 0.001659 0.000139
01100010 0.016089 0.000426
11101110 0.004361 0.000270
01001110 0.011947 0.000962
11000010 0.000661 0.000023
10110000 0.005871 0.000150
10110110 0.008323 0.000082
01001100 0.002007 0.000325
01000010 0.001819 0.000166
11111111 0.007152 0.000173
00000110 0.004792 0.000131
01101001 0.001294 0.000154
00101000 0.002269 0.000116
11010001 0.004081 0.000234
10010001 0.001873 0.000186
10000001 0.000189 0.000075
11000001 0.001940 0.000275
01111000 0.001133 0.000051
10001101 0.004063 0.000401
10110101 0.003787 0.000502
10101110 0.003553 0.000371
10110010 0.003804 0.000512
00011110 0.001064 0.000376
10011110 0.002500 0.000164
11100111 0.000199 0.000020
00111110 0.004038 0.000235
11011110 0.002561 0.000358
01001001 0.007598 0.000532
00111010 0.000770 0.000204
01101011 0.000337 0.000023
01001011 0.000446 0.000109
11010111 0.001277 0.000213
10010111 0.002791 0.000281
01000001 0.003184 0.000449
10101111 0.000880 0.000166
11011101 0.020503 0.000713
11011000 0.001125 0.000172
10010101 0.001925 0.000261
11110100 0.001288 0.000179
01110001 0.001391 0.000154
11110101 0.002852 0.000223
11011100 0.000312 0.000019
10100110 0.006236 0.000340
00100001 0.001297 0.000228
01010000 0.000789 0.000111
10001110 0.001816 0.000297
10100010 0.002124 0.000297
01111001 0.001556 0.000207
01001000 0.005434 0.000674
11010000 0.004016 0.000120
01011001 0.001470 0.000163
01011101 0.003332 0.000541
11101111 0.000629 0.000038
11010100 0.000387 0.000042
01111101 0.000535 0.000021
00010110 0.000310 0.000099
11101010 0.001202 0.000396
10101010 0.000522 0.000176
00000111 0.002181 0.000135
00101101 0.000414 0.000121
11001000 0.000983 0.000179
11000111 0.001043 0.000265
01101010 0.003984 0.000230
11111011 0.002061 0.000211
10010110 0.000784 0.000125
00111101 0.002271 0.000259
01100100 0.001545 0.000197
11101000 0.001503 0.000182
00101111 0.003999 0.000316
11001110 0.004047 0.000410
11110010 0.008596 0.000298
11000110 0.002864 0.000079
11001001 0.002545 0.000384
11010010 0.000526 0.000121
00110111 0.000526 0.000048
01110010 0.001770 0.000118
10001010 0.000055 0.000038
01101101 0.000431 0.000067
11001011 0.000128 0.000068
01111010 0.000509 0.000067
00001000 0.000529 0.000012
00001010 0.000617 0.000065
11111100 0.000414 0.000143
11100011 0.000177 0.000040
00010011 0.000026 0.000023
10001001 0.000963 0.000118
10001011 0.000049 0.000037
10000111 0.000947 0.000150
11010110 0.001090 0.000034
01110011 0.000107 0.000087
10010000 0.000177 0.000035
00110100 0.000096 0.000055
00110001 0.002469 0.000257
11100100 0.000779 0.000071
01101111 0.000806 0.000231
11001100 0.000335 0.000124
00000000 0.001162 0.000110
01000111 0.001151 0.000334
01011010 0.000162 0.000092
01001010 0.001398 0.000153
10110011 0.001655 0.000077
10100001 0.000352 0.000065
00100101 0.000183 0.000041
11101101 0.000222 0.000075
10111010 0.001931 0.000039
11101001 0.000643 0.000140
10101000 0.000146 0.000062
01000100 0.001455 0.000220
11110111 0.001281 0.000147
10101001 0.000266 0.000073
10000011 0.000015 0.000000
10100000 0.001013 0.000046
01111111 0.000637 0.000165
01000011 0.000069 0.000041
00000001 0.001121 0.000204
00110011 0.000381 0.000049
00111011 0.001136 0.000283
01010001 0.000501 0.000112
00000101 0.001352 0.000042
10000101 0.000243 0.000063
11100001 0.001768 0.000126
11000100 0.000476 0.000051
10000110 0.000625 0.000161
10000010 0.000065 0.000018
00101100 0.000063 0.000056
11110011 0.001164 0.000314
00010101 0.000442 0.000026
01011100 0.000057 0.000069
00000010 0.000851 0.000011
11010011 0.000060 0.000039
11001010 0.000229 0.000058
01110110 0.001420 0.000192
01111110 0.001208 0.000171
00010000 0.000102 0.000014
00010111 0.000668 0.000082
00001011 0.000763 0.000127
10000000 0.000058 0.000027
10101011 0.000176 0.000049
00011011 0.000216 0.000098
11011010 0.000264 0.000077
01011110 0.000497 0.000028
01100011 0.000246 0.000075
10010010 0.000116 0.000069
01100101 0.000338 0.000104
01110111 0.000070 0.000044
11000011 0.000060 0.000041
00000100 0.000202 0.000084
01111100 0.000046 0.000007
10010011 0.000059 0.000016
00100100 0.000269 0.000095
00011010 0.000240 0.000107
01010110 0.000262 0.000109
00100111 0.000554 0.000042
00100011 0.000305 0.000096
10100011 0.000064 0.000055
01010111 0.000140 0.000103
00110101 0.000606 0.000044
00010010 0.000044 0.000031
10111100 0.000099 0.000091
01110100 0.000206 0.000104
10101101 0.000104 0.000032
01011000 0.000343 0.000119
11101100 0.000121 0.000063
00010001 0.000632 0.000244
01010101 0.000414 0.000090
00011000 0.000119 0.000052
10100101 0.000058 0.000040
01010100 0.000117 0.000031
10100111 0.000149 0.000072
01011011 0.000066 0.000060
01010010 0.000096 0.000038
00111100 0.000031 0.000020
10100100 0.000049 0.000038
00001100 0.000154 0.000064
10011010 0.000112 0.000019
10110100 0.000105 0.000023
10011100 0.000005 0.000005
10000100 0.000031 0.000022
00000011 0.000047 0.000029
01110101 0.000174 0.000109
01010011 0.000014 0.000020
00011100 0.000029 0.000020
10001000 0.000012 0.000020
10001100 0.000016 0.000023
10010100 0.000014 0.000021
10101100 0.000014 0.000021
00010100 0.000000 0.000000
