1111001000 0.003331 0.000198
1010000000 0.035908 0.000359
0001101111 0.002082 0.000121
1011000000 0.034268 0.001299
0000111111 0.006642 0.000307
0010001000 0.002627 0.000532
0101111111 0.083985 0.000290
1011010101 0.001658 0.000169
1011001000 0.006961 0.000334
1110001000 0.048459 0.001114
1011100010 0.001229 0.000172
1110000100 0.001081 0.000029
1101110111 0.009658 0.000300
1110100000 0.003720 0.000234
0110110111 0.000351 0.000024
0101110111 0.059332 0.001030
0100111100 0.005205 0.000220
1010100000 0.006198 0.000124
1100110100 0.000222 0.000039
0100001000 0.001441 0.000067
1110011000 0.009143 0.000107
1110001001 0.011545 0.000534
0110110101 0.000315 0.000085
1111010101 0.000715 0.000095
0100010101 0.000047 0.000028
1011010001 0.008211 0.000223
1010011001 0.006695 0.000144
1011000001 0.012990 0.000755
1010000001 0.004733 0.000201
0110100110 0.000170 0.000079
0101110110 0.003029 0.000064
0100100110 0.003494 0.000515
1110000000 0.023741 0.001149
1111001001 0.002672 0.000039
0110000000 0.005790 0.000177
0100100000 0.002435 0.000019
1011100000 0.005246 0.000239
1011000011 0.015038 0.000101
1110000001 0.003527 0.000220
0100111111 0.039001 0.000520
0100110010 0.000325 0.000073
1010100101 0.000174 0.000058
1011100111 0.001545 0.000124
1011000010 0.007562 0.000058
0101010111 0.001975 0.000174
0100010000 0.000290 0.000045
1010001000 0.048605 0.000693
0110010010 0.000085 0.000003
1001010010 0.000055 0.000025
1101111111 0.014414 0.000804
1111010011 0.001838 0.000077
1110011001 0.007038 0.000432
0101101111 0.011024 0.000478
1111000001 0.004030 0.000537
1001110111 0.009055 0.000066
1000100000 0.000549 0.000138
0100000110 0.000107 0.000055
0001110111 0.010168 0.000272
1100111101 0.000318 0.000074
0000101100 0.001100 0.000178
1010101000 0.004953 0.000485
0001111111 0.014395 0.000501
1011010000 0.007043 0.000502
1000101110 0.000053 0.000014
1011001011 0.001427 0.000182
1111000000 0.009318 0.000260
1010101001 0.001133 0.000081
1111111010 0.000012 0.000015
0100111101 0.008019 0.000351
1111010111 0.002008 0.000103
0010101100 0.000275 0.000040
0100110001 0.000198 0.000038
1010000101 0.000184 0.000032
0100011111 0.000696 0.000119
1010100100 0.001023 0.000094
0110011000 0.002282 0.000124
1111010001 0.002293 0.000139
0001010111 0.000219 0.000054
1011010011 0.010338 0.000299
0000010011 0.000033 0.000025
0100101100 0.005722 0.000383
1111110001 0.000210 0.000018
1001100010 0.000466 0.000137
1011001010 0.000360 0.000064
1011000110 0.001118 0.000275
0110001000 0.010263 0.000210
1110101100 0.001693 0.000210
0100101000 0.002598 0.000055
0110001001 0.003311 0.000115
1011110111 0.004333 0.000565
1011010111 0.006819 0.000437
1110110000 0.000703 0.000182
1010010001 0.002452 0.000138
0000111110 0.001090 0.000199
1010011000 0.009822 0.000346
0110101100 0.001358 0.000042
1111001101 0.000241 0.000050
1010010000 0.006344 0.000312
1110000011 0.000330 0.000018
1110011100 0.001338 0.000119
1010111000 0.000824 0.000031
1011110011 0.001398 0.000130
1110111111 0.000565 0.000088
1101100111 0.001578 0.000174
0110011001 0.002345 0.000183
0110100000 0.001024 0.000180
1001111110 0.000442 0.000045
1101011111 0.000460 0.000108
0101011111 0.002495 0.000147
0100101101 0.002313 0.000159
0001100000 0.000018 0.000013
1010001001 0.010150 0.000431
1011010010 0.002018 0.000076
1001111111 0.008867 0.000336
1111000010 0.001212 0.000146
1110001100 0.002674 0.000293
0101111110 0.002203 0.000043
1110010000 0.004792 0.000261
0010000101 0.000034 0.000002
0110010011 0.000179 0.000029
0100101001 0.000702 0.000173
1011001001 0.004903 0.000166
1101100110 0.000319 0.000059
1100100110 0.000233 0.000048
1010111101 0.000972 0.000106
0100101110 0.003336 0.000121
1100101111 0.000180 0.000016
1110101000 0.004626 0.000213
1110001101 0.000859 0.000018
1111110101 0.000238 0.000028
1011000111 0.003099 0.000116
0000110110 0.000638 0.000117
1110010001 0.002349 0.000217
0110010000 0.001185 0.000121
1111010000 0.001878 0.000077
1011110001 0.001124 0.000193
1001110011 0.000285 0.000056
1111111111 0.000703 0.000074
0100101111 0.007250 0.000151
1001100111 0.001596 0.000135
1011111111 0.001230 0.000227
0110110110 0.000177 0.000018
0000101110 0.000543 0.000054
0100111110 0.005866 0.000449
1110001011 0.000333 0.000050
1011110100 0.000567 0.000209
1011011011 0.000856 0.000174
0000110111 0.001373 0.000145
1110111100 0.000953 0.000108
1111101111 0.000177 0.000038
1011100001 0.001570 0.000210
0110111100 0.000900 0.000077
0100000000 0.001210 0.000074
0010000000 0.001293 0.000129
1010001100 0.001770 0.000026
1110010111 0.000184 0.000020
1010000100 0.000948 0.000126
0110000001 0.001292 0.000041
1111000111 0.000797 0.000086
0100110111 0.007299 0.000194
1110100100 0.001199 0.000172
1111100000 0.001256 0.000097
1001110101 0.000110 0.000035
0010010000 0.000345 0.000086
1011110110 0.000631 0.000073
1001100110 0.000703 0.000032
0100111011 0.000387 0.000011
1011011101 0.000663 0.000197
1101101110 0.000169 0.000035
1011101110 0.000062 0.000015
0110001101 0.000358 0.000120
1101110110 0.000986 0.000062
1001101111 0.001123 0.000203
0000110100 0.000360 0.000016
1011000101 0.000964 0.000197
1010111001 0.000679 0.000118
1011011001 0.003528 0.000162
0110001100 0.000808 0.000099
0010011000 0.000547 0.000115
1010010101 0.000355 0.000136
1011100011 0.001788 0.000196
1001010111 0.000400 0.000133
1001011111 0.000409 0.000049
1110011110 0.000044 0.000021
1011010110 0.000618 0.000125
0110111101 0.001532 0.000115
0110001110 0.000043 0.000011
0101100111 0.007681 0.000260
0100100100 0.002999 0.000188
1011011111 0.001403 0.000090
0100011101 0.000215 0.000050
1010011101 0.001226 0.000026
1110001010 0.000419 0.000057
0111010011 0.000032 0.000013
1011011010 0.000106 0.000061
1111011000 0.000768 0.000075
0000101101 0.000530 0.000021
1011001101 0.000313 0.000131
1111010010 0.000324 0.000095
0110101000 0.001912 0.000154
0000000000 0.000334 0.000071
1110000101 0.000231 0.000042
0110011101 0.000811 0.000123
1100000000 0.000329 0.000118
0110111111 0.000810 0.000126
1011110010 0.000385 0.000074
1110011101 0.001851 0.000134
0001100111 0.001285 0.000066
0010110100 0.000119 0.000033
0111011111 0.000144 0.000052
1010010110 0.000042 0.000002
1011111101 0.000317 0.000050
1111110000 0.000352 0.000046
1011011000 0.001514 0.000166
0110001010 0.000203 0.000093
1110000010 0.000699 0.000100
0100100010 0.001156 0.000067
0000100100 0.000568 0.000112
1011000100 0.001425 0.000182
1010001011 0.000365 0.000030
1111101110 0.000022 0.000020
0111010111 0.000119 0.000034
1001110110 0.001237 0.000202
0110111001 0.000459 0.000099
1001000111 0.000121 0.000029
1010011100 0.001060 0.000137
0100110101 0.001423 0.000144
0110010001 0.000717 0.000077
1111101100 0.000078 0.000017
1010110001 0.000410 0.000006
1101100010 0.000122 0.000077
0100001100 0.000204 0.000046
1011001100 0.000309 0.000065
1010010111 0.000075 0.000028
0100000010 0.000409 0.000092
1010010100 0.000561 0.000029
1110010011 0.000324 0.000048
0110100010 0.000113 0.000035
1011110101 0.001058 0.000191
1110011011 0.000271 0.000057
0101001111 0.000443 0.000080
1100111001 0.000077 0.000023
0101111011 0.000152 0.000072
1110100001 0.000508 0.000154
1111011001 0.001617 0.000047
0110000110 0.000066 0.000049
0100100111 0.002193 0.000142
1010000010 0.001078 0.000106
1111011111 0.000843 0.000092
0010110101 0.000081 0.000047
1111000100 0.000551 0.000068
1111100110 0.000169 0.000024
0010110111 0.000077 0.000046
1111000101 0.000299 0.000063
0101100110 0.000940 0.000169
0110111000 0.000435 0.000083
0100110110 0.003832 0.000295
1111100011 0.000313 0.000039
1110111101 0.001373 0.000330
1110111001 0.000737 0.000083
1001100000 0.000451 0.000064
0010100000 0.000295 0.000051
1011101000 0.000589 0.000031
1101110101 0.000076 0.000016
1000111111 0.000450 0.000075
0000111101 0.001381 0.000019
1100111110 0.000219 0.000081
1001010110 0.000067 0.000033
1110111110 0.000072 0.000004
1111010100 0.000335 0.000101
1111111100 0.000052 0.000029
0111111111 0.000228 0.000041
1110111000 0.000896 0.000153
1011110000 0.001276 0.000051
0100111001 0.000583 0.000081
1001100100 0.000133 0.000026
1111101000 0.000318 0.000082
0110000100 0.000523 0.000064
1111100111 0.000350 0.000082
1111010110 0.000276 0.000004
1001000010 0.000308 0.000053
1100111111 0.001368 0.000086
0111000000 0.000381 0.000086
0100110011 0.000436 0.000023
0010101000 0.000367 0.000066
1101100000 0.000177 0.000031
1111110111 0.001262 0.000054
1111100010 0.000217 0.000036
0111001000 0.000124 0.000025
0110101001 0.000550 0.000098
1111100100 0.000309 0.000050
0000011111 0.000172 0.000007
1111101010 0.000009 0.000006
1101101111 0.002067 0.000237
1110010101 0.000434 0.000047
0000110001 0.000038 0.000017
0100110100 0.001609 0.000172
1111111011 0.000021 0.000028
0110100101 0.000095 0.000032
1010101100 0.001133 0.000104
0100111000 0.000682 0.000063
0110110010 0.000031 0.000004
1111001111 0.000305 0.000066
1111001110 0.000012 0.000010
0110101101 0.000642 0.000076
1001110000 0.000113 0.000060
1010110000 0.001145 0.000207
0010001001 0.000748 0.000148
0000101111 0.001355 0.000153
0000101000 0.000505 0.000164
0111111101 0.000080 0.000032
1111000110 0.000293 0.000061
0110100100 0.000722 0.000104
1010000011 0.000426 0.000088
1000111101 0.000133 0.000038
0101101011 0.000154 0.000035
1011100100 0.000926 0.000097
1010001010 0.000533 0.000040
0110010101 0.000306 0.000044
1111110110 0.000198 0.000021
1001000011 0.000267 0.000047
1010010011 0.000322 0.000075
1010100010 0.000328 0.000022
1110100010 0.000290 0.000091
1110110011 0.000046 0.000047
0111110111 0.000151 0.000067
1011100110 0.000817 0.000087
0101001110 0.000049 0.000016
0000001110 0.000022 0.000015
0110000011 0.000277 0.000084
1000100100 0.000232 0.000075
1111001011 0.000327 0.000017
0000110000 0.000108 0.000012
1100101100 0.000469 0.000028
1001101100 0.000001 0.000001
0100110000 0.000385 0.000091
1101111110 0.000693 0.000088
1010011011 0.000332 0.000046
1010100001 0.000772 0.000065
1111000011 0.002275 0.000248
1111110011 0.000224 0.000033
0101100010 0.000141 0.000076
0110000010 0.000209 0.000051
0010111101 0.000373 0.000022
1010001101 0.000700 0.000106
0101100100 0.000113 0.000054
1001000000 0.000262 0.000094
0100101011 0.000377 0.000088
0001011111 0.000430 0.000081
0010000011 0.000052 0.000015
0100100011 0.000419 0.000086
1100100000 0.000679 0.000050
1000001001 0.000014 0.000013
0110011100 0.000446 0.000097
0011110101 0.000012 0.000011
1110100101 0.000123 0.000051
1110101101 0.000613 0.000064
0000111100 0.001118 0.000105
0111000001 0.000166 0.000049
0110010111 0.000100 0.000009
1010011111 0.000143 0.000045
0100100101 0.000423 0.000158
0110101111 0.000220 0.000063
1010101011 0.000067 0.000048
0000001000 0.000307 0.000072
1100110011 0.000040 0.000016
0111001011 0.000040 0.000028
0101100011 0.000129 0.000019
0100001010 0.000195 0.000052
0101110001 0.000026 0.000007
1100011110 0.000011 0.000015
0111001111 0.000024 0.000008
1111101001 0.000202 0.000021
0010001010 0.000091 0.000009
0010010101 0.000064 0.000032
0101000111 0.000420 0.000060
1101000011 0.000136 0.000074
0110011111 0.000261 0.000062
1000101111 0.000034 0.000016
1011101001 0.000527 0.000112
0100001011 0.000190 0.000055
1100110110 0.000238 0.000028
0110011010 0.000030 0.000022
0111010001 0.000167 0.000042
1110101010 0.000043 0.000018
0101111101 0.000395 0.000076
1000000010 0.000074 0.000048
1101010111 0.000516 0.000019
1111011101 0.000716 0.000123
0101111100 0.000085 0.000046
0110110100 0.000408 0.000063
1110100111 0.000156 0.000049
1010110100 0.000456 0.000111
1100111011 0.000021 0.000010
1010110101 0.000298 0.000058
1110110101 0.000449 0.000058
1111011011 0.000305 0.000003
1010101110 0.000024 0.000021
1110101110 0.000072 0.000006
1010101111 0.000084 0.000057
1000101001 0.000032 0.000004
0010010001 0.000202 0.000054
1000100110 0.000129 0.000061
1100110111 0.000400 0.000111
1000100011 0.000030 0.000021
1110101001 0.001316 0.000214
1000100010 0.000204 0.000028
1011001111 0.000386 0.000121
1100101010 0.000015 0.000018
1010011010 0.000140 0.000026
1111100001 0.000364 0.000140
0110010100 0.000164 0.000062
0101111001 0.000017 0.000021
0110011110 0.000060 0.000013
1111111110 0.000020 0.000016
0111011001 0.000127 0.000063
0111101101 0.000045 0.000018
1011100101 0.000442 0.000105
1111011010 0.000003 0.000002
0010000001 0.000315 0.000065
0111100110 0.000026 0.000014
0010000010 0.000040 0.000026
0100101010 0.000484 0.000067
0000101011 0.000072 0.000029
0000110101 0.000242 0.000038
1100110000 0.000093 0.000044
0001110110 0.000499 0.000110
0100011001 0.000262 0.000079
0011010111 0.000028 0.000020
0010100001 0.000029 0.000023
0100001110 0.000082 0.000041
1101000111 0.000077 0.000004
0110000101 0.000121 0.000057
1110001110 0.000092 0.000008
0100100001 0.000382 0.000106
0111010010 0.000001 0.000001
0100001001 0.000412 0.000112
0110110011 0.000053 0.000041
1111100101 0.000124 0.000074
1001100011 0.000387 0.000085
1100010101 0.000003 0.000003
1100101101 0.000113 0.000033
0011011001 0.000018 0.000012
1110110110 0.000142 0.000098
1100100100 0.000288 0.000080
0011001001 0.000090 0.000018
0100010011 0.000206 0.000019
1100011001 0.000016 0.000012
1101100011 0.000117 0.000060
1101100101 0.000021 0.000015
1000110000 0.000098 0.000068
0110101011 0.000119 0.000059
1111001100 0.000223 0.000025
1110101111 0.000157 0.000037
1011111000 0.000139 0.000075
1101111101 0.000051 0.000049
0110000111 0.000076 0.000022
1010111100 0.000705 0.000037
0100000011 0.000219 0.000083
1110110001 0.000366 0.000143
1000110111 0.000145 0.000068
1001001011 0.000057 0.000051
1001101000 0.000001 0.000001
1110010010 0.000178 0.000040
1011010100 0.000662 0.000123
1011011110 0.000059 0.000010
0111101111 0.000038 0.000013
1100000111 0.000006 0.000006
0100000111 0.000047 0.000044
1110100110 0.000205 0.000084
0010001111 0.000021 0.000015
0111110101 0.000047 0.000035
1100001000 0.000182 0.000017
0010001100 0.000224 0.000025
1101000010 0.000061 0.000034
1000101100 0.000180 0.000099
1110000110 0.000086 0.000021
1001111100 0.000017 0.000012
1010110011 0.000096 0.000035
1101001000 0.000009 0.000013
1000011001 0.000011 0.000015
1101110011 0.000131 0.000044
1000111100 0.000192 0.000050
0101100001 0.000044 0.000021
0000100000 0.000347 0.000019
1111110100 0.000221 0.000042
1000110100 0.000096 0.000010
0110001011 0.000221 0.000046
0101000001 0.000019 0.000027
0111100011 0.000021 0.000016
1000101000 0.000101 0.000053
0101000110 0.000063 0.000034
0000100101 0.000083 0.000039
0000010111 0.000027 0.000027
1000110110 0.000151 0.000013
1100110001 0.000063 0.000008
0101010011 0.000062 0.000021
1001100001 0.000078 0.000022
1110100011 0.000096 0.000035
0000111011 0.000096 0.000023
0010011001 0.000509 0.000059
0011100110 0.000001 0.000002
0110100111 0.000109 0.000066
1011101111 0.000298 0.000033
1101001011 0.000023 0.000012
0001100101 0.000045 0.000033
1110010110 0.000052 0.000029
1100101000 0.000276 0.000115
0010101101 0.000120 0.000035
0010101001 0.000141 0.000106
0010111000 0.000106 0.000034
0110100011 0.000080 0.000028
0101110011 0.000157 0.000095
1101010011 0.000127 0.000016
1011101100 0.000182 0.000052
0111000110 0.000017 0.000012
0010111100 0.000204 0.000024
1110011111 0.000204 0.000052
0110011011 0.000194 0.000043
1010111111 0.000276 0.000124
1101011110 0.000028 0.000035
1001010011 0.000228 0.000090
0111011011 0.000053 0.000009
1100100011 0.000036 0.000030
1001001111 0.000060 0.000018
0010010111 0.000022 0.000010
0000100111 0.000362 0.000129
0110111011 0.000122 0.000082
0100011110 0.000153 0.000076
0111000011 0.000063 0.000015
1011111110 0.000068 0.000028
1101001111 0.000089 0.000028
1100111100 0.000407 0.000019
0111010100 0.000013 0.000019
1011111001 0.000321 0.000081
1110010100 0.000463 0.000072
0111100001 0.000029 0.000033
1011011100 0.000132 0.000045
0110100001 0.000221 0.000043
1001010101 0.000001 0.000000
1100100010 0.000132 0.000011
1000110101 0.000040 0.000023
0100011100 0.000237 0.000060
0101110010 0.000028 0.000023
0100001111 0.000196 0.000032
0000001100 0.000076 0.000015
1000000001 0.000040 0.000007
0101001011 0.000049 0.000004
0101101110 0.000588 0.000088
1111110010 0.000075 0.000038
0100000101 0.000011 0.000008
1101101000 0.000022 0.000016
1000000000 0.000221 0.000043
0011011011 0.000047 0.000013
1101111000 0.000003 0.000004
0110101110 0.000240 0.000072
1100101011 0.000057 0.000044
0000100110 0.000509 0.000072
1101010110 0.000059 0.000032
0011111001 0.000015 0.000013
1110110111 0.000279 0.000023
1001101110 0.000137 0.000042
1100010010 0.000026 0.000019
0111000111 0.000028 0.000016
0010011100 0.000062 0.000037
0001101110 0.000097 0.000032
1000010100 0.000033 0.000025
0100011000 0.000314 0.000047
0101101101 0.000088 0.000040
0001100110 0.000263 0.000039
0011100100 0.000007 0.000004
0100011011 0.000155 0.000051
0010110000 0.000064 0.000037
1001010000 0.000019 0.000014
0100010111 0.000109 0.000053
0110110001 0.000148 0.000057
1101110100 0.000044 0.000039
1011101010 0.000043 0.000038
0101011011 0.000058 0.000046
1111011100 0.000157 0.000043
1110011010 0.000141 0.000088
1001000110 0.000101 0.000005
0001001010 0.000002 0.000002
1001110010 0.000097 0.000053
0101110101 0.000199 0.000094
0010111001 0.000112 0.000067
1011111100 0.000076 0.000010
0000111001 0.000088 0.000033
1010001111 0.000098 0.000007
1111001010 0.000095 0.000040
1001110001 0.000038 0.000044
1010100011 0.000118 0.000028
0011101110 0.000000 0.000000
1110111010 0.000016 0.000018
1101110001 0.000075 0.000054
0001101100 0.000011 0.000016
0010010100 0.000077 0.000023
1110111011 0.000018 0.000019
1100110010 0.000126 0.000062
0010101111 0.000045 0.000038
0001111110 0.000345 0.000141
0111011101 0.000050 0.000036
1100101110 0.000209 0.000035
1101101101 0.000014 0.000019
0101000100 0.000027 0.000013
0111100000 0.000031 0.000007
1010101010 0.000054 0.000029
1001000100 0.000011 0.000015
1101100100 0.000068 0.000005
0011100011 0.000008 0.000008
1111111001 0.000105 0.000042
1000111110 0.000107 0.000067
0100111010 0.000178 0.000113
0101111010 0.000001 0.000001
1100111010 0.000022 0.000014
0111110110 0.000011 0.000010
1100000011 0.000035 0.000026
1111111101 0.000338 0.000121
1100010011 0.000051 0.000034
0111000101 0.000024 0.000030
1100101001 0.000063 0.000052
1110110100 0.000572 0.000044
0101000011 0.000135 0.000033
0000001111 0.000045 0.000016
0111001001 0.000127 0.000043
1000001000 0.000066 0.000038
1010010010 0.000300 0.000107
0011000000 0.000048 0.000015
1010110111 0.000205 0.000029
0100000100 0.000174 0.000018
0000000110 0.000046 0.000026
0101000010 0.000060 0.000039
1011111010 0.000014 0.000013
1011101011 0.000143 0.000087
1011111011 0.000055 0.000011
0110101010 0.000071 0.000022
0000000011 0.000055 0.000023
1101000110 0.000046 0.000031
1101001110 0.000023 0.000016
1101101011 0.000010 0.000010
1110001111 0.000092 0.000018
1010011110 0.000034 0.000026
1000010000 0.000017 0.000021
0010111111 0.000169 0.000036
0011111111 0.000025 0.000023
1100010000 0.000040 0.000023
1101000000 0.000104 0.000012
0010100100 0.000068 0.000033
0011110111 0.000022 0.000011
1111011110 0.000042 0.000008
0010100011 0.000006 0.000004
0100010010 0.000126 0.000051
1101110000 0.000012 0.000008
1111101011 0.000047 0.000006
1101000100 0.000005 0.000004
0001111011 0.000020 0.000014
1000011000 0.000004 0.000006
0110111110 0.000124 0.000046
0001000111 0.000029 0.000006
0000000100 0.000009 0.000006
1010101101 0.000328 0.000150
0001010011 0.000022 0.000018
0000110011 0.000060 0.000010
1010100111 0.000068 0.000034
0110001111 0.000120 0.000017
0101100000 0.000064 0.000018
1001110100 0.000059 0.000047
1010000110 0.000082 0.000027
1010111011 0.000052 0.000026
0010011111 0.000023 0.000005
1000111010 0.000002 0.000002
1010110010 0.000029 0.000018
1010111010 0.000015 0.000013
1001010001 0.000019 0.000014
0001011011 0.000018 0.000013
0010011011 0.000055 0.000035
1011001110 0.000080 0.000017
0010111110 0.000023 0.000014
0010110110 0.000026 0.000019
0111100010 0.000014 0.000013
0100000001 0.000169 0.000068
1101111011 0.000010 0.000009
0100010110 0.000164 0.000041
0110110000 0.000230 0.000142
0001111101 0.000088 0.000025
1000101101 0.000075 0.000069
0111110100 0.000022 0.000028
0111100100 0.000036 0.000012
0000000010 0.000116 0.000011
1111101101 0.000091 0.000068
1100000010 0.000121 0.000007
0111110011 0.000015 0.000012
0000001011 0.000032 0.000041
1100100111 0.000155 0.000074
0000100010 0.000130 0.000044
1100111000 0.000063 0.000017
0101011110 0.000019 0.000013
1100110101 0.000122 0.000005
0101110100 0.000044 0.000026
1001101101 0.000015 0.000013
0100010001 0.000116 0.000018
0010001101 0.000075 0.000024
1100010001 0.000014 0.000014
0001101011 0.000036 0.000008
0111100111 0.000049 0.000023
1100011111 0.000027 0.000020
1111111000 0.000114 0.000029
0111010101 0.000056 0.000031
1110101011 0.000052 0.000016
1010110110 0.000054 0.000021
0001110100 0.000003 0.000003
1000111000 0.000020 0.000007
0000011001 0.000050 0.000029
0101101000 0.000017 0.000016
0001111001 0.000014 0.000019
0100010100 0.000083 0.000044
0101000000 0.000062 0.000034
1101010010 0.000022 0.000009
0110111010 0.000004 0.000006
1010100110 0.000176 0.000080
0011011111 0.000014 0.000018
0101100101 0.000036 0.000021
1101010101 0.000001 0.000001
1001001010 0.000003 0.000004
0111100101 0.000034 0.000004
0101101010 0.000034 0.000008
1100000100 0.000012 0.000016
0111001100 0.000038 0.000009
1001001110 0.000002 0.000002
0011000111 0.000002 0.000002
0011000101 0.000002 0.000003
0011100111 0.000007 0.000006
0101101001 0.000016 0.000012
0111110001 0.000012 0.000017
1100001001 0.000050 0.000015
0001000110 0.000013 0.000014
0101110000 0.000011 0.000011
1100000110 0.000030 0.000021
1100011000 0.000012 0.000014
1011101101 0.000090 0.000013
1010001110 0.000029 0.000013
1100011011 0.000019 0.000016
0011110110 0.000001 0.000001
0101101100 0.000051 0.000034
0111101010 0.000001 0.000001
0001101101 0.000004 0.000003
1110110010 0.000017 0.000004
0011101111 0.000000 0.000000
1001011011 0.000049 0.000046
0100011010 0.000039 0.000012
1001100101 0.000031 0.000015
0101001000 0.000022 0.000015
0001000010 0.000001 0.000001
1001111001 0.000011 0.000015
1000100111 0.000031 0.000023
0011010001 0.000009 0.000006
0110010110 0.000079 0.000058
0000011110 0.000032 0.000026
0111001110 0.000005 0.000002
1000110001 0.000042 0.000029
1101001010 0.000019 0.000014
1000110010 0.000018 0.000013
0000011000 0.000093 0.000052
0101010001 0.000021 0.000003
0100001101 0.000097 0.000028
1000100001 0.000050 0.000020
1001111011 0.000044 0.000032
1001101011 0.000046 0.000039
0001000000 0.000001 0.000001
0000101001 0.000078 0.000019
0101010110 0.000118 0.000062
0000010000 0.000034 0.000003
0010010011 0.000026 0.000009
1100100101 0.000058 0.000018
1110000111 0.000061 0.000021
0010000111 0.000015 0.000016
0000010110 0.000009 0.000006
0010101110 0.000032 0.000026
0000001010 0.000046 0.000039
0111011110 0.000018 0.000013
0111111001 0.000025 0.000019
1000010001 0.000017 0.000015
1101110010 0.000022 0.000003
0001100010 0.000013 0.000009
0001001111 0.000034 0.000007
0000011011 0.000049 0.000048
1101101100 0.000021 0.000015
0011111101 0.000021 0.000017
0111000100 0.000016 0.000010
0000111010 0.000015 0.000007
1000011101 0.000011 0.000015
0111001101 0.000011 0.000016
1001111101 0.000049 0.000030
0010001011 0.000062 0.000016
0111110000 0.000004 0.000003
0011001011 0.000001 0.000001
0010110001 0.000026 0.000027
0101011001 0.000013 0.000013
1000011111 0.000019 0.000014
1101010000 0.000016 0.000011
0111101110 0.000001 0.000001
1000101010 0.000011 0.000015
0001110011 0.000037 0.000018
0101001001 0.000010 0.000004
0010011101 0.000180 0.000149
0001110101 0.000032 0.000027
0101010101 0.000017 0.000012
1000001010 0.000011 0.000015
0111000010 0.000055 0.000025
0010101011 0.000023 0.000016
0000111000 0.000130 0.000049
1101001101 0.000004 0.000005
0101001010 0.000015 0.000017
1010111110 0.000024 0.000026
0011000001 0.000031 0.000022
0010000100 0.000061 0.000059
1000000011 0.000035 0.000028
1000001100 0.000011 0.000015
1100001011 0.000032 0.000001
1100010110 0.000011 0.000015
0000101010 0.000090 0.000024
1100001110 0.000021 0.000015
0010100110 0.000028 0.000026
0010101010 0.000021 0.000025
0001001011 0.000007 0.000008
0011100010 0.000002 0.000003
0010110011 0.000021 0.000015
0011010011 0.000011 0.000015
0001000011 0.000022 0.000014
0011011101 0.000013 0.000011
1101000001 0.000011 0.000015
0111111110 0.000019 0.000013
0000010001 0.000025 0.000022
1101011011 0.000018 0.000010
0001111100 0.000019 0.000016
0000001001 0.000083 0.000044
1001000001 0.000029 0.000021
0000100011 0.000053 0.000036
0111010000 0.000045 0.000013
1100000001 0.000025 0.000010
1101111100 0.000012 0.000014
0111001010 0.000009 0.000010
0001011101 0.000004 0.000006
0010010010 0.000022 0.000030
0000001101 0.000010 0.000012
1010000111 0.000043 0.000030
1100001111 0.000021 0.000015
0000110010 0.000015 0.000012
0010011110 0.000017 0.000013
1100010100 0.000009 0.000012
0000100001 0.000032 0.000000
0000011101 0.000048 0.000023
0010001110 0.000001 0.000002
0011110010 0.000005 0.000006
1000010011 0.000004 0.000003
1001101010 0.000025 0.000019
1100100001 0.000050 0.000013
1000100101 0.000017 0.000013
1101101001 0.000011 0.000015
0011001000 0.000049 0.000018
0001100011 0.000020 0.000021
0011101011 0.000003 0.000003
0010011010 0.000015 0.000013
1000001111 0.000008 0.000012
1001101001 0.000011 0.000016
1101010001 0.000008 0.000007
0111101100 0.000008 0.000012
0111101011 0.000005 0.000004
0000011010 0.000010 0.000015
0011100101 0.000001 0.000002
0010100111 0.000029 0.000041
0001101001 0.000006 0.000005
0010100010 0.000018 0.000025
1001011110 0.000028 0.000022
1100010111 0.000003 0.000004
1000001011 0.000003 0.000004
0011110100 0.000002 0.000002
0001101000 0.000014 0.000019
0011010101 0.000005 0.000004
0101011101 0.000006 0.000004
0000010100 0.000011 0.000015
0111111011 0.000000 0.000000
0011010000 0.000003 0.000005
0011100001 0.000006 0.000009
0111011000 0.000045 0.000035
0010000110 0.000009 0.000011
0011000010 0.000006 0.000004
0111101001 0.000011 0.000015
1100011100 0.000007 0.000000
1100001100 0.000000 0.000000
1101011101 0.000003 0.000004
0001110001 0.000007 0.000010
0101010010 0.000021 0.000015
1000111011 0.000009 0.000009
1101100001 0.000010 0.000007
1101011010 0.000007 0.000009
0011010110 0.000000 0.000000
0001100001 0.000006 0.000009
0001011110 0.000021 0.000015
1000110011 0.000005 0.000005
0001000101 0.000000 0.000000
1001000101 0.000001 0.000000
1101101010 0.000001 0.000001
0000011100 0.000020 0.000014
0001010110 0.000018 0.000014
1000010111 0.000014 0.000014
1101001001 0.000007 0.000000
0101011100 0.000005 0.000007
0010100101 0.000038 0.000027
1001011010 0.000004 0.000005
0111111100 0.000027 0.000019
0111011100 0.000002 0.000002
0111010110 0.000000 0.000001
1100011101 0.000021 0.000015
1001010100 0.000011 0.000014
1000011010 0.000001 0.000001
0000000001 0.000027 0.000027
0010110010 0.000001 0.000001
1000011011 0.000011 0.000015
1100001010 0.000011 0.000015
1000010010 0.000004 0.000004
0010010110 0.000011 0.000015
1101010100 0.000011 0.000016
0101111000 0.000020 0.000028
0111111010 0.000011 0.000015
0001100100 0.000015 0.000021
0000000111 0.000016 0.000023
1001001001 0.000005 0.000007
0001110010 0.000002 0.000002
0101001100 0.000001 0.000002
0111110010 0.000001 0.000002
0011011010 0.000011 0.000015
0001000001 0.000018 0.000026
0011011110 0.000002 0.000003
0011001111 0.000000 0.000000
1000001110 0.000003 0.000004
0111101000 0.000009 0.000013
0011000100 0.000005 0.000007
0101010000 0.000000 0.000000
0011011100 0.000011 0.000015
0001101010 0.000002 0.000002
0011000011 0.000009 0.000012
0011001101 0.000005 0.000007
