11010100 0.099142 0.001369
10101011 0.021210 0.000836
11000110 0.023987 0.000837
01110001 0.001476 0.000097
10011100 0.003994 0.000125
01111001 0.011973 0.000796
00101011 0.057884 0.000548
10011111 0.005534 0.000590
10010110 0.009046 0.000540
01111011 0.017597 0.001502
00010100 0.012777 0.000497
11100110 0.007115 0.000339
11101011 0.050875 0.000628
00000100 0.003343 0.000208
10011110 0.001814 0.000192
00111001 0.046802 0.000710
01101111 0.006348 0.000407
00101001 0.034635 0.000185
10011011 0.014177 0.000918
11111011 0.016720 0.000309
11000100 0.020592 0.000774
11101100 0.001868 0.000090
11011011 0.016733 0.000266
10110111 0.000533 0.000045
00011111 0.000601 0.000169
11010110 0.039136 0.000388
10010100 0.038521 0.000145
00111101 0.007280 0.000104
00011011 0.004123 0.000569
00010000 0.005848 0.000475
00100111 0.001275 0.000125
01101011 0.047863 0.000465
00100100 0.005224 0.000202
00100010 0.000699 0.000224
00111011 0.019812 0.000261
11111111 0.004138 0.000133
10111111 0.003478 0.000064
10000100 0.006688 0.000316
10111011 0.011174 0.000472
01110111 0.000691 0.000045
00100101 0.003067 0.000046
11001110 0.006295 0.000326
01000100 0.002926 0.000105
11110001 0.000028 0.000015
11101111 0.014468 0.000151
11111100 0.001277 0.000194
00110100 0.004493 0.000301
01110011 0.001530 0.000112
11011111 0.006606 0.000504
10001011 0.004482 0.000351
01111101 0.003321 0.000243
01101001 0.012538 0.000742
01011001 0.002642 0.000154
00011001 0.008617 0.000605
00101101 0.008158 0.000306
00110101 0.003927 0.000231
11011001 0.000734 0.000051
10010101 0.001352 0.000106
00001001 0.000344 0.000240
11001101 0.000943 0.000200
11001011 0.012627 0.000262
11011100 0.008967 0.000602
00110001 0.010832 0.001020
11100100 0.005359 0.000198
11110100 0.005294 0.000324
01000110 0.000765 0.000133
01010100 0.009972 0.000374
11111101 0.001437 0.000084
01101101 0.005374 0.000023
01100011 0.002317 0.000157
10101111 0.007198 0.000456
11011110 0.005593 0.000370
00010101 0.001596 0.000190
10010111 0.001233 0.000196
00111111 0.001837 0.000524
01001011 0.001003 0.000190
00011101 0.002441 0.000039
00100011 0.004849 0.000518
10100100 0.002361 0.000134
10011101 0.003894 0.000274
00101111 0.005732 0.000672
10100111 0.000648 0.000064
10100110 0.001601 0.000128
01010110 0.000855 0.000121
00110111 0.000665 0.000065
00010011 0.001310 0.000205
11001111 0.005320 0.000185
11010111 0.001752 0.000170
01110101 0.001345 0.000226
00101100 0.000521 0.000064
10011001 0.001389 0.000167
10111001 0.001467 0.000360
01010000 0.001967 0.000239
01100100 0.003400 0.000386
01100101 0.001325 0.000085
10001100 0.000901 0.000188
01001110 0.000097 0.000031
10000101 0.000097 0.000039
01111111 0.002001 0.000342
11001100 0.004331 0.000322
11110111 0.000714 0.000106
01110100 0.002993 0.000441
11010101 0.001347 0.000475
11011101 0.003262 0.000211
11110101 0.000412 0.000137
00110000 0.003459 0.000103
10000110 0.003994 0.000359
11110011 0.000490 0.000139
01001001 0.000279 0.000106
11101110 0.002600 0.000179
11010010 0.002461 0.000494
00001011 0.000816 0.000108
10111101 0.001903 0.000242
10001110 0.001170 0.000061
10001101 0.000455 0.000022
11110110 0.002647 0.000352
00110011 0.003434 0.000194
01011011 0.003868 0.000110
11001010 0.001613 0.000401
01010101 0.000865 0.000200
11000010 0.000897 0.000020
10001111 0.001807 0.000236
11011000 0.000580 0.000138
00110110 0.000233 0.000023
11101101 0.001172 0.000173
10110100 0.001951 0.000012
01101000 0.000274 0.000083
00100000 0.001315 0.000105
01011101 0.000893 0.000107
00010001 0.003659 0.000243
01010111 0.000200 0.000097
00101000 0.000425 0.000197
00000110 0.000402 0.000093
01101010 0.000289 0.000052
01100010 0.000249 0.000109
00000010 0.000047 0.000033
10010011 0.001346 0.000081
00011100 0.000698 0.000106
10101110 0.000534 0.000024
11011010 0.002005 0.000161
00110010 0.000426 0.000106
01111010 0.000094 0.000018
11111001 0.000553 0.000092
10001010 0.000514 0.000104
11101010 0.000893 0.000069
11100101 0.000153 0.000078
01011111 0.000587 0.000101
10101010 0.000235 0.000056
01110000 0.000620 0.000158
00100110 0.000408 0.000041
11100010 0.000411 0.000163
10110001 0.000061 0.000061
10010000 0.000797 0.000246
00000001 0.000056 0.000075
11111110 0.000511 0.000061
00010010 0.000590 0.000060
00011000 0.000653 0.000032
00111000 0.000698 0.000182
00100001 0.003333 0.000288
01001100 0.000251 0.000063
11101001 0.000218 0.000057
10010010 0.001526 0.000195
11010000 0.001089 0.000162
01100111 0.001205 0.000090
10101100 0.000498 0.000133
11100011 0.000583 0.000154
01011000 0.000410 0.000094
10000010 0.000509 0.000029
01110010 0.000337 0.000110
10011010 0.000810 0.000074
00010110 0.000524 0.000067
11111010 0.000201 0.000069
00011010 0.000059 0.000031
11010011 0.001167 0.000198
10000011 0.000128 0.000042
00111100 0.000342 0.000041
00001101 0.000249 0.000034
01010010 0.000479 0.000108
00000000 0.000280 0.000077
01100110 0.000941 0.000186
10110110 0.000722 0.000113
11000111 0.000602 0.000067
00011110 0.000051 0.000043
10100011 0.000524 0.000089
10101101 0.000985 0.000022
10111100 0.000448 0.000101
10101001 0.000339 0.000108
01101110 0.000222 0.000111
10110101 0.000340 0.000034
11100111 0.001309 0.000197
10110010 0.000165 0.000078
00101010 0.000307 0.000017
01010001 0.000547 0.000134
01000011 0.000073 0.000018
10111110 0.000174 0.000046
01001111 0.000234 0.000022
11110010 0.000324 0.000028
01110110 0.000222 0.000102
00000011 0.000222 0.000089
10100010 0.000302 0.000072
11010001 0.000076 0.000064
10110011 0.000465 0.000032
01111000 0.000142 0.000036
00111010 0.000106 0.000031
01100001 0.000717 0.000252
10011000 0.000482 0.000100
01011110 0.000150 0.000076
01000000 0.000088 0.000046
01100000 0.000525 0.000130
10010001 0.000110 0.000072
01111110 0.000029 0.000025
00001110 0.000016 0.000018
00010111 0.000229 0.000057
00111110 0.000045 0.000001
01010011 0.000618 0.000206
01101100 0.000751 0.000255
00001100 0.000199 0.000058
11000011 0.000316 0.000106
10000111 0.000349 0.000077
01001101 0.000191 0.000018
10100101 0.000150 0.000041
01011100 0.000551 0.000078
01000010 0.000155 0.000046
11000101 0.000219 0.000077
01111100 0.000285 0.000091
10001001 0.000109 0.000079
01000111 0.000078 0.000044
10001000 0.000004 0.000005
11001001 0.000047 0.000006
10111010 0.000197 0.000032
01001010 0.000030 0.000020
00101110 0.000128 0.000071
01011010 0.000109 0.000034
00001111 0.000126 0.000054
10110000 0.000036 0.000015
00001000 0.000066 0.000004
10101000 0.000033 0.000027
10111000 0.000015 0.000001
11110000 0.000050 0.000029
11111000 0.000107 0.000104
00000101 0.000112 0.000066
10000000 0.000042 0.000034
10100000 0.000016 0.000022
10100001 0.000014 0.000020
01000101 0.000061 0.000061
11001000 0.000056 0.000040
11101000 0.000024 0.000033
11100000 0.000013 0.000018
01001000 0.000064 0.000050
00000111 0.000015 0.000035
00001010 0.000035 0.000054
11000000 0.000028 0.000020
