1110110 0.024773 0.000475
0010100 0.002185 0.000293
0011110 0.024996 0.000661
0001001 0.027424 0.000291
1000001 0.005683 0.000558
1001000 0.005351 0.000763
0001100 0.097079 0.001234
1100101 0.003998 0.000161
0011100 0.012381 0.000301
0101001 0.013900 0.000462
0101111 0.004335 0.000282
0001101 0.022780 0.000512
1110111 0.081340 0.002027
1010000 0.000688 0.000048
1110011 0.103227 0.001811
1011011 0.000667 0.000151
1010011 0.005958 0.000276
1110101 0.022078 0.000652
1011010 0.000345 0.000105
0010110 0.017533 0.000909
1010111 0.011660 0.000229
0110111 0.007194 0.000472
0001110 0.034538 0.001347
1110001 0.037584 0.000262
1000110 0.006284 0.000253
0111101 0.014953 0.000736
0111111 0.022916 0.000330
0101010 0.001231 0.000235
1100010 0.003751 0.000607
1000011 0.002276 0.000108
0111011 0.010737 0.000502
1010110 0.017546 0.000620
0001000 0.037983 0.000407
1111110 0.001799 0.000072
0010111 0.008470 0.000788
1010100 0.002622 0.000155
1101100 0.001979 0.000122
0111001 0.009652 0.000189
1100011 0.008307 0.000371
0110110 0.003195 0.000187
1100111 0.004838 0.000153
0101101 0.009184 0.000097
1110010 0.012361 0.000256
1101001 0.015648 0.000344
1010010 0.004201 0.000374
0011111 0.014873 0.000753
1001101 0.001625 0.000080
0101110 0.003984 0.000152
1100001 0.014080 0.000212
0101000 0.003467 0.000309
1101111 0.001593 0.000207
0011101 0.012283 0.000250
1000000 0.006415 0.000264
1100110 0.003638 0.000045
1111101 0.004748 0.000301
0101100 0.005986 0.000363
0111100 0.002547 0.000306
1111011 0.009436 0.000432
0000101 0.000648 0.000044
1010001 0.002587 0.000081
0111110 0.007762 0.000311
0000001 0.000528 0.000096
0001011 0.004605 0.000143
1000100 0.005104 0.000191
0001010 0.010013 0.000424
0011000 0.001195 0.000136
0010000 0.000058 0.000041
1001001 0.005937 0.000142
0101011 0.003764 0.000364
1111010 0.000873 0.000082
1011111 0.001097 0.000100
0001111 0.006312 0.000404
0010011 0.001399 0.000269
1011101 0.000872 0.000037
1111111 0.006950 0.000498
1000010 0.004387 0.000481
1111001 0.011478 0.000321
0111010 0.001350 0.000075
0011011 0.003604 0.000247
1110000 0.001465 0.000241
1010101 0.003443 0.000294
0110100 0.000353 0.000039
0011001 0.003527 0.000227
0010101 0.002401 0.000469
1100100 0.002032 0.000115
1001100 0.003361 0.000203
1100000 0.002682 0.000154
1110100 0.002717 0.000167
0000100 0.002842 0.000222
1101011 0.003445 0.000451
0000010 0.000855 0.000169
0100011 0.000227 0.000061
0110011 0.002357 0.000122
0000110 0.004977 0.000206
1001010 0.001274 0.000073
0110010 0.000301 0.000025
1001110 0.001315 0.000247
1101101 0.003641 0.000104
0011010 0.002509 0.000374
0100111 0.000191 0.000133
1000111 0.001524 0.000185
0110001 0.000600 0.000139
1011100 0.000384 0.000035
1111000 0.000424 0.000141
1000101 0.002489 0.000428
1101000 0.003536 0.000336
0100100 0.000146 0.000093
1011110 0.001210 0.000110
0000111 0.000795 0.000299
0110101 0.001493 0.000306
0010001 0.000321 0.000046
0010010 0.001216 0.000101
0111000 0.000416 0.000008
1011001 0.000823 0.000109
1001111 0.000498 0.000104
0000011 0.000314 0.000088
1001011 0.000819 0.000182
1101110 0.001137 0.000129
1101010 0.001036 0.000271
0100110 0.000240 0.000018
1111100 0.000726 0.000094
0000000 0.000666 0.000098
1011000 0.000160 0.000148
0100001 0.000086 0.000093
0100101 0.000119 0.000076
0100000 0.000029 0.000020
0100010 0.000039 0.000056
0110000 0.000009 0.000013
