111111 0.063582 0.000785
000001 0.074753 0.001243
111011 0.048983 0.000700
010001 0.034582 0.000346
110110 0.026671 0.000537
000101 0.016447 0.000530
010110 0.060881 0.001523
010100 0.060181 0.000898
111110 0.076671 0.001392
000100 0.026827 0.000757
101011 0.060867 0.001304
110011 0.005498 0.000661
111010 0.006322 0.000723
011110 0.066032 0.001194
010000 0.008714 0.001066
101001 0.046603 0.000761
100001 0.040556 0.000421
100101 0.005363 0.000542
101110 0.016821 0.000767
000000 0.013736 0.000519
000110 0.003088 0.000129
010101 0.025125 0.000779
001001 0.039280 0.000751
110111 0.013700 0.000611
001000 0.004580 0.000256
100011 0.001437 0.000187
001011 0.004415 0.000393
011000 0.000738 0.000107
011100 0.002238 0.000226
001110 0.014440 0.001076
101010 0.006004 0.000247
101111 0.022620 0.001559
110001 0.017771 0.000578
011001 0.004322 0.000577
011111 0.004868 0.000685
010111 0.008003 0.000554
101101 0.004536 0.000108
110101 0.009936 0.000668
111101 0.001312 0.000061
111001 0.004662 0.000550
100000 0.002950 0.000513
000011 0.000623 0.000209
001111 0.003260 0.000224
110000 0.001912 0.000199
110010 0.001402 0.000242
001101 0.005899 0.000651
001100 0.005473 0.000293
011101 0.001934 0.000290
110100 0.006951 0.000611
101000 0.002168 0.000131
101100 0.001083 0.000181
001010 0.000705 0.000193
010011 0.001971 0.000258
011010 0.000956 0.000155
100111 0.000911 0.000166
100100 0.002589 0.000567
010010 0.001293 0.000227
100110 0.000971 0.000228
011011 0.001938 0.000233
111000 0.000431 0.000091
000111 0.000739 0.000198
111100 0.000311 0.000105
000010 0.000172 0.000055
100010 0.000196 0.000098
