0100000 0.101296 0.000301
1100101 0.012121 0.000831
1000111 0.021938 0.001285
1011111 0.138664 0.002285
0111000 0.023597 0.001315
1010101 0.017536 0.001454
1011110 0.076541 0.000558
1010111 0.061641 0.001009
0100001 0.074094 0.000408
0101001 0.018660 0.000297
0011110 0.016081 0.000793
0101010 0.011867 0.000252
1100001 0.015308 0.000470
0111010 0.018313 0.000390
1111111 0.022250 0.000827
1000101 0.019597 0.000190
0011010 0.012228 0.000840
1010110 0.011115 0.000575
0101000 0.052637 0.000804
1110001 0.012169 0.000208
0000001 0.014921 0.000885
0011111 0.010477 0.000426
