0110111111 0.046146 0.000475
1111001000 0.005268 0.000194
1101011110 0.002001 0.000155
1110011011 0.001147 0.000127
0101001010 0.000766 0.000096
1111011110 0.004210 0.000326
1011111111 0.008452 0.000445
0000110110 0.004547 0.000071
1101000000 0.032420 0.000521
0011111100 0.000095 0.000012
0010111100 0.000446 0.000041
1101001000 0.010460 0.000402
0101001001 0.005260 0.000279
0001100001 0.001462 0.000028
0010111111 0.040646 0.000676
0010001001 0.000776 0.000080
0111001010 0.002325 0.000027
1111110111 0.001586 0.000035
1001000001 0.019628 0.001292
1111011111 0.012732 0.000228
1110110111 0.002221 0.000248
0001000000 0.020908 0.000674
1011010110 0.000262 0.000059
0111101001 0.002286 0.000169
1111111111 0.019948 0.000760
0001110111 0.000626 0.000037
1101000010 0.001838 0.000270
1001000100 0.000897 0.000089
1011101001 0.000869 0.000026
1010110111 0.005677 0.000167
0010111110 0.006268 0.000269
0101001000 0.008407 0.000166
1011010011 0.001141 0.000085
1011001111 0.000141 0.000040
1010101100 0.000207 0.000079
1101001001 0.007378 0.000118
0000110101 0.001547 0.000028
1011000011 0.001130 0.000147
0000000000 0.005248 0.000348
1101011000 0.001051 0.000067
0010111101 0.000798 0.000075
0000100110 0.000368 0.000121
1101010111 0.003286 0.000240
1000111101 0.000179 0.000032
0100100000 0.002670 0.000163
1101010101 0.003174 0.000277
1101110111 0.000819 0.000139
1001010001 0.004736 0.000315
1110111111 0.031294 0.000446
1101000011 0.000982 0.000074
0000100000 0.005383 0.000081
1001000000 0.024410 0.000661
1111110110 0.000866 0.000030
0011101011 0.001797 0.000312
1101000001 0.011727 0.000109
0100111111 0.000842 0.000121
0000111101 0.000265 0.000123
0101010000 0.000661 0.000018
1101010100 0.004443 0.000525
1001001000 0.001854 0.000357
0111101010 0.001464 0.000351
0110111110 0.014400 0.000106
0111011111 0.001498 0.000126
1100000000 0.007797 0.000276
1001110000 0.000248 0.000069
0001110110 0.001190 0.000155
1101001011 0.001164 0.000175
0010110110 0.003589 0.000109
0110101001 0.002614 0.000194
0111000001 0.001084 0.000095
1000100100 0.000848 0.000059
1111001110 0.000406 0.000078
1111101001 0.001153 0.000247
1001110011 0.000216 0.000054
1111111110 0.006900 0.000643
1010111111 0.021576 0.000086
0001000001 0.014991 0.000196
0111001001 0.005914 0.000497
0000111111 0.000614 0.000024
1011011111 0.002226 0.000144
1110111110 0.009535 0.000602
1001010110 0.001275 0.000191
1001010011 0.003289 0.000386
1101011100 0.001990 0.000317
1011100001 0.000566 0.000054
0101000000 0.025484 0.000297
1000010100 0.000387 0.000162
0110111100 0.000941 0.000098
1000111110 0.000316 0.000028
0010011011 0.000130 0.000081
0101111111 0.000305 0.000093
1010101001 0.000752 0.000109
1010010111 0.000392 0.000064
1000011111 0.000192 0.000076
0111111111 0.017069 0.000232
1101011001 0.001795 0.000232
1001010111 0.003038 0.000282
0100000000 0.005981 0.000385
0101001011 0.000841 0.000123
0010101101 0.000374 0.000102
1011101000 0.000396 0.000081
1111001011 0.004994 0.000480
1010100110 0.000146 0.000029
1110101011 0.000872 0.000182
1011001001 0.003165 0.000124
1100000100 0.000621 0.000073
0010100000 0.001141 0.000215
0001001011 0.000223 0.000097
0000110111 0.002453 0.000365
0110111101 0.000933 0.000022
1100011001 0.000404 0.000093
1010001000 0.000222 0.000126
1010111110 0.003290 0.000095
1110110110 0.001540 0.000231
1111100110 0.000111 0.000014
1000110110 0.002381 0.000182
0000000001 0.003396 0.000270
1000110101 0.000883 0.000151
0111000000 0.001290 0.000278
1010110110 0.002042 0.000105
1111001100 0.000495 0.000058
1111001001 0.007199 0.000458
1101011011 0.001943 0.000094
0010101011 0.002816 0.000248
0000100001 0.001030 0.000091
0101011001 0.000393 0.000046
1010101011 0.000656 0.000132
0011100001 0.000834 0.000094
0011111111 0.009735 0.000138
1111011011 0.004806 0.000281
0000110100 0.004183 0.000371
0001010001 0.001229 0.000182
1110011110 0.001272 0.000157
1011000000 0.001142 0.000098
1100010110 0.000941 0.000097
1100100000 0.000862 0.000080
1001000011 0.002305 0.000125
1011110111 0.002580 0.000107
1000100000 0.001467 0.000217
1100001001 0.001916 0.000154
1001001111 0.000002 0.000003
0011110111 0.002716 0.000190
0010100110 0.000468 0.000091
0101100100 0.000918 0.000169
1111011101 0.000794 0.000030
0110110100 0.000351 0.000047
0100110100 0.002242 0.000103
0101100000 0.003043 0.000272
0111111110 0.005513 0.000476
1101000100 0.002448 0.000352
1000110100 0.001910 0.000040
1100111110 0.001044 0.000057
1111001010 0.002930 0.000119
1100001000 0.002038 0.000072
0110001000 0.000938 0.000159
0101000001 0.008011 0.000599
1000000001 0.004672 0.000245
0110001011 0.000992 0.000096
1001001001 0.002955 0.000127
1101011101 0.002392 0.000275
0100110111 0.000676 0.000037
0000100100 0.002847 0.000177
1011110101 0.000204 0.000073
1011101010 0.000209 0.000047
0111001011 0.004104 0.000353
0010110101 0.000604 0.000088
0010101110 0.000708 0.000236
0101101100 0.000391 0.000185
0101101000 0.001108 0.000017
0100110110 0.002523 0.000101
1001110100 0.001211 0.000029
0011100011 0.000657 0.000040
0010110111 0.011302 0.000220
0011101100 0.000177 0.000081
0110101111 0.000764 0.000040
0001110100 0.001257 0.000124
0110101110 0.001486 0.000243
1101010110 0.003654 0.000198
0110011110 0.000174 0.000099
1111101011 0.000856 0.000085
1101100000 0.001294 0.000088
1100011011 0.000344 0.000044
1000000011 0.000390 0.000076
0110001001 0.001197 0.000173
1011111011 0.000971 0.000171
0001100000 0.004934 0.000144
0100101000 0.000966 0.000187
0100100100 0.001727 0.000077
0111110111 0.001343 0.000161
1001100010 0.000160 0.000045
1100111101 0.000359 0.000075
1101111101 0.000379 0.000119
1011000001 0.002515 0.000154
0110101011 0.002628 0.000148
0011001001 0.002763 0.000309
0111001000 0.004077 0.000394
1101010010 0.001459 0.000136
0111011010 0.000191 0.000043
0111101000 0.002529 0.000252
1110001001 0.001724 0.000305
0010100011 0.000875 0.000132
1001110110 0.000961 0.000140
0011001010 0.000424 0.000107
1011111110 0.001168 0.000246
1100000001 0.002468 0.000093
0100010010 0.000031 0.000042
0001111110 0.000146 0.000069
0001101000 0.000433 0.000049
1101010000 0.002787 0.000095
0110110111 0.003125 0.000219
0110010011 0.000017 0.000024
1111111011 0.001621 0.000075
1001010000 0.002093 0.000218
1001100001 0.001001 0.000102
1110011111 0.003863 0.000322
0011111110 0.001565 0.000057
0101110110 0.000985 0.000143
1110101010 0.000436 0.000107
1010010011 0.000307 0.000030
1011010111 0.001033 0.000087
0000010111 0.000121 0.000037
0011011011 0.000485 0.000063
0010101000 0.001194 0.000158
1110010111 0.000439 0.000067
0110101101 0.000809 0.000229
1100110110 0.001667 0.000325
1010100011 0.000243 0.000044
0010101001 0.002662 0.000151
1010100101 0.000066 0.000026
1111111000 0.000052 0.000026
1000000000 0.006064 0.000027
0011100000 0.000877 0.000211
0111101011 0.002331 0.000161
0011101000 0.000841 0.000077
1101111100 0.000802 0.000060
1011001011 0.002212 0.000094
1100010001 0.000476 0.000041
1110001011 0.001245 0.000057
1001101001 0.000167 0.000086
0001001001 0.002166 0.000219
1100100110 0.000158 0.000062
1110001010 0.000560 0.000056
1100010100 0.001090 0.000120
1001111111 0.000310 0.000087
0101000010 0.001536 0.000132
1000111111 0.000356 0.000055
0011000011 0.000829 0.000055
0001000100 0.000353 0.000092
1111000001 0.001213 0.000201
1010111101 0.000604 0.000123
0011000001 0.001810 0.000138
0011101001 0.002244 0.000072
0110101000 0.002598 0.000313
0001110101 0.000451 0.000107
1101011111 0.003606 0.000239
1001100000 0.002293 0.000218
1110010101 0.000036 0.000031
0101011000 0.000198 0.000052
0011101010 0.000619 0.000117
1100011101 0.000595 0.000125
1110001000 0.001200 0.000138
0111011011 0.000789 0.000162
0010100001 0.000989 0.000118
0000001000 0.000455 0.000138
0000111100 0.000468 0.000092
1100010111 0.000828 0.000178
1010011011 0.000458 0.000076
1101111000 0.000065 0.000021
0001010011 0.000816 0.000045
0011111101 0.000228 0.000091
0110101100 0.001678 0.000062
0100001001 0.001190 0.000118
0100111110 0.001313 0.000095
1001100100 0.000485 0.000046
0110101010 0.001714 0.000161
1101010011 0.002115 0.000106
0010000001 0.000471 0.000029
0111011110 0.000552 0.000078
1000010101 0.000667 0.000089
0111110101 0.000076 0.000041
0110111011 0.000659 0.000053
0110100000 0.000622 0.000129
1100111111 0.000686 0.000172
1100110000 0.000100 0.000054
1111101000 0.000877 0.000123
1110011001 0.000144 0.000007
0110110110 0.002347 0.000319
0110100010 0.000338 0.000061
1100111100 0.000801 0.000211
1001110001 0.000280 0.000017
1110111011 0.001099 0.000038
1100110111 0.000572 0.000128
1100010000 0.000641 0.000049
0101101011 0.000037 0.000018
0011000010 0.000362 0.000063
0000101001 0.000147 0.000044
1011000010 0.000405 0.000036
1111110011 0.000196 0.000075
0001010000 0.000480 0.000199
0111110110 0.000874 0.000141
1100011110 0.000399 0.000102
0111100011 0.000204 0.000082
0011000000 0.000977 0.000150
1101110110 0.001277 0.000276
0101010001 0.000546 0.000132
0111111011 0.000541 0.000072
0101111110 0.000619 0.000049
0100111100 0.001089 0.000152
1011100010 0.000111 0.000019
1010111011 0.000898 0.000178
1010001001 0.000672 0.000071
0110011111 0.000423 0.000037
0111000011 0.000483 0.000124
0100000100 0.000278 0.000120
1111011100 0.000512 0.000065
1101111111 0.000796 0.000126
1100011100 0.000507 0.000108
0001000011 0.001378 0.000180
0101000011 0.000729 0.000057
0011100010 0.000344 0.000157
0111100110 0.000136 0.000007
1111100000 0.000276 0.000020
1001111110 0.000138 0.000033
1000110111 0.001686 0.000135
1010000000 0.000293 0.000079
1011011011 0.001993 0.000109
0111000010 0.000417 0.000013
0010100010 0.000670 0.000037
0010100111 0.000237 0.000054
1010011001 0.000070 0.000050
0001011011 0.000130 0.000098
1111011010 0.001139 0.000074
0011001011 0.001969 0.000261
1100001100 0.000245 0.000045
0100001010 0.000125 0.000053
0101110111 0.000385 0.000092
1010011111 0.000654 0.000155
1011010001 0.000284 0.000070
1111000011 0.000581 0.000202
0111111101 0.000560 0.000078
1101100010 0.000067 0.000027
1000111010 0.000021 0.000015
1101110101 0.000533 0.000088
0001000010 0.001149 0.000083
0001100011 0.000179 0.000052
1011011001 0.000295 0.000122
1100110100 0.001821 0.000168
0111101101 0.000300 0.000081
0010111011 0.000766 0.000119
0000100011 0.000134 0.000072
1000010111 0.000776 0.000023
1001101010 0.000021 0.000014
0000101000 0.000657 0.000101
1001010100 0.001650 0.000230
1001110101 0.000777 0.000146
1111100001 0.000177 0.000081
1000100001 0.000498 0.000054
0001010010 0.000235 0.000079
0101111101 0.000210 0.000054
0101011101 0.000228 0.000039
1110100010 0.000079 0.000062
1100010101 0.000699 0.000091
1111011001 0.001039 0.000040
1001010010 0.000930 0.000096
1001000010 0.001266 0.000160
1111111101 0.000582 0.000135
1111000000 0.001501 0.000161
1100010011 0.000380 0.000034
1000001001 0.000595 0.000039
1111101100 0.000540 0.000127
1100111011 0.000048 0.000023
1101100100 0.000665 0.000116
0100011001 0.000076 0.000002
0000010001 0.000260 0.000042
0001100100 0.000997 0.000114
0011100100 0.000198 0.000120
0011011111 0.000264 0.000012
0101010111 0.000374 0.000066
1100001011 0.000241 0.000103
0111000110 0.000012 0.000026
0101000100 0.000711 0.000054
1111100011 0.000125 0.000036
1101011010 0.000760 0.000133
0101011110 0.000153 0.000032
1010101110 0.000195 0.000069
1001011101 0.000525 0.000138
0000111110 0.000545 0.000113
1011101011 0.000979 0.000161
1001000101 0.000380 0.000093
1001110111 0.001009 0.000029
1101001100 0.000832 0.000161
1011110110 0.000729 0.000111
1111010110 0.000739 0.000131
0110100001 0.000287 0.000102
1101101000 0.000639 0.000104
1010100001 0.000353 0.000106
1111011000 0.000277 0.000133
1001000111 0.000052 0.000013
1010000001 0.000521 0.000021
1110000001 0.000222 0.000071
0011100110 0.000165 0.000069
0110000000 0.000325 0.000170
1100101000 0.000414 0.000101
0111001111 0.000104 0.000027
1100000010 0.000532 0.000040
1011011010 0.000225 0.000072
0000001001 0.000647 0.000054
1001110010 0.000180 0.000075
0010000000 0.000347 0.000076
0001110000 0.000078 0.000062
1001010101 0.002507 0.000142
0110001101 0.000036 0.000007
1101010001 0.002742 0.000281
0100101100 0.000693 0.000019
0101110100 0.001073 0.000075
1100100010 0.000079 0.000003
1100011111 0.000987 0.000082
1101001010 0.000740 0.000244
0101100011 0.000065 0.000014
1001011001 0.000520 0.000045
1000111001 0.000022 0.000023
1101101100 0.000373 0.000053
0101110101 0.000211 0.000060
0000000100 0.000099 0.000033
1001001010 0.000111 0.000053
1101101010 0.000054 0.000022
1010101111 0.000218 0.000038
1101000110 0.000258 0.000090
1111101110 0.000544 0.000143
0010110011 0.000192 0.000099
1111010011 0.000733 0.000123
1110111000 0.000043 0.000036
1101110100 0.001455 0.000148
1101111110 0.000778 0.000114
1000010001 0.001249 0.000140
1000001000 0.000366 0.000100
1011111000 0.000032 0.000026
1000000100 0.000232 0.000082
0010101010 0.000928 0.000198
0111100000 0.000718 0.000202
0111010001 0.000037 0.000005
0011001000 0.000724 0.000158
0001011000 0.000063 0.000073
0100001000 0.001961 0.000068
1110110100 0.000266 0.000060
1100110010 0.000069 0.000024
0101011011 0.000261 0.000101
0111101110 0.000806 0.000143
1110000000 0.000326 0.000028
1111010101 0.000257 0.000098
1110011000 0.000070 0.000046
1111111010 0.000344 0.000061
0011110100 0.000188 0.000029
1110101001 0.000819 0.000031
0010110010 0.000078 0.000014
0010100100 0.000770 0.000061
1001011110 0.000169 0.000004
1111010111 0.001591 0.000057
1011010101 0.000200 0.000059
0001111101 0.000128 0.000021
1100100100 0.000650 0.000079
0100000001 0.001716 0.000173
0101100010 0.000264 0.000028
0010101100 0.000489 0.000050
1111111100 0.000428 0.000166
1000010011 0.000812 0.000117
1011100011 0.000346 0.000047
0100001101 0.000040 0.000036
1010100111 0.000074 0.000032
1111110100 0.000175 0.000030
1010110100 0.000365 0.000149
0101111100 0.000482 0.000139
0010000011 0.000318 0.000129
1110111010 0.000311 0.000047
1001111100 0.000180 0.000026
0100110101 0.000359 0.000065
1110101000 0.000681 0.000102
0010100101 0.000204 0.000038
0100010011 0.000063 0.000034
0100100001 0.000283 0.000122
0111000101 0.000003 0.000003
0111001101 0.000132 0.000045
0001011001 0.000141 0.000028
1101100001 0.000254 0.000047
0100010000 0.000174 0.000037
0011110101 0.000159 0.000062
0110100111 0.000040 0.000026
1001011011 0.000654 0.000139
1010000011 0.000324 0.000064
1111100010 0.000141 0.000103
1100000011 0.000199 0.000030
0011001101 0.000049 0.000032
0001110001 0.000126 0.000078
1111010001 0.000140 0.000036
1110000010 0.000125 0.000047
0100001110 0.000021 0.000015
0110110001 0.000018 0.000016
0111100001 0.000292 0.000025
0101010011 0.000299 0.000107
1111000100 0.000091 0.000027
0000101100 0.000308 0.000080
0101111000 0.000025 0.000019
0000110010 0.000051 0.000029
1111001111 0.000345 0.000131
0001001000 0.001437 0.000162
1001111001 0.000067 0.000026
0100001011 0.000182 0.000033
0100101110 0.000066 0.000011
1100110101 0.000442 0.000016
1110110101 0.000167 0.000052
1011100000 0.000319 0.000105
1110101100 0.000794 0.000038
0011110110 0.000949 0.000026
1011111100 0.000118 0.000045
1110101110 0.000640 0.000042
1001011111 0.000662 0.000120
1000000010 0.000344 0.000086
0010101111 0.000754 0.000147
0011011001 0.000126 0.000047
1111001101 0.000375 0.000078
1001000110 0.000107 0.000081
1000100110 0.000131 0.000025
1001111101 0.000168 0.000103
0110100100 0.000352 0.000074
1011011100 0.000014 0.000013
1011010100 0.000023 0.000016
0011110011 0.000166 0.000036
0100100010 0.000271 0.000061
0001101011 0.000064 0.000047
1110111101 0.000754 0.000185
0101100001 0.000502 0.000192
1100101100 0.000383 0.000047
0001011110 0.000010 0.000014
1010100010 0.000125 0.000015
1101101001 0.000155 0.000040
0001100010 0.000412 0.000065
0111101100 0.000756 0.000088
1001011100 0.000133 0.000012
1011001010 0.000421 0.000160
1100010010 0.000370 0.000140
1101000101 0.000527 0.000093
0101001101 0.000053 0.000029
1011101111 0.000114 0.000039
1000101100 0.000091 0.000037
1010000010 0.000150 0.000030
1010100000 0.000323 0.000062
0111001110 0.000265 0.000078
0010001011 0.000555 0.000119
1110000111 0.000017 0.000023
1110101111 0.000379 0.000111
1110011101 0.000271 0.000067
0101010110 0.000307 0.000087
0000010010 0.000062 0.000025
0011111011 0.000465 0.000111
0110110101 0.000229 0.000091
0101010010 0.000222 0.000011
1011011110 0.000223 0.000087
1101100110 0.000080 0.000025
1000011000 0.000034 0.000025
0100010101 0.000040 0.000018
1011111101 0.000146 0.000031
1000110011 0.000206 0.000051
0100010100 0.000103 0.000029
1101100011 0.000046 0.000034
0100010111 0.000149 0.000077
0111111010 0.000158 0.000111
0011101110 0.000203 0.000014
0001010111 0.000242 0.000049
0001101100 0.000150 0.000051
1110011010 0.000321 0.000052
1011110011 0.000375 0.000077
0011010111 0.000116 0.000026
0000100010 0.000575 0.000079
1101110010 0.000128 0.000035
1011010000 0.000066 0.000044
1110001111 0.000103 0.000062
1010010101 0.000047 0.000013
0010000010 0.000098 0.000037
0111101111 0.000454 0.000086
1011011101 0.000117 0.000022
1110100100 0.000165 0.000012
1111101010 0.000757 0.000246
0000110000 0.000186 0.000066
0101001100 0.000335 0.000084
1111000110 0.000078 0.000046
1100101110 0.000095 0.000040
1111110101 0.000113 0.000015
1101001110 0.000117 0.000039
1110110011 0.000075 0.000013
1101101101 0.000055 0.000008
1111101101 0.000423 0.000043
0011101101 0.000168 0.000057
0001000101 0.000210 0.000085
0011110010 0.000034 0.000034
1010001010 0.000178 0.000063
0001110010 0.000025 0.000018
1010110011 0.000254 0.000075
1111100111 0.000037 0.000039
0111110011 0.000034 0.000027
1011001000 0.000734 0.000080
0111001100 0.000147 0.000079
1000010010 0.000333 0.000057
1110001101 0.000110 0.000079
1011110010 0.000060 0.000012
0010011001 0.000037 0.000035
1110001100 0.000132 0.000055
1010001100 0.000002 0.000003
1010100100 0.000147 0.000075
0111011000 0.000063 0.000030
0110000001 0.000213 0.000041
1101001101 0.000293 0.000136
0101000111 0.000007 0.000010
1101110011 0.000055 0.000056
1100001101 0.000047 0.000035
1011110100 0.000105 0.000048
0000000011 0.000419 0.000098
1011101101 0.000045 0.000007
0101101001 0.000406 0.000086
0101010100 0.000486 0.000193
1001011010 0.000162 0.000057
0010111001 0.000138 0.000024
1111101111 0.000336 0.000052
0111100100 0.000193 0.000072
0111111001 0.000075 0.000034
0011011110 0.000044 0.000033
1100000101 0.000106 0.000053
1011111001 0.000126 0.000031
0001111111 0.000213 0.000060
0000100101 0.000173 0.000049
0100010001 0.000119 0.000067
0111100101 0.000026 0.000027
1101000111 0.000055 0.000018
1110010110 0.000227 0.000023
1010110010 0.000050 0.000027
1000011110 0.000020 0.000026
0111010011 0.000100 0.000075
1001011000 0.000173 0.000053
0110110010 0.000040 0.000006
0000101110 0.000087 0.000058
0010111010 0.000043 0.000029
0100100011 0.000050 0.000020
1011010010 0.000112 0.000006
1001100011 0.000156 0.000025
1110100001 0.000109 0.000064
1110111100 0.000644 0.000120
0001010101 0.000237 0.000051
0101101010 0.000232 0.000038
0111100111 0.000032 0.000026
1010001011 0.000651 0.000046
1000010000 0.000447 0.000046
0110011011 0.000174 0.000023
1011101100 0.000119 0.000053
0101110001 0.000034 0.000016
0011101111 0.000231 0.000033
1111010100 0.000136 0.000017
1000011100 0.000043 0.000035
0100000010 0.000303 0.000080
1111000010 0.000470 0.000126
1100111001 0.000041 0.000025
0110111010 0.000138 0.000032
1100100101 0.000010 0.000029
0101110011 0.000041 0.000015
1000001011 0.000049 0.000010
1000010110 0.000338 0.000099
1100101001 0.000114 0.000035
1111110010 0.000051 0.000048
1101110000 0.000153 0.000060
0100110010 0.000058 0.000051
1101111011 0.000077 0.000034
1101111001 0.000055 0.000010
0100111101 0.000392 0.000084
1100101011 0.000030 0.000023
0001101001 0.000341 0.000088
0110100011 0.000228 0.000129
0100011110 0.000094 0.000024
0100001100 0.000113 0.000059
1010101010 0.000168 0.000060
1000100011 0.000086 0.000024
1011100111 0.000077 0.000045
0110100101 0.000064 0.000028
0101100111 0.000012 0.000017
1100001010 0.000167 0.000023
0000010101 0.000090 0.000042
0110001100 0.000077 0.000051
0101000101 0.000103 0.000007
1110000100 0.000042 0.000045
1000111100 0.000280 0.000032
0111010110 0.000088 0.000034
0111110100 0.000104 0.000037
0010011111 0.000062 0.000060
1101111010 0.000096 0.000021
0010110100 0.000572 0.000162
0110010111 0.000032 0.000024
1000011011 0.000146 0.000004
1000011001 0.000155 0.000033
0110100110 0.000231 0.000054
1110100110 0.000078 0.000045
1011111010 0.000136 0.000086
1000000111 0.000017 0.000024
1011011000 0.000062 0.000025
1001101000 0.000139 0.000045
0011010010 0.000042 0.000024
1111111001 0.000110 0.000033
1010101101 0.000131 0.000027
0101011111 0.000242 0.000011
0010001010 0.000229 0.000039
0101110000 0.000042 0.000021
0011110001 0.000050 0.000022
1110101101 0.000163 0.000038
0001111100 0.000152 0.000028
1010110101 0.000252 0.000073
1111010010 0.000270 0.000059
0001010100 0.000197 0.000050
0010001000 0.000285 0.000062
0110001010 0.000403 0.000091
0111000100 0.000013 0.000015
0101011100 0.000246 0.000028
1100011010 0.000141 0.000066
0101011010 0.000100 0.000035
0100011000 0.000062 0.000016
0011010011 0.000203 0.000035
0001000110 0.000010 0.000014
1001100111 0.000023 0.000012
0000101111 0.000015 0.000013
1010101000 0.000247 0.000055
1100110001 0.000082 0.000015
1110100011 0.000015 0.000011
0111111100 0.000420 0.000051
0111011100 0.000079 0.000048
1111100100 0.000091 0.000023
0011011000 0.000011 0.000016
1110010100 0.000038 0.000026
1001111011 0.000072 0.000017
1011001101 0.000090 0.000011
0100100110 0.000191 0.000088
1001001011 0.000402 0.000085
0011010101 0.000026 0.000029
1011001100 0.000030 0.000042
1110011100 0.000120 0.000034
1000101001 0.000160 0.000029
0000101010 0.000091 0.000023
1100011000 0.000227 0.000041
1111010000 0.000095 0.000055
1011000101 0.000037 0.000040
1010010100 0.000031 0.000029
0000110001 0.000097 0.000011
0000010000 0.000076 0.000040
1111100101 0.000041 0.000004
0100000011 0.000157 0.000097
0001100110 0.000105 0.000038
0100100101 0.000027 0.000033
0001011100 0.000017 0.000022
1000100010 0.000140 0.000045
0010000110 0.000010 0.000014
1000001010 0.000021 0.000015
1000110010 0.000171 0.000012
0000000010 0.000197 0.000048
0111100010 0.000195 0.000050
0110000011 0.000132 0.000040
0101010101 0.000293 0.000063
1110000011 0.000133 0.000063
1101101110 0.000054 0.000031
0011010001 0.000108 0.000035
1101101011 0.000017 0.000013
1110010011 0.000139 0.000047
1110111001 0.000064 0.000037
0011010110 0.000023 0.000015
0101101110 0.000048 0.000032
0001100101 0.000023 0.000014
0111110001 0.000011 0.000014
0101111010 0.000027 0.000006
0100011111 0.000106 0.000029
0111011001 0.000094 0.000016
1010010010 0.000094 0.000036
0000001011 0.000085 0.000070
1100101010 0.000046 0.000012
1010111001 0.000106 0.000034
0000111011 0.000028 0.000004
1001101100 0.000033 0.000044
1001001100 0.000054 0.000024
0100011010 0.000058 0.000021
0110001110 0.000077 0.000015
0010010111 0.000022 0.000013
0110111001 0.000080 0.000032
0011010100 0.000022 0.000015
1100110011 0.000082 0.000014
0010110001 0.000041 0.000010
1000110000 0.000144 0.000047
0110001111 0.000037 0.000017
0100101001 0.000154 0.000105
0011100111 0.000029 0.000007
0011001100 0.000010 0.000014
0110010101 0.000031 0.000025
1110010001 0.000031 0.000025
0110110011 0.000022 0.000006
0001011111 0.000059 0.000029
1111000111 0.000043 0.000039
0000010110 0.000025 0.000027
0111010111 0.000135 0.000057
0001010110 0.000089 0.000043
1011000111 0.000019 0.000020
0100000101 0.000040 0.000031
0110000111 0.000006 0.000008
1000110001 0.000110 0.000044
0001110011 0.000073 0.000055
0100010110 0.000096 0.000053
1001111000 0.000012 0.000016
1000101000 0.000135 0.000058
1001111010 0.000040 0.000009
1011101110 0.000070 0.000044
0111010010 0.000058 0.000027
0111011101 0.000053 0.000030
0100101010 0.000133 0.000078
0100101101 0.000034 0.000022
0100111011 0.000009 0.000013
0101110010 0.000062 0.000026
1001100101 0.000069 0.000004
0110000010 0.000082 0.000017
1000000101 0.000169 0.000037
1000111000 0.000011 0.000014
1110100000 0.000118 0.000023
1100111000 0.000042 0.000008
1000011010 0.000073 0.000057
0101000110 0.000083 0.000037
1010000110 0.000010 0.000014
1000001110 0.000010 0.000014
0000010011 0.000100 0.000037
1001101101 0.000026 0.000020
1110100101 0.000017 0.000019
1010111100 0.000115 0.000085
0110011101 0.000018 0.000019
1101110001 0.000060 0.000015
0100111000 0.000037 0.000020
0010111000 0.000012 0.000008
1010010000 0.000040 0.000015
1010111010 0.000105 0.000030
0001111011 0.000011 0.000015
0001101010 0.000010 0.000011
1011110000 0.000013 0.000013
0011100101 0.000079 0.000058
0001001100 0.000021 0.000029
0101100110 0.000116 0.000079
0110000100 0.000021 0.000015
1000101011 0.000015 0.000020
0000011100 0.000001 0.000001
1111000101 0.000065 0.000021
1011100101 0.000043 0.000019
0111110010 0.000027 0.000021
0100110001 0.000032 0.000037
0100111010 0.000007 0.000007
1010010001 0.000052 0.000025
1111110000 0.000026 0.000007
1000101110 0.000026 0.000026
1110001110 0.000108 0.000019
0000000101 0.000048 0.000031
0110111000 0.000044 0.000010
1100100001 0.000136 0.000017
0100011101 0.000088 0.000070
1010001111 0.000034 0.000025
1000111011 0.000014 0.000012
0011001111 0.000014 0.000013
1010011010 0.000052 0.000033
1011110001 0.000085 0.000051
0100011011 0.000056 0.000015
0100110000 0.000077 0.000041
1000011101 0.000119 0.000074
1110100111 0.000035 0.000063
0111111000 0.000026 0.000003
1010010110 0.000037 0.000005
1101001111 0.000045 0.000037
1010011110 0.000062 0.000044
0010010001 0.000014 0.000008
0010010000 0.000019 0.000009
0100011100 0.000063 0.000040
0000110011 0.000064 0.000021
0011111001 0.000025 0.000015
1000001100 0.000022 0.000009
0101101101 0.000031 0.000001
0100101011 0.000018 0.000013
0001000111 0.000016 0.000006
0101111011 0.000023 0.000018
1111110001 0.000020 0.000016
0001001010 0.000044 0.000024
0110010010 0.000019 0.000012
0011000100 0.000041 0.000015
1110000101 0.000007 0.000006
0010010011 0.000052 0.000033
1100100011 0.000033 0.000017
0101100101 0.000038 0.000008
0100100111 0.000012 0.000003
1001100110 0.000046 0.000017
1011001110 0.000037 0.000019
1101101111 0.000017 0.000007
1100001110 0.000048 0.000032
1010011000 0.000012 0.000009
0011111010 0.000059 0.000022
0110011010 0.000014 0.000013
0000101011 0.000037 0.000012
0111010000 0.000046 0.000020
0000000111 0.000010 0.000014
1010000111 0.000002 0.000003
0010011110 0.000010 0.000014
1001101011 0.000017 0.000013
0000100111 0.000019 0.000023
1000000110 0.000022 0.000013
1000101101 0.000002 0.000002
0101001110 0.000012 0.000016
1010011100 0.000011 0.000015
1100101101 0.000010 0.000015
0000101101 0.000036 0.000032
1010011101 0.000007 0.000008
1011000110 0.000032 0.000027
0011011010 0.000018 0.000022
0011111000 0.000020 0.000014
0111010101 0.000011 0.000016
0100111001 0.000005 0.000007
1100111010 0.000026 0.000020
1110110001 0.000015 0.000011
0001011010 0.000020 0.000014
0111110000 0.000014 0.000013
1000100101 0.000039 0.000041
1010110001 0.000037 0.000041
0110010001 0.000012 0.000014
1101100101 0.000091 0.000076
1001001110 0.000001 0.000001
1110010010 0.000010 0.000015
1011000100 0.000051 0.000044
1011100100 0.000052 0.000039
1010000100 0.000000 0.000000
0100000111 0.000007 0.000010
0010001111 0.000001 0.000002
0110011001 0.000037 0.000026
0000010100 0.000013 0.000013
1110110010 0.000045 0.000032
0100110011 0.000041 0.000029
0000011111 0.000011 0.000015
0011011101 0.000004 0.000007
0001001101 0.000029 0.000025
1110010000 0.000010 0.000015
0001011101 0.000034 0.000026
1110000110 0.000003 0.000018
1100000110 0.000027 0.000021
0011000101 0.000004 0.000006
0001100111 0.000021 0.000015
0011010000 0.000030 0.000029
1011100110 0.000021 0.000015
0000011011 0.000015 0.000019
0000011001 0.000029 0.000026
1001001101 0.000065 0.000055
0110010000 0.000017 0.000010
0000000110 0.000010 0.000015
0101101111 0.000001 0.000001
0111010100 0.000005 0.000007
0010010101 0.000010 0.000014
0111000111 0.000017 0.000013
1010000101 0.000021 0.000015
0000011101 0.000010 0.000015
0110010110 0.000031 0.000025
0010010110 0.000003 0.000005
0010001100 0.000010 0.000015
1110110000 0.000017 0.000000
0011110000 0.000006 0.000009
1101100111 0.000000 0.000000
0001101101 0.000021 0.000029
0000111000 0.000010 0.000014
0100001111 0.000010 0.000015
0000011010 0.000010 0.000015
0001111001 0.000008 0.000011
0110010100 0.000010 0.000015
0010000100 0.000017 0.000024
0100101111 0.000010 0.000015
0100000110 0.000000 0.000000
0011000111 0.000010 0.000015
0000001010 0.000003 0.000019
0000011110 0.000010 0.000015
0001101110 0.000002 0.000004
1010001110 0.000010 0.000015
0010000101 0.000005 0.000008
0011011100 0.000002 0.000002
0010000111 0.000007 0.000010
1000001111 0.000010 0.000015
