11100 0.224291 0.002009
00011 0.204647 0.000968
11000 0.017908 0.000703
11001 0.044513 0.000847
00111 0.037450 0.000825
10111 0.044319 0.000203
11101 0.091919 0.001385
10011 0.039669 0.001222
01011 0.027186 0.000722
11011 0.010793 0.000782
11111 0.017879 0.000508
00110 0.025351 0.000457
10100 0.009955 0.000138
01010 0.006123 0.000530
00010 0.048799 0.001176
10001 0.011346 0.000555
01100 0.022538 0.001633
10110 0.012976 0.001170
01001 0.021402 0.000219
01000 0.022669 0.000516
01101 0.007210 0.000188
11110 0.008337 0.000713
10101 0.016068 0.000680
01111 0.005783 0.000110
10010 0.002486 0.000292
00101 0.001729 0.000177
00001 0.007231 0.000058
10000 0.000927 0.000197
00100 0.001410 0.000069
01110 0.003801 0.000374
00000 0.001995 0.000015
11010 0.001287 0.000143
