100001 0.062272 0.001200
000101 0.031245 0.001349
010110 0.008810 0.000134
111111 0.046833 0.001247
100101 0.028819 0.000874
000001 0.030935 0.000142
111010 0.038920 0.000372
111000 0.015900 0.000632
100110 0.002243 0.000017
100011 0.046005 0.000517
101011 0.011103 0.000371
011101 0.008641 0.001008
001110 0.020015 0.001285
000011 0.023052 0.000570
111101 0.030719 0.001869
111110 0.060497 0.002078
011011 0.003552 0.000301
000110 0.015202 0.000440
101001 0.009884 0.000821
110101 0.019919 0.001856
100100 0.003071 0.000198
011111 0.012343 0.000260
000111 0.024040 0.000456
100010 0.003531 0.000173
110000 0.004619 0.000321
110001 0.013126 0.000831
111011 0.028778 0.001523
110011 0.010411 0.000815
110110 0.006549 0.000253
001100 0.012897 0.000330
010100 0.012381 0.000384
011110 0.056372 0.001564
100111 0.021046 0.000157
011000 0.007293 0.000304
011010 0.015751 0.000838
101111 0.011594 0.000670
000100 0.023004 0.000829
011100 0.032816 0.000406
000000 0.017144 0.000905
000010 0.012498 0.000945
100000 0.004978 0.000534
110100 0.008423 0.000209
001000 0.004436 0.000246
110010 0.003607 0.000399
010101 0.007715 0.000103
010111 0.006918 0.000732
001111 0.007584 0.000493
111001 0.016148 0.001039
101110 0.004668 0.000439
110111 0.016549 0.000499
001011 0.003060 0.000269
111100 0.027480 0.000562
101101 0.009689 0.000327
011001 0.002011 0.000101
001001 0.002722 0.000372
101010 0.003603 0.000152
001101 0.005857 0.000466
001010 0.006813 0.000145
010000 0.002878 0.000234
010010 0.002200 0.000484
010001 0.002175 0.000324
010011 0.002155 0.000351
101000 0.002014 0.000177
101100 0.002488 0.000345
