01100 0.186175 0.001062
10011 0.164785 0.002909
10100 0.029570 0.000135
11011 0.135435 0.001621
00100 0.100466 0.002004
11100 0.059818 0.000950
10111 0.013532 0.000793
01011 0.040894 0.001219
00111 0.011440 0.000865
01110 0.013648 0.000519
00011 0.061872 0.001339
01010 0.004016 0.000451
00110 0.018082 0.000786
01111 0.013453 0.000831
11010 0.003850 0.000383
11101 0.037991 0.001679
11001 0.021015 0.001049
11111 0.022193 0.000791
00010 0.006762 0.000335
10010 0.004816 0.000351
01101 0.012208 0.000383
10101 0.009520 0.000671
10110 0.003791 0.000327
01001 0.000706 0.000174
00101 0.003722 0.000385
11000 0.005764 0.000618
10001 0.004793 0.000473
10000 0.002683 0.000182
00000 0.001180 0.000170
11110 0.003933 0.000221
01000 0.001682 0.000102
00001 0.000204 0.000094
