00010 0.088060 0.001891
11011 0.046040 0.001508
11001 0.015300 0.000850
00011 0.030140 0.001101
11101 0.116060 0.001297
01110 0.014760 0.000990
10100 0.016820 0.000397
01101 0.099280 0.002461
10101 0.029120 0.000382
00000 0.017360 0.000407
00101 0.012120 0.000455
01010 0.034220 0.000352
10001 0.013700 0.000495
10010 0.079460 0.002701
10011 0.050040 0.000344
11111 0.061900 0.000487
01111 0.037880 0.001496
11100 0.030280 0.000232
11010 0.028860 0.000612
01100 0.029260 0.000260
11110 0.019280 0.000344
01011 0.027200 0.000747
10111 0.020100 0.000872
10110 0.013220 0.001082
10000 0.016700 0.000678
