01001111 0.031847 0.000666
10110001 0.114417 0.001810
11111011 0.032512 0.000987
00110101 0.018258 0.000041
11111110 0.018497 0.000242
00000101 0.021663 0.000489
10110011 0.013768 0.000324
11111010 0.015509 0.001010
10110000 0.014081 0.000734
10110101 0.041785 0.000733
11111111 0.012578 0.000394
01000110 0.023915 0.000479
10110100 0.020340 0.000048
01001011 0.023407 0.000510
01001110 0.101945 0.001903
10111001 0.026275 0.000268
00000100 0.017871 0.000783
01001010 0.025587 0.000265
10100001 0.013945 0.001131
01111110 0.018378 0.000410
01000111 0.011806 0.000346
10111011 0.012685 0.000268
00110100 0.013194 0.000706
01011110 0.014521 0.000166
