1000010 0.042477 0.001146
1100010 0.025720 0.000703
0111101 0.037235 0.000570
0000010 0.141211 0.002394
0110010 0.026060 0.001015
1111101 0.093780 0.002271
1011101 0.075104 0.001054
0100010 0.050095 0.001235
1110010 0.048943 0.000667
1101101 0.010430 0.000254
1110011 0.027408 0.001195
0011101 0.043056 0.000619
1111111 0.010102 0.000415
0001101 0.027810 0.000902
1100001 0.022974 0.000470
1010010 0.022195 0.000823
0010010 0.015723 0.000364
0001100 0.011062 0.000426
1000001 0.015955 0.000795
0101101 0.016991 0.000355
1111001 0.011771 0.000394
