010000 0.193282 0.001728
101111 0.199314 0.001990
001111 0.014585 0.000583
010001 0.139936 0.002797
011000 0.010964 0.000181
110000 0.020129 0.000594
111111 0.013084 0.000229
011001 0.012355 0.000101
111101 0.019889 0.000967
110001 0.014295 0.000767
010010 0.044354 0.001288
010011 0.020410 0.000672
010101 0.012156 0.000419
101110 0.079430 0.002145
000110 0.020085 0.000333
111001 0.026619 0.000220
111000 0.017763 0.000351
000111 0.012677 0.000340
101101 0.020858 0.000222
001110 0.011426 0.000568
