00100101 0.006705 0.000151
10010111 0.004456 0.000429
01100100 0.033907 0.000252
10011100 0.010106 0.000592
10001110 0.000488 0.000095
10111101 0.007942 0.000239
10011101 0.019345 0.000486
10011111 0.074960 0.001639
11001010 0.023921 0.000914
11011111 0.012172 0.001020
11011011 0.011994 0.000417
10011010 0.037025 0.000330
01001011 0.003926 0.000175
01100000 0.067584 0.000305
10011110 0.045556 0.000728
11111101 0.003564 0.000246
11011101 0.006161 0.000494
11101010 0.020158 0.000256
10111001 0.000720 0.000136
01101010 0.014928 0.001098
00100100 0.003586 0.000264
10111010 0.004358 0.000092
10011011 0.038261 0.000452
01101011 0.007744 0.000501
01111101 0.003241 0.000067
00111010 0.000729 0.000051
01110101 0.020683 0.000660
11010101 0.012963 0.000278
00101011 0.008442 0.000346
10001010 0.019181 0.000391
11001011 0.008949 0.000552
01100001 0.035002 0.001429
11101011 0.008752 0.000621
00001010 0.005140 0.000263
00111001 0.002737 0.000292
10111111 0.008025 0.000790
00100000 0.008953 0.000592
01010101 0.014548 0.000257
11100100 0.003324 0.000330
00101100 0.001679 0.000293
11010111 0.002996 0.000287
00101010 0.011270 0.000334
01000101 0.010741 0.000327
00110101 0.008913 0.000581
10010100 0.005529 0.000504
00010101 0.006608 0.000665
01100101 0.032512 0.001325
11000100 0.002392 0.000369
00101101 0.004058 0.000422
11110101 0.005848 0.000266
10001111 0.000276 0.000091
01110000 0.001614 0.000279
11001110 0.000589 0.000029
01100011 0.003602 0.000631
01110111 0.000382 0.000016
00100010 0.001939 0.000102
00111101 0.007839 0.000369
00101001 0.009093 0.000412
11011010 0.007845 0.000240
10111011 0.008995 0.000261
01000100 0.010456 0.000241
01111111 0.000422 0.000188
01000010 0.005494 0.000785
11111111 0.002231 0.000243
01011101 0.001461 0.000155
00011101 0.003298 0.000485
00011111 0.001440 0.000192
00000100 0.001110 0.000040
11010110 0.000931 0.000065
01000011 0.001824 0.000307
00100001 0.009359 0.000541
11111011 0.005822 0.000635
10010101 0.009770 0.000531
11010100 0.004240 0.000029
00000010 0.000906 0.000190
11000111 0.000183 0.000115
01100010 0.008577 0.000620
00010110 0.000176 0.000050
10010110 0.002840 0.000390
01110010 0.000231 0.000096
10101010 0.011074 0.000696
01101001 0.006713 0.000496
00111011 0.003223 0.000157
01101000 0.009278 0.000451
10101011 0.005173 0.000088
11100010 0.002842 0.000166
10001011 0.003745 0.000087
10010010 0.000917 0.000047
11010011 0.001275 0.000211
01000000 0.005181 0.000276
01010100 0.003475 0.000398
00010111 0.000711 0.000065
11000101 0.001285 0.000076
01001010 0.007572 0.000422
01110011 0.000465 0.000046
01101100 0.001919 0.000177
11101001 0.000910 0.000027
01110100 0.006096 0.000336
11011110 0.002408 0.000073
11101110 0.000416 0.000109
11100000 0.002363 0.000126
11000010 0.003701 0.000388
00001000 0.000229 0.000076
00111111 0.000965 0.000108
11111100 0.000545 0.000062
11111110 0.000617 0.000220
01101101 0.003698 0.000273
01110001 0.004413 0.000295
11101000 0.001425 0.000236
01001101 0.000773 0.000171
00101000 0.008417 0.000558
00011011 0.003053 0.000111
00110001 0.002362 0.000138
11000000 0.000523 0.000043
01101111 0.000451 0.000052
01101110 0.000341 0.000082
01001001 0.000354 0.000074
11111010 0.003845 0.000430
01011011 0.001454 0.000107
10110101 0.003231 0.000116
11001111 0.000354 0.000121
11100101 0.001927 0.000428
01010011 0.000428 0.000084
01000001 0.002160 0.000114
00001101 0.000414 0.000103
00001100 0.000251 0.000060
00010100 0.001507 0.000341
00110011 0.000317 0.000039
11110011 0.000561 0.000084
01011111 0.000413 0.000097
00011010 0.001249 0.000131
01010111 0.000653 0.000120
10111100 0.001886 0.000284
10101100 0.000340 0.000086
00001011 0.001609 0.000113
01111001 0.001241 0.000177
00110000 0.000423 0.000243
01111011 0.001550 0.000239
10110111 0.000559 0.000092
10101000 0.000619 0.000022
01100110 0.000814 0.000014
10111110 0.001833 0.000070
11110100 0.002355 0.000167
11010010 0.001097 0.000074
10111000 0.000302 0.000080
11110001 0.000420 0.000066
10100010 0.000322 0.000075
10101101 0.000367 0.000009
01001000 0.000644 0.000180
10101110 0.000311 0.000017
01010001 0.000387 0.000112
10100101 0.000172 0.000091
01001100 0.000544 0.000156
11011100 0.001199 0.000097
10101001 0.000476 0.000112
01111100 0.000454 0.000059
00101110 0.000325 0.000024
11100011 0.000830 0.000145
11100001 0.000966 0.000011
11000011 0.000977 0.000232
00100011 0.001306 0.000369
10110001 0.000171 0.000081
00000000 0.000368 0.000082
00011110 0.000202 0.000055
00111000 0.000437 0.000043
11110110 0.000197 0.000049
11100110 0.000272 0.000076
01010000 0.000253 0.000048
01111010 0.000522 0.000083
01011010 0.000594 0.000101
00011100 0.000417 0.000098
01001110 0.000216 0.000045
11111000 0.000317 0.000135
11110111 0.000568 0.000178
00000101 0.000890 0.000091
10000011 0.000117 0.000047
11000110 0.000470 0.000077
00111100 0.000620 0.000175
11110000 0.000314 0.000198
10000010 0.000707 0.000074
01010110 0.000208 0.000024
11101101 0.000641 0.000225
00010000 0.000050 0.000077
11110010 0.000455 0.000152
01010010 0.000231 0.000120
01100111 0.000586 0.000037
00110100 0.001289 0.000143
00101111 0.000349 0.000076
00001111 0.000125 0.000052
01001111 0.000132 0.000055
10100000 0.000174 0.000022
00010001 0.000061 0.000047
00100111 0.000108 0.000020
10001000 0.000050 0.000036
10100100 0.000208 0.000043
01000110 0.000589 0.000116
00010010 0.000238 0.000036
00000110 0.000064 0.000043
10001100 0.000075 0.000012
10101111 0.000198 0.000036
11101111 0.000292 0.000069
10100011 0.000108 0.000022
00111110 0.000166 0.000053
00110111 0.000208 0.000016
01011100 0.000080 0.000053
11111001 0.000540 0.000133
01000111 0.000429 0.000077
11001100 0.000339 0.000095
00001110 0.000131 0.000081
10011001 0.000089 0.000023
11101100 0.000419 0.000101
10110100 0.000818 0.000227
10110010 0.000153 0.000059
10000100 0.000226 0.000051
10010011 0.000778 0.000080
11001000 0.000192 0.000038
00000011 0.000170 0.000060
00011001 0.000084 0.000021
10010001 0.000023 0.000015
00010011 0.000213 0.000039
11000001 0.000255 0.000162
11001101 0.000273 0.000141
01110110 0.000084 0.000042
10000101 0.000020 0.000022
11100111 0.000200 0.000076
10110011 0.000201 0.000050
10110110 0.000186 0.000057
00001001 0.000081 0.000005
11010000 0.000099 0.000021
10010000 0.000014 0.000019
11011001 0.000129 0.000060
01111000 0.000253 0.000068
00100110 0.000124 0.000060
01111110 0.000028 0.000020
10000001 0.000029 0.000040
00110010 0.000105 0.000031
10110000 0.000051 0.000041
01011001 0.000106 0.000027
00000001 0.000091 0.000041
00000111 0.000084 0.000041
10100001 0.000205 0.000083
11010001 0.000186 0.000070
01011110 0.000100 0.000019
00110110 0.000032 0.000023
11001001 0.000072 0.000035
10100111 0.000017 0.000017
11011000 0.000035 0.000024
10001101 0.000059 0.000026
10100110 0.000056 0.000052
01011000 0.000029 0.000035
10000111 0.000001 0.000001
10011000 0.000043 0.000025
10000110 0.000035 0.000025
00011000 0.000015 0.000019
10000000 0.000038 0.000056
