00001 0.060388 0.001790
00101 0.250210 0.000859
11001 0.001631 0.000175
00111 0.030544 0.000259
11010 0.367823 0.000826
11111 0.052849 0.001875
00000 0.061993 0.000309
10101 0.009459 0.000350
10001 0.004112 0.000395
10111 0.031325 0.000380
10011 0.003157 0.000188
11110 0.032293 0.000886
00110 0.000089 0.000019
00010 0.001805 0.000254
11000 0.024747 0.001013
11101 0.002130 0.000182
11011 0.010781 0.000568
01000 0.016658 0.000901
01111 0.002736 0.000463
10000 0.005589 0.000248
01010 0.011165 0.000519
00100 0.002488 0.000192
01100 0.001093 0.000105
01101 0.002141 0.000313
11100 0.001870 0.000271
10010 0.002535 0.000354
00011 0.003344 0.000291
01001 0.002782 0.000436
10100 0.000237 0.000117
10110 0.000118 0.000055
01110 0.001288 0.000048
01011 0.000620 0.000065
