1111010 0.067462 0.000760
1111000 0.024831 0.000376
1111100 0.007756 0.000293
1011000 0.021116 0.000165
1011100 0.015899 0.000219
0110100 0.012300 0.000644
0110000 0.009219 0.000735
0010100 0.017746 0.000286
1000001 0.004846 0.000355
1001000 0.005574 0.000679
0001010 0.002561 0.000105
1100010 0.000659 0.000026
1101011 0.014243 0.000400
1100011 0.037336 0.000328
0111010 0.020123 0.000645
1001010 0.005549 0.000519
0011000 0.018061 0.001062
1100111 0.040966 0.000809
0000111 0.020688 0.000387
1001100 0.006105 0.000042
1111110 0.017043 0.000828
1011011 0.008514 0.000171
1011111 0.006762 0.000261
0111000 0.011542 0.000804
0100100 0.006786 0.000316
1110111 0.011710 0.000090
0000000 0.007431 0.000170
1000011 0.008854 0.000451
1011010 0.024939 0.000337
1010111 0.003833 0.000243
0100011 0.023384 0.000313
0100111 0.028698 0.000873
1001110 0.004092 0.000044
1000101 0.017066 0.000257
0110111 0.008351 0.000293
1110011 0.011873 0.000665
0111110 0.004263 0.000624
0100000 0.003968 0.000479
1010011 0.001368 0.000151
1011110 0.014911 0.001489
1000111 0.027521 0.000550
1110001 0.005448 0.000414
1001011 0.007897 0.000519
0000100 0.033686 0.000736
0011010 0.011518 0.000316
0011110 0.005897 0.000486
1001111 0.010014 0.000448
0010111 0.003095 0.000086
1101111 0.007706 0.000401
1111011 0.031929 0.000963
1100001 0.012986 0.000466
1110101 0.005640 0.000343
0111011 0.004622 0.000228
0100001 0.011475 0.000446
0100101 0.015298 0.000259
1100101 0.015589 0.000277
0001000 0.004617 0.000188
0000001 0.005809 0.000282
0000101 0.025898 0.001301
1011001 0.002204 0.000195
1000100 0.009237 0.000405
0011111 0.001611 0.000042
1010100 0.005846 0.000478
0110010 0.002765 0.000040
1111111 0.011717 0.000586
1110100 0.006867 0.000779
1110000 0.005826 0.000350
0010011 0.001334 0.000241
0011011 0.001424 0.000178
0100010 0.000953 0.000154
0011100 0.014081 0.000283
0110011 0.008715 0.000471
1101010 0.002320 0.000481
0010000 0.004786 0.000187
0000011 0.006491 0.000256
1001001 0.001912 0.000285
0110001 0.003810 0.000526
0001111 0.002083 0.000135
1101000 0.000729 0.000083
0011101 0.000801 0.000168
0001100 0.005312 0.000379
0110101 0.005023 0.000234
0111111 0.002151 0.000144
1100100 0.003298 0.000127
1101001 0.001611 0.000101
1000000 0.002023 0.000254
0001110 0.001720 0.000190
0001011 0.001585 0.000169
0100110 0.001008 0.000033
0110110 0.002933 0.000156
1110010 0.002682 0.000175
1001101 0.002516 0.000151
0000110 0.001964 0.000187
0010101 0.003852 0.000188
0001101 0.000983 0.000132
0001001 0.000732 0.000264
1010010 0.000551 0.000138
1010110 0.001069 0.000222
1000110 0.001001 0.000150
0101011 0.002449 0.000281
1111101 0.002177 0.000038
0000010 0.000528 0.000062
0111001 0.000550 0.000131
1111001 0.004054 0.000147
0111100 0.003767 0.000250
1010000 0.002080 0.000240
0010010 0.000562 0.000143
0010110 0.001562 0.000299
1100000 0.002173 0.000174
1010101 0.002908 0.000287
1110110 0.002655 0.000399
1011101 0.002036 0.000179
0101111 0.001366 0.000194
1100110 0.000755 0.000221
0101010 0.000577 0.000044
0101101 0.000192 0.000029
1000010 0.000455 0.000053
1010001 0.001190 0.000144
0111101 0.000436 0.000297
0101000 0.000276 0.000080
0010001 0.001272 0.000113
1101101 0.000981 0.000136
0011001 0.000620 0.000077
1101110 0.000731 0.000133
0101001 0.000349 0.000078
1101100 0.000304 0.000078
0101110 0.000207 0.000074
0101100 0.000186 0.000086
