0100001 0.101988 0.001566
1000110 0.005330 0.000214
1011111 0.025371 0.000571
0101100 0.003545 0.000136
1010110 0.101630 0.000212
0111111 0.002590 0.000430
1101101 0.034042 0.000397
1101001 0.046756 0.001004
0110110 0.003101 0.000102
1010111 0.032678 0.000992
1111010 0.004841 0.000740
0101001 0.061358 0.001309
0110011 0.016570 0.000376
0010110 0.026238 0.000680
1011110 0.103938 0.001557
0011011 0.001450 0.000179
0100100 0.004799 0.000363
0011010 0.005128 0.000207
0011110 0.009102 0.000942
1111111 0.009388 0.000592
1001100 0.003717 0.000166
0110001 0.016507 0.000735
1010010 0.006085 0.000257
1000101 0.006360 0.000107
1101100 0.016921 0.000089
0000101 0.004006 0.000052
0010101 0.003075 0.000144
1111110 0.010702 0.000465
1110101 0.001357 0.000080
0100011 0.003181 0.000033
1101011 0.007268 0.000253
1110011 0.003801 0.000212
1101000 0.013661 0.000310
0101000 0.013171 0.000153
0111011 0.010332 0.000293
0101011 0.004837 0.000503
0001101 0.000402 0.000116
0011111 0.003710 0.000338
0100000 0.019104 0.000292
0010100 0.003246 0.000178
0110010 0.007474 0.000176
0000001 0.002751 0.000387
0111010 0.005804 0.000346
0110000 0.005373 0.000139
1100111 0.002119 0.000188
1100000 0.002669 0.000178
0010010 0.016527 0.000615
0010111 0.013553 0.000325
1110110 0.005151 0.000461
1001110 0.009678 0.000451
1100001 0.017373 0.000714
0100101 0.015673 0.000789
0101101 0.009700 0.000343
0111110 0.002449 0.000076
0000010 0.000282 0.000077
1111011 0.006115 0.000176
1110100 0.000338 0.000119
1110000 0.000300 0.000049
1101111 0.008535 0.000794
0010001 0.002502 0.000114
1100101 0.013295 0.000498
1000100 0.004638 0.000652
0010011 0.007884 0.000250
1110111 0.006833 0.000406
1010011 0.002774 0.000254
1000111 0.003374 0.000147
1101010 0.002144 0.000327
1011011 0.002223 0.000455
1100110 0.000838 0.000109
0000100 0.001931 0.000161
0111001 0.003881 0.000075
0000111 0.000742 0.000075
0010000 0.002424 0.000289
1011100 0.000428 0.000069
1100011 0.001560 0.000192
1100010 0.000418 0.000105
0110111 0.005111 0.000767
1111001 0.000682 0.000070
1001111 0.005795 0.000505
1001101 0.002529 0.000301
1101110 0.003751 0.000170
1110001 0.000911 0.000023
0100111 0.000628 0.000014
0110101 0.003993 0.000320
1000001 0.000880 0.000247
0000000 0.001956 0.000386
0001100 0.000379 0.000148
1100100 0.003858 0.000227
1001011 0.000696 0.000199
1011010 0.007346 0.000515
0110100 0.001592 0.000207
0111000 0.001626 0.000106
1010100 0.001529 0.000140
1111101 0.000978 0.000135
0111101 0.000841 0.000048
1010101 0.001324 0.000135
1110010 0.001931 0.000295
1000000 0.000365 0.000124
0001000 0.000421 0.000104
1001001 0.000309 0.000078
1001000 0.000430 0.000178
0111100 0.000364 0.000016
0101110 0.000388 0.000086
0000110 0.000375 0.000107
0001111 0.000278 0.000052
1111100 0.000699 0.000212
0000011 0.000328 0.000077
0101010 0.000822 0.000077
0011100 0.000165 0.000104
1011101 0.000222 0.000035
1001010 0.000747 0.000184
1111000 0.000529 0.000213
1000010 0.000435 0.000042
0101111 0.001219 0.000258
0001011 0.000162 0.000059
1000011 0.000368 0.000068
0001001 0.000191 0.000039
0011101 0.000090 0.000037
0011000 0.000189 0.000103
0001110 0.000186 0.000071
0100010 0.000518 0.000043
1010001 0.000279 0.000152
0001010 0.000046 0.000028
1010000 0.000143 0.000066
1011001 0.000060 0.000025
0011001 0.000075 0.000055
0100110 0.000152 0.000019
1011000 0.000067 0.000047
