1101101 0.008105 0.000031
0110100 0.079152 0.000725
0000011 0.014464 0.000510
0111000 0.012361 0.000591
0011100 0.017760 0.001232
1000011 0.079941 0.001018
1100111 0.030037 0.000700
1001011 0.056705 0.000406
0100011 0.005785 0.000521
1111110 0.010262 0.000513
1001111 0.044673 0.000710
1100110 0.003225 0.000052
0110111 0.002557 0.000323
0111100 0.085949 0.001022
0101101 0.000588 0.000023
1011111 0.012787 0.000073
0110000 0.022432 0.000666
1100011 0.017418 0.000045
0111110 0.028158 0.001004
0011101 0.002269 0.000222
1101011 0.009730 0.000247
0110110 0.025924 0.001185
1000111 0.031997 0.000633
0110010 0.014995 0.000443
1001001 0.006186 0.000422
1011011 0.017599 0.000776
1111100 0.018027 0.001136
1011101 0.015790 0.000327
1100101 0.009212 0.000399
0100110 0.012460 0.000474
1101111 0.037721 0.000364
0010001 0.004178 0.000260
1011001 0.007686 0.000361
0100100 0.004702 0.000153
1100100 0.001257 0.000109
1000101 0.014178 0.000429
0100111 0.007023 0.000672
0010011 0.004787 0.000384
0101011 0.000295 0.000094
1110111 0.003153 0.000097
0010101 0.002321 0.000155
0010100 0.009464 0.000205
1111101 0.009335 0.000320
0011000 0.009636 0.000334
0100010 0.005806 0.000710
1111111 0.011296 0.000614
0110101 0.004617 0.000251
1010111 0.003160 0.000182
0011010 0.002576 0.000219
1001101 0.014566 0.001554
0111010 0.006740 0.000085
1011100 0.005331 0.000639
1010011 0.007429 0.000448
1000001 0.011479 0.000230
0011110 0.003416 0.000450
0010000 0.009733 0.000055
0010110 0.002007 0.000018
0000111 0.003670 0.000426
0001111 0.001377 0.000138
0101110 0.004794 0.000522
1110100 0.003942 0.000289
0111101 0.002957 0.000171
1110110 0.001309 0.000286
1101110 0.008648 0.000673
0001110 0.000680 0.000146
1111000 0.001497 0.000127
0110011 0.002339 0.000169
1101100 0.001865 0.000142
1010001 0.005126 0.000164
1100001 0.001402 0.000221
1011110 0.001611 0.000200
1010101 0.004261 0.000843
0010010 0.002933 0.000357
0100101 0.002812 0.000534
0111111 0.001902 0.000404
0001001 0.000195 0.000015
0000001 0.002562 0.000220
1001010 0.000784 0.000155
0001100 0.000355 0.000144
0011111 0.001145 0.000126
0000101 0.001912 0.000150
1100010 0.000808 0.000190
0101010 0.000730 0.000040
1110000 0.000605 0.000026
1111011 0.003571 0.000505
1010010 0.000179 0.000080
0001101 0.000545 0.000187
0101111 0.001848 0.000037
1110101 0.003403 0.000312
1001110 0.001183 0.000068
1110011 0.002309 0.000184
1010110 0.000087 0.000024
1000010 0.000293 0.000136
1111010 0.001833 0.000440
1110010 0.000740 0.000112
1000110 0.000245 0.000131
1110001 0.000946 0.000070
0100000 0.000705 0.000219
1101010 0.001173 0.000163
1001000 0.000124 0.000045
1011010 0.001274 0.000033
1011000 0.001765 0.000198
0110001 0.001710 0.000189
0011001 0.000949 0.000136
0010111 0.001343 0.000203
0100001 0.000522 0.000047
0000100 0.000671 0.000005
1001100 0.000350 0.000135
0001011 0.000808 0.000104
0111011 0.000498 0.000188
0011011 0.000603 0.000044
0101100 0.001573 0.000125
0000010 0.001276 0.000273
1111001 0.000943 0.000234
0000110 0.001047 0.000218
0101000 0.000117 0.000029
1010000 0.000322 0.000018
1101001 0.000525 0.000155
1010100 0.000594 0.000176
0001010 0.000235 0.000088
1101000 0.000047 0.000016
0000000 0.000337 0.000167
0111001 0.000226 0.000068
1000100 0.000160 0.000036
0101001 0.000048 0.000037
1100000 0.000086 0.000111
0001000 0.000094 0.000092
1000000 0.000031 0.000000
