0111100 0.069350 0.002283
1010011 0.053969 0.001082
1001011 0.078397 0.001329
0110100 0.075333 0.000898
0110110 0.017773 0.000208
1000011 0.083208 0.002030
0100101 0.042343 0.001194
0111110 0.016120 0.000679
0101100 0.058610 0.000551
1111011 0.010664 0.000275
0111101 0.012585 0.000505
1011011 0.058584 0.001101
0100100 0.063200 0.001582
0110101 0.036101 0.000422
1111110 0.017750 0.000330
1111010 0.011887 0.000115
1011010 0.021834 0.000224
1001010 0.013094 0.000216
0101110 0.011434 0.000581
0100110 0.011467 0.000514
0101101 0.012169 0.000640
