0001000 0.020873 0.000181
1010110 0.050123 0.002471
0111001 0.086437 0.000684
1000110 0.045908 0.000171
0010001 0.013852 0.000290
0111101 0.024841 0.000834
0101000 0.043131 0.000344
0101001 0.044302 0.000561
0111000 0.031845 0.000611
1010010 0.012866 0.000704
1100010 0.010286 0.000867
1100110 0.015124 0.000188
0101100 0.010561 0.000969
1100011 0.010413 0.000171
1111101 0.013646 0.000713
1010111 0.040355 0.000657
1111111 0.019362 0.000718
1101111 0.012535 0.000177
1101110 0.011918 0.000603
1000111 0.013710 0.000324
0011000 0.016755 0.000231
1000010 0.028966 0.000280
1010011 0.011919 0.000804
0011001 0.018920 0.000437
1100111 0.015380 0.000406
1110111 0.021522 0.000203
0110001 0.014905 0.000476
