1111010 0.057367 0.001155
1110110 0.013410 0.000594
0100100 0.000399 0.000108
1010010 0.007347 0.000394
0101001 0.019551 0.001136
0111111 0.022361 0.001035
1010111 0.038710 0.000286
1000111 0.028453 0.000699
1111111 0.028607 0.000955
1000110 0.011330 0.000302
0000000 0.061225 0.001471
1111011 0.012368 0.000842
0011011 0.015046 0.000438
1100111 0.006656 0.000338
0001111 0.016138 0.001379
0101111 0.009322 0.000211
0100101 0.001937 0.000222
1011110 0.001538 0.000181
1000101 0.023934 0.000220
0011010 0.006535 0.000336
0000111 0.038270 0.001394
1110100 0.006614 0.000338
0000001 0.029143 0.000853
0000101 0.037935 0.001082
1111000 0.060254 0.001922
1111001 0.006938 0.000762
0111010 0.018576 0.001037
1010110 0.018941 0.000247
0010100 0.000270 0.000115
0101000 0.022003 0.000506
0111000 0.031453 0.000869
1101110 0.000861 0.000096
1101101 0.001773 0.000039
0111101 0.003420 0.000140
0111011 0.015420 0.000705
1100101 0.008680 0.000660
1111100 0.009566 0.000463
0101011 0.002866 0.000076
1111110 0.023767 0.000148
0001001 0.021091 0.000858
0011111 0.018802 0.000658
0111100 0.000679 0.000069
1110000 0.006728 0.000169
0010111 0.010355 0.001241
1000000 0.017675 0.000185
0001011 0.005723 0.000716
1010100 0.003880 0.000091
1011010 0.003374 0.000174
1100100 0.011210 0.000391
0111001 0.010573 0.000170
0000010 0.003408 0.000070
1011000 0.000392 0.000103
1000100 0.014703 0.000655
0000100 0.004911 0.000548
0101101 0.006952 0.000297
1110010 0.003400 0.000134
1101000 0.007123 0.000358
1110111 0.013550 0.000724
0001101 0.007004 0.000292
1011111 0.005147 0.000358
0100000 0.004122 0.000523
1111101 0.005856 0.000528
1010101 0.006002 0.000266
1010000 0.005689 0.000237
1000001 0.003953 0.000396
0010010 0.003788 0.000219
0001000 0.008561 0.000307
1001110 0.000291 0.000042
1011011 0.001961 0.000271
0101010 0.001086 0.000136
0010000 0.003534 0.000129
0100001 0.001048 0.000051
1001001 0.000466 0.000143
0001100 0.000181 0.000011
0011101 0.001207 0.000039
1101111 0.001516 0.000318
1101001 0.001343 0.000206
0011000 0.001603 0.000100
1100000 0.007675 0.000539
0101100 0.000698 0.000177
1101100 0.002623 0.000520
1100110 0.004627 0.000265
0011001 0.003718 0.000282
0110111 0.000589 0.000174
1100001 0.001033 0.000096
1010001 0.001288 0.000310
1110001 0.000756 0.000044
1001101 0.000507 0.000102
0001010 0.001478 0.000232
0011110 0.000390 0.000043
0101110 0.000197 0.000093
1110101 0.004096 0.000473
1100010 0.000315 0.000083
1000011 0.000424 0.000091
0100010 0.000220 0.000092
0010001 0.001097 0.000155
0010011 0.001272 0.000129
1010011 0.002037 0.000278
0100110 0.000146 0.000109
1001100 0.000144 0.000048
1101010 0.000199 0.000059
0010110 0.000993 0.000219
0111110 0.001180 0.000126
1001000 0.000820 0.000037
0010101 0.001413 0.000319
0100111 0.001224 0.000333
1011101 0.000285 0.000035
1110011 0.000593 0.000083
0000011 0.002114 0.000150
1000010 0.001395 0.000247
1001111 0.001521 0.000069
0110101 0.000195 0.000045
0110110 0.000086 0.000012
0001110 0.000216 0.000055
0110000 0.001017 0.000135
1001011 0.000011 0.000006
0000110 0.001814 0.000266
0110010 0.000467 0.000208
0110011 0.000133 0.000065
1101011 0.000053 0.000026
1100011 0.000134 0.000051
0100011 0.000069 0.000027
0110100 0.000066 0.000045
1001010 0.000276 0.000057
1011001 0.000290 0.000034
0110001 0.000121 0.000026
0011100 0.000011 0.000011
1011100 0.000102 0.000061
