00101001 0.029329 0.000509
00001001 0.061637 0.000772
01001111 0.020508 0.000294
10110010 0.051229 0.001984
00001011 0.020729 0.000605
00101111 0.012185 0.000375
10010111 0.000589 0.000123
11010110 0.011811 0.000618
11111100 0.022550 0.000358
01001000 0.000942 0.000240
01001110 0.045241 0.000505
11110010 0.009050 0.000030
10110110 0.050188 0.001192
00001111 0.013313 0.000137
00100010 0.009939 0.000303
01101111 0.009036 0.000319
01101011 0.004467 0.000084
01001010 0.002248 0.000232
00101011 0.016725 0.000669
11011110 0.003145 0.000172
10110000 0.048305 0.001327
00100011 0.011683 0.000496
11110000 0.008901 0.000356
00010011 0.001348 0.000068
01011110 0.000190 0.000079
11110110 0.034693 0.000380
01000111 0.001064 0.000048
00010001 0.003991 0.000415
00100001 0.002755 0.000135
10111100 0.009909 0.000358
10110111 0.008334 0.000443
00000001 0.009012 0.000475
00101110 0.007187 0.000442
10010000 0.008031 0.000376
10010110 0.004411 0.000273
00101100 0.001032 0.000190
01001011 0.010524 0.000272
01001001 0.030927 0.000983
10010010 0.004656 0.000173
00000011 0.016798 0.000579
10111000 0.003814 0.000473
11111000 0.000642 0.000089
10110011 0.011479 0.000317
11110011 0.002440 0.000358
10101001 0.001567 0.000066
11111110 0.010245 0.000361
11011111 0.000195 0.000060
10010001 0.005146 0.000638
00001010 0.004281 0.000219
01001100 0.012051 0.000112
01000011 0.007835 0.000093
00110010 0.002250 0.000031
01101110 0.011594 0.000538
01111101 0.000601 0.000150
11001101 0.001279 0.000132
11001100 0.003317 0.000101
01101101 0.004341 0.000040
01101010 0.001220 0.000213
00000010 0.013760 0.000333
01000010 0.007177 0.000084
01101001 0.008144 0.000210
00000111 0.001419 0.000043
11110100 0.014232 0.000372
01100011 0.002574 0.000331
11010000 0.003348 0.000101
01000000 0.000808 0.000099
01000110 0.002262 0.000080
01001101 0.013082 0.000418
11010100 0.007743 0.000273
01010010 0.000448 0.000020
00001000 0.001780 0.000045
00100000 0.000436 0.000052
00111001 0.004704 0.000225
11011000 0.000173 0.000016
10111110 0.005591 0.000337
01100000 0.000091 0.000022
01100010 0.002498 0.000303
10111001 0.006615 0.000383
00110000 0.001390 0.000227
10010100 0.002128 0.000170
11110001 0.006454 0.000138
00001101 0.006566 0.000167
00001110 0.005854 0.000451
01110001 0.001050 0.000182
00101101 0.003651 0.000349
11010010 0.002140 0.000165
11111101 0.004583 0.000394
10101100 0.000464 0.000029
11101100 0.001406 0.000062
00111111 0.000612 0.000127
10110001 0.033033 0.000854
10110100 0.011298 0.000735
10111011 0.000868 0.000084
11011100 0.008443 0.000497
01101000 0.000416 0.000032
00010000 0.001149 0.000171
11010001 0.002133 0.000230
11001110 0.006962 0.000227
00000000 0.001836 0.000106
11110101 0.001559 0.000263
11101110 0.004988 0.000139
00011001 0.003618 0.000132
00110001 0.003688 0.000259
00100110 0.001099 0.000103
10001110 0.000608 0.000049
10111101 0.004691 0.000188
00110011 0.002528 0.000234
10111111 0.001867 0.000106
10110101 0.002753 0.000072
00111000 0.000391 0.000072
10011101 0.000444 0.000068
10010101 0.000331 0.000059
01000001 0.004524 0.000234
00101010 0.005922 0.000375
10101011 0.000888 0.000133
00111101 0.000704 0.000155
11111111 0.000909 0.000138
01011001 0.001596 0.000268
10011110 0.000340 0.000071
11011101 0.001120 0.000256
01110110 0.000176 0.000030
01010110 0.000152 0.000015
01011111 0.000314 0.000063
00001100 0.001235 0.000132
00111011 0.000921 0.000045
01111011 0.000206 0.000083
01101100 0.002796 0.000088
10011001 0.000855 0.000084
11000100 0.000021 0.000017
11101101 0.000859 0.000115
01111111 0.000296 0.000005
00011101 0.000285 0.000070
00011000 0.000124 0.000070
01110011 0.000538 0.000094
01111110 0.000293 0.000032
11011001 0.000605 0.000042
10011100 0.000981 0.000169
01011100 0.000388 0.000078
00101000 0.001719 0.000233
01100110 0.000579 0.000055
00100111 0.001182 0.000087
01010001 0.001776 0.000052
11010011 0.000475 0.000075
00000110 0.001623 0.000305
11101001 0.000250 0.000068
00010010 0.000728 0.000047
11100011 0.000113 0.000043
10101110 0.002016 0.000197
11111001 0.001144 0.000137
11100001 0.000057 0.000020
01100111 0.000443 0.000024
10010011 0.001212 0.000084
01111001 0.001200 0.000065
10101010 0.000648 0.000144
10101101 0.000564 0.000091
10001001 0.001365 0.000040
11110111 0.003092 0.000232
11101111 0.000795 0.000075
10001111 0.000388 0.000151
11100111 0.000050 0.000028
10000001 0.000168 0.000042
10001011 0.000333 0.000081
00011011 0.000401 0.000126
11000110 0.000414 0.000035
01111100 0.000233 0.000030
01000100 0.000224 0.000059
00010100 0.000026 0.000016
01100001 0.000499 0.000057
00011111 0.000133 0.000043
10100110 0.000411 0.000205
10111010 0.000903 0.000067
01110111 0.000118 0.000056
01010011 0.000560 0.000083
11010101 0.000358 0.000026
01010000 0.000588 0.000076
00000101 0.000174 0.000053
00111110 0.000134 0.000007
01110000 0.000266 0.000098
01110010 0.000419 0.000054
10100010 0.001143 0.000139
10000011 0.000592 0.000131
11001001 0.000788 0.000078
11001000 0.000044 0.000027
10001000 0.000096 0.000020
11001010 0.000071 0.000036
00110110 0.000333 0.000034
11010111 0.000575 0.000098
01010111 0.000151 0.000041
11001111 0.000750 0.000166
11100010 0.000248 0.000083
10100001 0.000100 0.000031
10100111 0.000152 0.000079
10011111 0.000155 0.000033
11001011 0.000132 0.000045
10100011 0.000653 0.000059
00011100 0.000040 0.000017
10001010 0.000098 0.000055
11000101 0.000008 0.000006
00010111 0.000108 0.000073
10001101 0.000389 0.000053
11101011 0.000230 0.000078
01011101 0.000614 0.000012
11100101 0.000002 0.000002
11101000 0.000041 0.000022
00110111 0.000215 0.000023
11000001 0.000091 0.000035
10000010 0.000657 0.000140
11111010 0.000140 0.000025
11100110 0.000256 0.000041
00111010 0.000236 0.000117
01000101 0.000164 0.000046
10101111 0.001018 0.000089
01010101 0.000052 0.000042
11011010 0.000011 0.000012
11101010 0.000087 0.000047
00111100 0.000176 0.000064
10001100 0.000312 0.000044
11111011 0.000198 0.000072
11000011 0.000259 0.000069
01110101 0.000029 0.000014
01010100 0.000130 0.000051
00011110 0.000047 0.000017
01110100 0.000041 0.000018
00010110 0.000118 0.000062
11000010 0.000272 0.000080
00000100 0.000057 0.000023
01011000 0.000111 0.000032
11100100 0.000026 0.000014
10011000 0.000361 0.000076
10000110 0.000263 0.000063
10011011 0.000131 0.000046
10011010 0.000065 0.000029
01111000 0.000071 0.000013
01011011 0.000219 0.000066
00011010 0.000092 0.000080
01111010 0.000052 0.000029
11011011 0.000032 0.000021
10101000 0.000206 0.000063
00110101 0.000071 0.000048
11000111 0.000101 0.000039
10000111 0.000136 0.000033
10100000 0.000037 0.000021
10000000 0.000047 0.000017
00010101 0.000042 0.000027
00110100 0.000099 0.000073
01100101 0.000021 0.000018
10000101 0.000003 0.000004
01100100 0.000010 0.000012
01011010 0.000040 0.000026
00100101 0.000014 0.000006
10100100 0.000001 0.000001
11000000 0.000020 0.000015
00100100 0.000007 0.000008
10000100 0.000001 0.000001
11100000 0.000002 0.000003
10100101 0.000013 0.000019
