10111110 0.013165 0.000574
10111010 0.015793 0.000499
10011010 0.024075 0.000299
11010010 0.023887 0.000255
01101101 0.014443 0.000791
01000101 0.019260 0.000723
00100101 0.024599 0.000164
00000101 0.016592 0.000524
00101101 0.029217 0.000095
10101110 0.010399 0.000237
11111010 0.017217 0.000985
11001110 0.010364 0.000327
01100101 0.010526 0.000447
11010101 0.010043 0.000659
11011010 0.034991 0.000596
10010010 0.015897 0.000391
01001001 0.010970 0.000662
10011011 0.014549 0.000668
11010110 0.020929 0.000804
11011110 0.016048 0.000460
11010001 0.014228 0.000423
11101110 0.012325 0.000526
11111110 0.015719 0.001093
10010110 0.012735 0.000678
01001101 0.012370 0.000357
01010001 0.013046 0.000130
11011011 0.013031 0.000475
00001001 0.011539 0.000646
00101001 0.011858 0.000415
