11111101 0.010967 0.000159
10000111 0.062397 0.001325
01111000 0.070217 0.001499
01011100 0.016330 0.000249
01111101 0.013241 0.000520
01010010 0.016643 0.000488
01010000 0.024404 0.000755
11000111 0.028974 0.000354
00010010 0.015532 0.001136
10101011 0.031087 0.001151
11101111 0.019388 0.000318
00111000 0.022315 0.000365
11101101 0.032491 0.001592
10000101 0.015613 0.000489
01010100 0.035638 0.000419
10101101 0.023456 0.000886
10101111 0.028405 0.001640
10000011 0.040100 0.000720
00011010 0.011134 0.000751
01111100 0.047708 0.000669
10001111 0.012593 0.000267
11000101 0.017526 0.000094
00011000 0.013291 0.000599
01010110 0.011454 0.000622
10101001 0.010798 0.000517
01111010 0.015944 0.000786
00111010 0.010385 0.000180
