11000 0.148222 0.001106
10111 0.110041 0.001494
01000 0.137491 0.001686
10010 0.002536 0.000255
11010 0.006288 0.000373
00111 0.159752 0.001884
00010 0.046809 0.000708
11111 0.034918 0.000759
11101 0.093797 0.000232
11100 0.062649 0.001243
11110 0.004982 0.000263
01011 0.010355 0.000194
01010 0.013107 0.000588
10110 0.012751 0.000498
00011 0.061607 0.002263
01111 0.007785 0.000840
01001 0.024203 0.000515
11001 0.020877 0.001043
00000 0.005597 0.000228
00101 0.000708 0.000158
11011 0.003703 0.000201
10100 0.004266 0.000213
10000 0.002157 0.000361
10101 0.006186 0.000111
10011 0.000984 0.000200
01100 0.001866 0.000441
01101 0.006139 0.000240
00110 0.008550 0.000207
00100 0.000338 0.000096
00001 0.000709 0.000122
01110 0.000448 0.000181
10001 0.000177 0.000018
