10100 0.033368 0.000724
11101 0.019706 0.000958
11100 0.332393 0.000560
00011 0.228201 0.002877
01111 0.041522 0.000561
10101 0.011781 0.000234
10011 0.064736 0.000633
01110 0.014190 0.000853
01100 0.073334 0.001349
10000 0.020903 0.001230
00010 0.000391 0.000020
10110 0.001167 0.000130
10001 0.026361 0.000305
10111 0.003654 0.000452
11000 0.018484 0.000759
11110 0.018986 0.000241
11111 0.015141 0.000719
01011 0.023789 0.000516
11001 0.003633 0.000117
11011 0.006764 0.000549
00100 0.006874 0.000526
00001 0.005914 0.000188
01101 0.004305 0.000198
11010 0.001050 0.000167
00111 0.008052 0.000926
00101 0.002867 0.000317
01010 0.000801 0.000228
00000 0.005519 0.000252
01000 0.003991 0.000392
10010 0.000842 0.000187
01001 0.000623 0.000186
00110 0.000660 0.000123
