00111 0.141432 0.002122
01100 0.011198 0.000768
11100 0.060146 0.000364
11110 0.058231 0.000970
00110 0.026803 0.001051
11001 0.049885 0.000650
11010 0.036472 0.000618
10000 0.026730 0.000166
11101 0.035471 0.001793
11011 0.017571 0.000467
00001 0.036263 0.001663
11000 0.128521 0.000813
01110 0.010892 0.000190
10110 0.013303 0.000995
01111 0.047276 0.001123
00000 0.029438 0.001337
11111 0.060479 0.001204
10100 0.014226 0.000893
00100 0.029126 0.001117
00101 0.034756 0.001343
10111 0.019781 0.001393
01101 0.012448 0.000382
10001 0.012232 0.000974
00011 0.021724 0.000883
01000 0.014017 0.000457
01001 0.013234 0.000586
