0101110 0.045083 0.000593
0010001 0.063583 0.001153
1101110 0.116140 0.002691
1111111 0.011875 0.000234
0011000 0.025147 0.000963
1101111 0.052493 0.001858
0011001 0.059424 0.001741
0111001 0.024610 0.001137
1010000 0.031519 0.001337
0101111 0.022973 0.000551
1110110 0.014691 0.000766
0010000 0.022101 0.000423
1100110 0.058790 0.001231
0111000 0.015597 0.000745
1010001 0.034653 0.000480
0111110 0.020233 0.000642
1100111 0.025869 0.001486
1111110 0.028132 0.000780
1000110 0.010965 0.000349
1011001 0.011606 0.000305
1010100 0.014221 0.000445
0111100 0.011442 0.000346
