100000 0.117321 0.001294
000001 0.015900 0.000522
011111 0.108375 0.001596
110100 0.050848 0.000316
001011 0.047176 0.000406
100101 0.013234 0.000368
111101 0.012862 0.000160
001010 0.018492 0.001468
100100 0.091738 0.001988
011011 0.125846 0.001142
111111 0.026883 0.000968
100001 0.031671 0.000429
111011 0.017400 0.000593
101000 0.017125 0.000458
101011 0.001320 0.000082
010111 0.011304 0.000162
111100 0.025320 0.000503
110110 0.010056 0.000723
011110 0.029434 0.000918
110101 0.018531 0.000659
000011 0.016255 0.000908
000010 0.008542 0.000942
001110 0.007180 0.000456
111110 0.018249 0.000307
110111 0.007117 0.000648
001111 0.007261 0.000369
101110 0.000942 0.000067
000111 0.007140 0.000567
000000 0.012356 0.001049
001000 0.000862 0.000140
101010 0.001373 0.000121
000110 0.009014 0.000237
011001 0.000528 0.000018
101100 0.007904 0.000547
111001 0.010444 0.000287
001001 0.001368 0.000326
011010 0.010109 0.000245
110000 0.008644 0.000540
111010 0.002361 0.000166
110011 0.002028 0.000279
101001 0.006404 0.000323
010110 0.007299 0.000285
000100 0.011255 0.000232
010011 0.003990 0.000171
111000 0.008084 0.000219
110001 0.008603 0.000553
010100 0.001933 0.000307
100110 0.002753 0.000144
100011 0.001787 0.000154
000101 0.006040 0.000613
010010 0.000783 0.000060
010101 0.002484 0.000163
100111 0.000906 0.000083
100010 0.002494 0.000273
101101 0.001333 0.000385
011101 0.000478 0.000112
001100 0.000343 0.000009
001101 0.000146 0.000068
010001 0.000812 0.000122
110010 0.000640 0.000101
011100 0.000327 0.000071
101111 0.000347 0.000116
011000 0.000081 0.000023
010000 0.000167 0.000023
