0010100 0.051570 0.000604
1010100 0.113207 0.002630
0101011 0.153258 0.001106
1111110 0.022961 0.000163
1001011 0.027328 0.001279
1000001 0.014015 0.000310
0110100 0.024255 0.000322
0101001 0.030257 0.001135
1010101 0.013523 0.000693
0111011 0.022072 0.000224
1011111 0.014592 0.000491
1011011 0.014118 0.000679
1111011 0.015011 0.000824
0001011 0.019979 0.000491
1011110 0.019023 0.000410
1101011 0.055621 0.002117
0110110 0.010480 0.000308
1101001 0.011341 0.000416
1110100 0.020278 0.000732
0111110 0.023658 0.000527
1111111 0.019214 0.000115
1010110 0.026711 0.000157
0100001 0.012913 0.000411
0010110 0.011625 0.000336
