01110 0.121966 0.001623
00000 0.009855 0.000287
01000 0.022925 0.000746
10011 0.072888 0.001083
11011 0.033032 0.000612
01101 0.027600 0.000554
10001 0.117290 0.001255
11111 0.037767 0.001239
00110 0.050914 0.000441
11000 0.012523 0.000393
11110 0.024301 0.000763
11001 0.057190 0.001798
11101 0.018157 0.001009
01001 0.026904 0.000269
00111 0.022978 0.000834
00100 0.013726 0.000312
01100 0.030234 0.000974
01011 0.006788 0.000575
10111 0.056753 0.001344
01111 0.045622 0.000887
01010 0.012492 0.001051
10010 0.032948 0.000509
10000 0.023557 0.001913
00010 0.006048 0.000416
10110 0.032559 0.000984
11010 0.015572 0.000919
00101 0.012620 0.000501
10100 0.007264 0.000518
10101 0.026223 0.000749
00001 0.012476 0.000810
11100 0.005016 0.000298
00011 0.003812 0.000413
