10001001 0.036360 0.000934
11111111 0.008361 0.000371
11110101 0.000994 0.000097
10101101 0.006530 0.000157
10111110 0.005565 0.000641
10001111 0.005078 0.000206
00001000 0.005528 0.000130
11101001 0.018072 0.000517
11111011 0.019852 0.000137
00100111 0.010743 0.000441
00011110 0.003514 0.000073
01110011 0.003204 0.000271
11111010 0.017895 0.000673
11010001 0.000678 0.000138
01111010 0.027841 0.001185
11110001 0.003383 0.000171
01110110 0.016934 0.000720
00100100 0.019562 0.000436
10110110 0.005136 0.000132
00000101 0.007219 0.000380
10010111 0.003050 0.000131
01111110 0.013022 0.000792
00101000 0.011274 0.000402
10101110 0.002874 0.000285
01010010 0.002224 0.000112
10111010 0.006963 0.000330
00111110 0.005832 0.000235
00010110 0.007525 0.000271
10101000 0.018545 0.000176
11011011 0.018321 0.000667
00001100 0.004349 0.000180
11011000 0.002872 0.000166
10110111 0.005135 0.000338
11011001 0.008596 0.000797
10110100 0.000531 0.000052
10000010 0.000047 0.000040
11001001 0.038930 0.000602
00101110 0.003095 0.000113
00101001 0.002583 0.000169
01110010 0.008087 0.000149
00110110 0.026529 0.000436
00100110 0.027449 0.000858
00010111 0.002105 0.000325
00100000 0.007283 0.000029
10100001 0.007965 0.000241
01011010 0.021012 0.000413
10100000 0.003597 0.000598
00000100 0.014589 0.000730
11100001 0.006931 0.000339
10101100 0.005258 0.000589
10100111 0.007761 0.000582
11101011 0.000681 0.000103
01011111 0.002235 0.000184
00000111 0.006352 0.000357
10111011 0.003644 0.000373
00000110 0.013525 0.001268
11000101 0.003233 0.000281
01011110 0.012007 0.000452
10111111 0.003451 0.000031
10101011 0.000818 0.000093
11011111 0.011946 0.000419
10101001 0.028606 0.000509
10111000 0.004539 0.000410
00100101 0.008649 0.000325
00011010 0.000541 0.000026
01110000 0.004847 0.000333
11111000 0.006371 0.000286
01001000 0.002785 0.000333
11111001 0.012409 0.000188
00110111 0.005757 0.000452
00101101 0.000929 0.000203
10100101 0.007323 0.000340
01110111 0.013499 0.000677
10100100 0.004711 0.000110
10001000 0.016512 0.000755
10001011 0.000865 0.000123
01010110 0.011793 0.000458
01010101 0.000600 0.000084
11110010 0.001898 0.000196
11110111 0.006986 0.000738
01100101 0.004312 0.000279
01110100 0.001385 0.000060
11011010 0.017182 0.000610
01010111 0.010078 0.000386
11110011 0.002880 0.000207
00110101 0.000449 0.000147
11100111 0.002575 0.000463
10011110 0.004383 0.000286
01111001 0.002325 0.000186
11110110 0.002409 0.000061
11010111 0.006271 0.000394
11000111 0.002744 0.000083
10001110 0.003897 0.000154
01100111 0.004760 0.000213
10000110 0.003887 0.000207
10000111 0.006003 0.000859
00111010 0.003497 0.000547
01011011 0.002735 0.000039
10101111 0.002472 0.000073
11010110 0.002152 0.000191
10011001 0.001442 0.000100
01001001 0.004363 0.000102
10000101 0.006809 0.000368
11110000 0.001206 0.000329
00101100 0.004956 0.000131
11111101 0.001493 0.000133
00110010 0.001073 0.000150
01011101 0.000142 0.000007
00111000 0.002295 0.000190
00001110 0.003496 0.000204
11100101 0.002541 0.000297
11101101 0.002229 0.000079
11001100 0.000400 0.000025
10111001 0.004108 0.000349
11000000 0.000262 0.000152
11000011 0.000122 0.000066
11111110 0.006753 0.000226
01001100 0.000605 0.000113
10000001 0.002833 0.000345
10110011 0.000622 0.000079
10001100 0.004741 0.000829
10010110 0.002485 0.000251
01100001 0.006373 0.000327
11101111 0.000789 0.000202
01100000 0.001306 0.000383
01111000 0.009084 0.000414
01000111 0.005204 0.000247
01011000 0.003233 0.000129
11011110 0.007983 0.000291
00100001 0.003431 0.000211
11001101 0.004219 0.000245
10011111 0.003739 0.000199
11001111 0.002329 0.000245
10001101 0.007782 0.000096
00110000 0.001232 0.000229
10100110 0.005988 0.000320
01111011 0.003934 0.000238
10110010 0.000998 0.000113
10000100 0.003881 0.000274
01111111 0.002005 0.000147
11001000 0.002941 0.000048
01101001 0.002888 0.000173
11011101 0.000820 0.000096
01001101 0.000603 0.000068
10011010 0.002024 0.000186
01000101 0.005153 0.000395
00110100 0.001877 0.000132
01011001 0.000929 0.000145
10111101 0.000684 0.000046
11010011 0.001013 0.000114
10011011 0.001295 0.000124
10110001 0.000923 0.000076
01110001 0.002865 0.000291
00011011 0.000020 0.000016
11100000 0.000488 0.000136
00101111 0.000542 0.000203
10110101 0.000657 0.000056
11101000 0.001791 0.000136
00001001 0.001523 0.000162
11000001 0.004893 0.000374
11100100 0.000130 0.000067
11001110 0.000306 0.000083
10110000 0.000797 0.000170
01010100 0.000472 0.000124
00111111 0.000390 0.000048
01100110 0.001105 0.000035
01000001 0.003343 0.000351
01001111 0.000546 0.000155
01101000 0.002210 0.000336
00000000 0.001086 0.000072
01010001 0.000546 0.000200
00111100 0.000869 0.000127
01000110 0.001028 0.000116
01000100 0.000600 0.000145
10011000 0.000889 0.000012
00101010 0.000337 0.000142
00100010 0.000074 0.000024
11110100 0.000364 0.000032
00000001 0.000611 0.000094
10001010 0.000446 0.000065
01111100 0.001198 0.000211
10011100 0.000293 0.000050
11100110 0.000184 0.000116
11010101 0.000378 0.000162
10111100 0.000875 0.000069
11111100 0.000701 0.000093
10000000 0.001275 0.000112
00011100 0.000206 0.000080
11010010 0.000722 0.000070
01110101 0.001578 0.000169
10010101 0.000191 0.000020
01111101 0.000225 0.000070
01011100 0.000463 0.000202
11001011 0.001107 0.000320
00001101 0.000759 0.000074
01010011 0.000702 0.000053
10100010 0.000035 0.000024
00001111 0.000635 0.000078
01101101 0.000511 0.000092
01101111 0.000189 0.000039
01000000 0.000613 0.000052
11011100 0.000323 0.000059
10101010 0.000560 0.000049
11101100 0.000318 0.000140
10011101 0.000237 0.000038
00101011 0.000056 0.000023
01001110 0.000274 0.000017
11101010 0.000077 0.000043
00010101 0.000128 0.000073
00010100 0.000272 0.000047
01001010 0.000073 0.000035
11000110 0.000204 0.000097
01100100 0.000698 0.000167
00011001 0.000051 0.000023
00011000 0.000330 0.000042
00111101 0.000061 0.000025
01101110 0.000248 0.000054
10000011 0.000071 0.000048
11010100 0.000068 0.000025
01101100 0.000428 0.000048
11000100 0.000107 0.000022
10010010 0.000114 0.000044
00111001 0.000123 0.000060
00011101 0.000020 0.000017
01010000 0.000593 0.000114
00001011 0.000016 0.000012
10010011 0.000090 0.000032
00110001 0.000244 0.000133
11100011 0.000101 0.000022
10010100 0.000112 0.000049
00001010 0.000139 0.000088
10100011 0.000073 0.000052
00111011 0.000085 0.000010
00011111 0.000247 0.000166
11101110 0.000145 0.000057
00000011 0.000026 0.000018
00100011 0.000053 0.000031
01001011 0.000064 0.000053
10010001 0.000108 0.000058
11001010 0.000071 0.000042
11010000 0.000193 0.000071
01100011 0.000126 0.000046
01101011 0.000092 0.000060
01000010 0.000041 0.000033
00110011 0.000086 0.000040
01101010 0.000066 0.000023
10010000 0.000069 0.000013
00000010 0.000021 0.000017
01000011 0.000048 0.000025
00010000 0.000057 0.000054
00010010 0.000041 0.000001
01100010 0.000044 0.000037
11100010 0.000003 0.000004
00010011 0.000000 0.000000
00010001 0.000014 0.000020
