0000111 0.278528 0.001612
1111000 0.253583 0.002360
0010011 0.004587 0.000169
1001111 0.014895 0.000647
1111010 0.006307 0.000299
1110000 0.086447 0.001084
1111001 0.007918 0.000330
1011000 0.016149 0.000339
0100111 0.020887 0.000885
1111100 0.030242 0.000387
1010000 0.009877 0.000230
1110001 0.009198 0.000359
0110111 0.008384 0.000398
1110101 0.001070 0.000295
1101100 0.017049 0.000945
0001111 0.062710 0.001312
1101011 0.002849 0.000350
1110011 0.007600 0.000288
0010111 0.012089 0.000933
1111101 0.001790 0.000095
0110011 0.011419 0.000376
1101111 0.004005 0.000499
0101011 0.000840 0.000211
0101101 0.000885 0.000041
1100111 0.001125 0.000174
0011011 0.000237 0.000101
1101000 0.013651 0.000335
1101101 0.003036 0.000188
1010100 0.002307 0.000065
1010011 0.001449 0.000244
1011010 0.003004 0.000194
0001011 0.000529 0.000011
1011100 0.006562 0.000263
0111100 0.002160 0.000173
1010101 0.000173 0.000078
1001100 0.008456 0.000618
0101111 0.005259 0.000313
1010010 0.002233 0.000252
1110111 0.001463 0.000211
0110000 0.010614 0.000515
0110101 0.001500 0.000085
1011011 0.000577 0.000088
1000111 0.008396 0.000840
1101001 0.001994 0.000123
1111011 0.003137 0.000225
1101110 0.001093 0.000108
0000011 0.002514 0.000168
1101010 0.000770 0.000053
1110010 0.002595 0.000314
0110001 0.004769 0.000102
0111111 0.000742 0.000058
0011001 0.000038 0.000012
0011111 0.000774 0.000100
0011100 0.001009 0.000201
0111000 0.003430 0.000193
0111011 0.000458 0.000075
1111111 0.000791 0.000057
1111110 0.000873 0.000116
0010101 0.000357 0.000055
1010111 0.000901 0.000146
0011010 0.000086 0.000027
0001110 0.001157 0.000201
1110100 0.002999 0.000204
1001000 0.001060 0.000044
0001100 0.000841 0.000079
0110100 0.002208 0.000427
0010010 0.000542 0.000048
1001110 0.004381 0.000117
1010110 0.000540 0.000069
1001010 0.000643 0.000118
1100011 0.000656 0.000135
0100011 0.002444 0.000431
1011111 0.000325 0.000064
0001101 0.000151 0.000074
0101110 0.000195 0.000083
0101100 0.001078 0.000146
1010001 0.000384 0.000072
1001101 0.000250 0.000049
0111001 0.000650 0.000091
0010110 0.000639 0.000026
0111110 0.000113 0.000017
0111101 0.000554 0.000082
1011110 0.001052 0.000157
1001011 0.001197 0.000117
0110010 0.000567 0.000175
0010100 0.002015 0.000285
1011101 0.000168 0.000017
0011110 0.000352 0.000021
0000101 0.000067 0.000020
0010001 0.000224 0.000145
0011000 0.000269 0.000062
0110110 0.000108 0.000022
0010000 0.001502 0.000137
1110110 0.000143 0.000029
1100001 0.000113 0.000036
0101001 0.000149 0.000087
1011001 0.000264 0.000118
0111010 0.000152 0.000049
1000011 0.000517 0.000030
0011101 0.000135 0.000038
0000100 0.000065 0.000022
0100101 0.000297 0.000064
0100100 0.000007 0.000010
1100101 0.000106 0.000008
0001000 0.000007 0.000010
0100001 0.000012 0.000011
0000110 0.000168 0.000080
1000101 0.000035 0.000017
1001001 0.000033 0.000037
0101000 0.000037 0.000027
1000100 0.000011 0.000015
1000110 0.000016 0.000020
0101010 0.000014 0.000020
1100100 0.000018 0.000013
