10101 0.194882 0.001794
01010 0.225401 0.001216
01101 0.039070 0.001547
10001 0.064085 0.001193
00101 0.112188 0.001037
11110 0.023123 0.001210
11010 0.091452 0.003380
01110 0.052479 0.001059
10111 0.021603 0.000560
10010 0.010570 0.000437
01111 0.013864 0.000971
01100 0.010468 0.000191
10110 0.004300 0.000298
11000 0.005682 0.000206
01001 0.007260 0.000703
11101 0.021857 0.001606
00001 0.017862 0.001119
00111 0.013675 0.000586
01011 0.003333 0.000395
01000 0.018644 0.000269
10011 0.004583 0.000601
10000 0.006027 0.000483
00010 0.008037 0.000703
11001 0.003544 0.000454
11111 0.008075 0.000491
11100 0.005568 0.000381
00110 0.003649 0.000267
11011 0.001132 0.000119
00011 0.002449 0.000458
00100 0.001205 0.000283
00000 0.001615 0.000089
10100 0.002317 0.000215
