00101111 0.047134 0.000394
00011011 0.115666 0.001181
10100100 0.103979 0.000439
11010010 0.043984 0.001185
00111011 0.027283 0.000506
11011011 0.040003 0.001035
00100101 0.037976 0.000500
01100001 0.000034 0.000024
11110000 0.002370 0.000228
11010000 0.056616 0.002657
01011011 0.064871 0.000785
00110111 0.000182 0.000081
11100100 0.097582 0.000374
00100100 0.021517 0.000771
11010100 0.009128 0.000026
10110100 0.003318 0.000441
10000100 0.020720 0.000956
11000100 0.026929 0.000284
11011010 0.031749 0.000428
00101101 0.032868 0.000466
10100101 0.016827 0.000119
00101110 0.000888 0.000124
01111011 0.006479 0.000354
11101100 0.002116 0.000122
00111111 0.010891 0.000304
00101011 0.013762 0.000551
01100100 0.004956 0.000295
01100101 0.006235 0.000147
11100010 0.001343 0.000044
11100101 0.006374 0.000342
10111011 0.003669 0.000271
11110100 0.006791 0.000521
01010011 0.000585 0.000153
11111011 0.003702 0.000144
10011011 0.013382 0.000291
01101101 0.003157 0.000433
10101100 0.005136 0.000523
00111101 0.002994 0.000084
11011000 0.006010 0.000583
11111101 0.000344 0.000081
10100110 0.004748 0.000547
01111111 0.000893 0.000129
10101101 0.007802 0.000159
11101101 0.002027 0.000192
11110010 0.001295 0.000056
11100110 0.004135 0.000052
00100111 0.007745 0.000466
11101010 0.000323 0.000069
10001100 0.000499 0.000050
00001100 0.000086 0.000055
01010010 0.000805 0.000079
10111010 0.000124 0.000036
11011001 0.000514 0.000123
10010110 0.000086 0.000048
10101111 0.007449 0.000194
10101110 0.002069 0.000119
00101100 0.002153 0.000229
01101111 0.001931 0.000207
11100000 0.003593 0.000229
01101011 0.000378 0.000022
10001010 0.000064 0.000033
10011010 0.001296 0.000049
10110101 0.000456 0.000037
10010100 0.002194 0.000125
11010011 0.001634 0.000157
01010001 0.000268 0.000072
00001101 0.000104 0.000006
00110101 0.000898 0.000100
10101011 0.002485 0.000041
00000100 0.001676 0.000070
01000101 0.000100 0.000074
00110100 0.000982 0.000012
11010110 0.000679 0.000106
11101110 0.000724 0.000095
10010000 0.000225 0.000063
10011000 0.000099 0.000074
10100010 0.000135 0.000054
11110110 0.000383 0.000065
00111100 0.000190 0.000050
10010101 0.000086 0.000003
00011111 0.000816 0.000045
11000010 0.001811 0.000136
11000000 0.004622 0.000329
11100111 0.001257 0.000085
11000110 0.000986 0.000074
01010000 0.000775 0.000159
01101100 0.000184 0.000120
00011101 0.000208 0.000041
01011010 0.000698 0.000123
11001010 0.000177 0.000046
11011100 0.000401 0.000008
11110101 0.000436 0.000050
01011111 0.000259 0.000164
10111111 0.001583 0.000170
10011100 0.000109 0.000034
00100110 0.001150 0.000141
10110000 0.000052 0.000037
00111001 0.000295 0.000063
11111100 0.000357 0.000034
10110111 0.000071 0.000016
11101111 0.001246 0.000218
11001100 0.000389 0.000128
10111110 0.000299 0.000055
00010101 0.000136 0.000015
01111001 0.000106 0.000064
10100111 0.002714 0.000412
11010001 0.000686 0.000066
00001011 0.000187 0.000057
11111111 0.000498 0.000113
11111110 0.000223 0.000051
00101001 0.000279 0.000117
11111010 0.000452 0.000037
01011101 0.000119 0.000033
01101010 0.000007 0.000007
00110110 0.000067 0.000057
01010100 0.000301 0.000070
11110001 0.000144 0.000035
01011001 0.000339 0.000084
10110110 0.000153 0.000019
01000100 0.000484 0.000017
10111100 0.000443 0.000039
01110101 0.000366 0.000037
10111101 0.000587 0.000201
00100011 0.000086 0.000045
10101010 0.000272 0.000023
10001111 0.000022 0.000010
10011111 0.000143 0.000083
01101001 0.000020 0.000021
11011111 0.000117 0.000018
01100110 0.000314 0.000031
10001101 0.000120 0.000021
01100111 0.001261 0.000083
00010110 0.000007 0.000015
00010100 0.000587 0.000089
10000110 0.000711 0.000033
01111101 0.000416 0.000106
11011110 0.000162 0.000014
11001110 0.000181 0.000064
01110100 0.000468 0.000094
10010010 0.000090 0.000040
10000010 0.000057 0.000051
01001110 0.000009 0.000013
11000101 0.000117 0.000081
11100001 0.000067 0.000016
00111110 0.000156 0.000037
10100011 0.000040 0.000007
11111000 0.000185 0.000025
11001000 0.000064 0.000013
10111000 0.000028 0.000037
10100000 0.000325 0.000103
11101000 0.000119 0.000080
01010110 0.000021 0.000015
10011101 0.000129 0.000045
11110011 0.000101 0.000022
10101000 0.000078 0.000039
01010101 0.000097 0.000059
01110111 0.000066 0.000032
10001110 0.000200 0.000085
00101010 0.000060 0.000016
10000000 0.000109 0.000026
11101011 0.000251 0.000029
11110111 0.000086 0.000017
11010111 0.000039 0.000011
01100011 0.000062 0.000006
00110011 0.000031 0.000029
11111001 0.000054 0.000028
10000101 0.000340 0.000032
01011000 0.000124 0.000017
01111110 0.000009 0.000010
11010101 0.000127 0.000031
00000110 0.000104 0.000032
10001011 0.000106 0.000035
00011010 0.000084 0.000022
11000001 0.000003 0.000005
00010001 0.000015 0.000011
10010111 0.000015 0.000007
00101000 0.000028 0.000008
00000101 0.000333 0.000097
01110110 0.000023 0.000015
00011001 0.000263 0.000079
11011101 0.000068 0.000020
01110000 0.000038 0.000014
10000001 0.000003 0.000004
11001101 0.000009 0.000012
01101110 0.000108 0.000042
01011100 0.000037 0.000014
00011100 0.000033 0.000011
10100001 0.000015 0.000006
01111100 0.000022 0.000006
10011110 0.000066 0.000019
01110001 0.000023 0.000014
01000111 0.000011 0.000016
11100011 0.000059 0.000035
00001001 0.000003 0.000004
00110010 0.000025 0.000018
00000010 0.000003 0.000005
00111010 0.000036 0.000026
11101001 0.000034 0.000007
01000000 0.000044 0.000005
10110010 0.000036 0.000033
10000111 0.000016 0.000015
00011110 0.000042 0.000019
01001011 0.000024 0.000017
01110011 0.000042 0.000028
00000111 0.000017 0.000026
01100000 0.000040 0.000026
11000111 0.000043 0.000051
10011001 0.000018 0.000028
01100010 0.000048 0.000023
00010111 0.000050 0.000031
01000010 0.000030 0.000012
10111001 0.000067 0.000028
00110001 0.000019 0.000014
00100000 0.000031 0.000021
00001111 0.000048 0.000035
00100001 0.000018 0.000008
01010111 0.000021 0.000008
10110011 0.000004 0.000004
00100010 0.000043 0.000025
01001111 0.000005 0.000006
01111010 0.000030 0.000028
00001110 0.000029 0.000022
01011110 0.000000 0.000000
10010011 0.000007 0.000010
01110010 0.000006 0.000009
11000011 0.000019 0.000011
01001100 0.000005 0.000010
10101001 0.000021 0.000015
11001011 0.000026 0.000025
00010011 0.000003 0.000003
00010000 0.000019 0.000027
01111000 0.000002 0.000003
01001101 0.000011 0.000014
01000110 0.000012 0.000008
00010010 0.000007 0.000010
01000011 0.000013 0.000018
01101000 0.000010 0.000014
10110001 0.000001 0.000011
10010001 0.000000 0.000000
00001000 0.000012 0.000017
00011000 0.000002 0.000003
00110000 0.000007 0.000010
