01100 0.063181 0.001013
11111 0.219809 0.001354
00100 0.106610 0.000917
00000 0.221150 0.001949
10000 0.035469 0.000712
11011 0.146396 0.001651
01110 0.019281 0.001237
01000 0.018034 0.000398
11000 0.005311 0.000695
10001 0.012594 0.000480
00101 0.008161 0.000505
10111 0.006780 0.000308
10011 0.019992 0.000708
11001 0.005436 0.000149
01101 0.007847 0.000299
11100 0.005606 0.000506
00010 0.013268 0.000105
11101 0.010336 0.000487
01111 0.032669 0.001154
10110 0.000454 0.000112
00111 0.003404 0.000200
10101 0.005807 0.000359
00110 0.005880 0.000714
10010 0.002043 0.000153
01011 0.002174 0.000434
00001 0.003273 0.000204
10100 0.007946 0.000455
00011 0.001808 0.000408
01010 0.005019 0.000730
11110 0.001756 0.000210
11010 0.001926 0.000147
01001 0.000579 0.000227
