11001 0.111521 0.000965
01000 0.042584 0.001151
10100 0.014840 0.000345
11101 0.028076 0.000621
01011 0.023438 0.000051
11011 0.105144 0.001383
00100 0.095002 0.003661
01100 0.013755 0.000712
00110 0.140223 0.000186
10111 0.041796 0.001467
00010 0.061467 0.001161
10011 0.018522 0.000457
10010 0.008114 0.000723
10001 0.014958 0.000392
00001 0.001772 0.000171
01010 0.038407 0.001400
01110 0.024018 0.000342
11111 0.048625 0.000352
01001 0.024158 0.000874
00000 0.053524 0.002409
10000 0.008759 0.000558
10101 0.023856 0.000857
01111 0.010917 0.000601
01101 0.006060 0.000375
10110 0.020526 0.000520
11110 0.001478 0.000188
11100 0.001067 0.000312
11010 0.002139 0.000224
00111 0.006227 0.000530
00101 0.003683 0.000219
00011 0.002412 0.000105
11000 0.002930 0.000520
