001001 0.146751 0.000616
110110 0.129674 0.001128
000011 0.020861 0.000540
010110 0.030143 0.000398
011011 0.014246 0.001101
100011 0.037565 0.000885
111110 0.073775 0.001613
110100 0.035807 0.000432
000001 0.035369 0.001071
010100 0.046426 0.001305
101011 0.046039 0.000257
111100 0.032564 0.000216
101001 0.027541 0.000414
011100 0.052936 0.000706
011001 0.015516 0.000891
011110 0.019507 0.001174
110111 0.011669 0.000595
111011 0.012991 0.000302
111010 0.010452 0.000335
100001 0.010860 0.000561
001011 0.035947 0.001419
