000101 0.043162 0.000200
011101 0.020749 0.000816
010111 0.012723 0.000893
010001 0.006871 0.000702
101011 0.110660 0.000698
010101 0.099687 0.000475
010110 0.035368 0.002015
111010 0.051524 0.001790
111011 0.052974 0.000359
111101 0.010665 0.000254
011110 0.008207 0.000281
111111 0.013252 0.000063
001011 0.001969 0.000229
001101 0.008835 0.001005
110011 0.005338 0.000511
010100 0.101521 0.001397
101010 0.086900 0.001251
000001 0.002939 0.000221
100110 0.010245 0.000368
111000 0.013931 0.000561
101001 0.019247 0.000396
100010 0.009105 0.000762
000100 0.013034 0.001272
111110 0.017065 0.000903
111100 0.006754 0.000106
011001 0.009796 0.000753
110110 0.010128 0.000290
101110 0.018890 0.000311
000110 0.012817 0.000830
100101 0.004980 0.000070
110101 0.007599 0.000678
100011 0.010417 0.000405
010000 0.004801 0.000494
011100 0.013211 0.000337
100111 0.009492 0.000630
101000 0.005498 0.000269
001010 0.002631 0.000503
101111 0.019840 0.000895
111001 0.024592 0.000796
011011 0.003055 0.000091
010010 0.002637 0.000149
011010 0.004946 0.000191
110010 0.005552 0.000455
001001 0.004855 0.000311
110000 0.001534 0.000126
110001 0.003313 0.000596
110111 0.006980 0.000280
000011 0.000844 0.000183
100001 0.002160 0.000198
101101 0.006554 0.000224
000111 0.007424 0.000841
000010 0.001468 0.000053
001110 0.004508 0.000125
001111 0.002310 0.000119
101100 0.001926 0.000404
110100 0.004802 0.000199
011000 0.006642 0.000422
001100 0.002286 0.000147
100000 0.000758 0.000185
011111 0.003709 0.000107
100100 0.001419 0.000198
010011 0.001107 0.000159
000000 0.000811 0.000128
001000 0.000985 0.000281
