00000011 0.063351 0.000577
11011110 0.010393 0.000063
01100000 0.041425 0.000749
10011110 0.039660 0.000512
11110000 0.077007 0.000476
10011111 0.049761 0.001196
11111000 0.036934 0.000871
00011111 0.112682 0.000670
00001111 0.052001 0.000645
01110000 0.020719 0.000118
00010111 0.017390 0.000426
10011100 0.022633 0.000921
01100011 0.011204 0.000576
11111100 0.030392 0.000430
00000111 0.048549 0.000358
11100000 0.061772 0.000664
11111110 0.013842 0.000569
01100001 0.013289 0.000163
10001111 0.016279 0.000477
