10111 0.102014 0.000879
10011 0.026584 0.000827
11101 0.015758 0.000409
11111 0.130036 0.000039
00000 0.170172 0.003715
01101 0.009931 0.000471
10010 0.005128 0.000373
11011 0.075778 0.001585
01000 0.088244 0.000789
11010 0.043221 0.001024
01010 0.066534 0.001465
00100 0.038652 0.001202
10101 0.078395 0.002442
00010 0.013376 0.000786
01100 0.035899 0.001212
10100 0.007956 0.000567
00001 0.009140 0.000278
11000 0.003358 0.000255
11100 0.006662 0.000705
00110 0.002121 0.000142
01011 0.005213 0.000381
10000 0.004727 0.000401
10001 0.001673 0.000157
01110 0.013967 0.000314
00101 0.021516 0.001068
11110 0.011690 0.000263
01001 0.003297 0.000602
00011 0.001244 0.000316
11001 0.000841 0.000038
00111 0.001018 0.000235
01111 0.004769 0.000077
10110 0.001086 0.000301
