010000 0.191091 0.000595
011111 0.011797 0.000890
001111 0.074531 0.002443
110100 0.011498 0.000288
100110 0.015064 0.000533
110110 0.004720 0.000447
010100 0.005704 0.000179
111100 0.013578 0.000587
101110 0.056960 0.000885
101111 0.207405 0.002509
111000 0.011676 0.001007
111101 0.005809 0.000091
010001 0.036126 0.000410
111110 0.010605 0.000324
101101 0.001299 0.000229
011001 0.012206 0.000309
111001 0.005134 0.000273
110001 0.038552 0.000825
111011 0.002324 0.000479
111111 0.019136 0.000271
110000 0.086552 0.002099
011100 0.012621 0.000634
110101 0.002874 0.000299
100111 0.024266 0.001285
110111 0.005306 0.000177
011000 0.041832 0.001403
011101 0.004261 0.000281
001001 0.000266 0.000054
110011 0.008615 0.000380
101010 0.000545 0.000057
001110 0.008832 0.000571
000111 0.002045 0.000097
100000 0.002156 0.000127
101100 0.003612 0.000310
010011 0.006618 0.000081
100011 0.007810 0.000310
011110 0.005882 0.000408
000000 0.001034 0.000150
000011 0.003805 0.000401
000100 0.000277 0.000036
000110 0.000930 0.000081
011010 0.001679 0.000161
010010 0.004983 0.000276
001010 0.000272 0.000079
100100 0.001615 0.000120
011011 0.003347 0.000151
001011 0.003475 0.000323
100010 0.002437 0.000167
010111 0.001169 0.000172
010101 0.001066 0.000098
001100 0.001068 0.000056
101011 0.002141 0.000278
000010 0.000837 0.000140
100001 0.001067 0.000129
110010 0.004858 0.000618
000001 0.000539 0.000150
001101 0.000506 0.000132
010110 0.001409 0.000348
101000 0.000356 0.000143
111010 0.000951 0.000253
100101 0.000515 0.000141
000101 0.000042 0.000019
001000 0.000223 0.000047
101001 0.000092 0.000069
