1111010 0.030654 0.000506
1100101 0.027452 0.000292
1100100 0.008767 0.000372
1100011 0.005244 0.000200
1010100 0.069555 0.001568
1101011 0.003929 0.000479
1011010 0.010331 0.000400
0000111 0.016278 0.000662
0111010 0.087067 0.001906
1011110 0.006853 0.000749
0100101 0.027107 0.000535
0101011 0.047177 0.000639
1000100 0.101042 0.000478
0011110 0.002620 0.000253
0111011 0.093329 0.001315
0011100 0.002008 0.000203
1010110 0.015206 0.000202
1000110 0.016533 0.000762
0100011 0.023971 0.000293
0111101 0.003639 0.000255
1010010 0.002794 0.000470
1001100 0.005903 0.000732
0111001 0.006350 0.000809
0011010 0.010015 0.000279
0001011 0.004280 0.000036
0111110 0.007486 0.000451
1111000 0.012675 0.001065
1000000 0.001312 0.000123
1000111 0.006211 0.000371
1110100 0.007957 0.000236
1111111 0.003786 0.000327
0000100 0.010642 0.000991
0101010 0.004002 0.000234
1100110 0.002033 0.000360
1101100 0.001997 0.000219
1010111 0.001416 0.000415
1000011 0.002318 0.000144
1101101 0.006615 0.000423
1111011 0.017647 0.001020
0101101 0.011577 0.000497
1000101 0.025711 0.001415
1110000 0.000375 0.000110
1011100 0.023689 0.001109
1011101 0.001313 0.000155
0000101 0.019827 0.000778
0100111 0.027751 0.000228
1111001 0.006201 0.000575
1110101 0.003706 0.000364
0000011 0.008702 0.000145
0111000 0.005628 0.000292
0111111 0.007592 0.000647
1000010 0.001693 0.000060
1110111 0.001551 0.000080
0101111 0.015275 0.000560
1100111 0.008716 0.001059
1111100 0.015974 0.000660
0000110 0.005472 0.000439
1111110 0.006293 0.000238
1010101 0.003506 0.000250
0111100 0.003806 0.000145
1001101 0.001242 0.000181
1001011 0.000557 0.000051
0101100 0.001827 0.000179
1101010 0.000876 0.000232
1011000 0.004540 0.000464
0110101 0.000749 0.000153
1001111 0.000421 0.000111
1111101 0.005671 0.000729
0110111 0.001601 0.000139
1101111 0.002735 0.000081
0011011 0.004491 0.000637
1010000 0.001229 0.000273
1101001 0.001861 0.000129
1100001 0.003042 0.000235
0010111 0.000644 0.000091
0110011 0.001343 0.000070
0010010 0.000252 0.000078
0100100 0.002739 0.000414
0001010 0.002312 0.000148
1001000 0.000473 0.000069
1000001 0.001496 0.000135
0001100 0.001965 0.000146
1101000 0.000281 0.000026
0000010 0.000741 0.000074
0101110 0.001667 0.000060
0010110 0.001004 0.000097
0101001 0.004819 0.000110
0010100 0.000941 0.000179
0110110 0.000502 0.000170
1110110 0.002661 0.000056
0001110 0.001378 0.000333
1110010 0.001235 0.000101
1010011 0.000806 0.000108
1100010 0.000496 0.000144
0100110 0.001821 0.000237
1011111 0.000431 0.000035
0001101 0.002231 0.000384
1110011 0.001579 0.000164
1001010 0.001031 0.000041
0100001 0.002197 0.000286
0010011 0.000203 0.000035
0000001 0.001063 0.000260
1011011 0.001754 0.000140
0001111 0.002051 0.000308
0011111 0.000748 0.000285
0011000 0.000763 0.000234
1001110 0.000960 0.000147
1011001 0.000538 0.000049
0001001 0.000499 0.000266
0001000 0.000304 0.000116
1001001 0.000260 0.000129
1101110 0.000537 0.000040
0110100 0.000353 0.000097
0101000 0.000656 0.000200
1110001 0.000473 0.000076
0010101 0.000366 0.000130
1010001 0.000278 0.000094
1100000 0.000324 0.000026
0110010 0.000108 0.000020
0100010 0.000357 0.000056
0011101 0.000419 0.000106
0100000 0.000081 0.000040
0010001 0.000015 0.000021
0011001 0.000313 0.000103
0000000 0.000068 0.000018
0110001 0.000060 0.000042
