10100011 0.002811 0.000216
00011001 0.000160 0.000085
00011101 0.039074 0.001505
11100011 0.025086 0.000644
00110010 0.000354 0.000029
11110011 0.016563 0.000225
10001101 0.069161 0.000234
00001101 0.098685 0.001514
11010100 0.004608 0.000184
00100101 0.000167 0.000072
01110001 0.001202 0.000235
11100010 0.060505 0.001591
11000010 0.027804 0.000515
11101101 0.001116 0.000031
11000000 0.002269 0.000219
00010101 0.000884 0.000074
00011100 0.008935 0.000254
10010110 0.001314 0.000235
00111111 0.006385 0.000247
11010010 0.039966 0.001033
11110010 0.055322 0.001094
10101111 0.001938 0.000128
01101011 0.005310 0.000545
00111101 0.013480 0.000786
11101010 0.002989 0.000329
01110010 0.029464 0.001130
01011101 0.003256 0.000166
01001100 0.000736 0.000134
11100001 0.010650 0.000371
10101011 0.003660 0.000177
11100000 0.016037 0.000658
00111110 0.000688 0.000217
00101101 0.030339 0.000664
00010110 0.001117 0.000165
10001111 0.005811 0.000213
01110011 0.008642 0.000113
01111111 0.008049 0.000124
01100010 0.005170 0.000506
10000010 0.004005 0.000050
00001011 0.004194 0.000611
01001010 0.000523 0.000180
00011111 0.017962 0.000161
11111101 0.002383 0.000166
01011111 0.002174 0.000178
11111000 0.000582 0.000073
01010010 0.026427 0.001626
10101101 0.021831 0.000235
10011101 0.013618 0.000745
11110000 0.003711 0.000143
10000101 0.003899 0.000227
00101011 0.003266 0.000214
10001100 0.010651 0.000128
10110011 0.000967 0.000070
11110111 0.000776 0.000030
10010101 0.001186 0.000179
00011110 0.005034 0.000036
11101011 0.008879 0.000357
10011011 0.001541 0.000049
11111001 0.002043 0.000150
00001100 0.012683 0.000721
11111111 0.001833 0.000186
11010110 0.003288 0.000092
10001110 0.001116 0.000267
10001011 0.004621 0.000410
01111011 0.009552 0.000355
01111001 0.003634 0.000253
01111101 0.011356 0.000485
01011110 0.006162 0.000091
01110111 0.001563 0.000125
01110000 0.001642 0.000243
10010011 0.001002 0.000061
01011100 0.008551 0.000464
01101001 0.004362 0.000142
01001011 0.000234 0.000071
01010100 0.009438 0.000331
10101100 0.001268 0.000115
00111011 0.001977 0.000348
00011011 0.003471 0.000177
01111110 0.004466 0.000114
01110100 0.004845 0.000203
11111011 0.005692 0.000136
10111011 0.001013 0.000102
01100000 0.001402 0.000269
10010010 0.002968 0.000035
11101100 0.000504 0.000075
00001110 0.001306 0.000179
11110110 0.001944 0.000110
01111010 0.004192 0.000700
01000010 0.002635 0.000047
01111000 0.001033 0.000141
01101100 0.000365 0.000069
10000111 0.000495 0.000091
00101100 0.001233 0.000172
10111111 0.002069 0.000188
10011010 0.000571 0.000121
01011011 0.000893 0.000164
10011111 0.005116 0.000504
10011100 0.003469 0.000257
01010110 0.006069 0.000155
00001111 0.008116 0.000659
10000100 0.004020 0.000325
00101111 0.002686 0.000358
11110001 0.002916 0.000228
01110110 0.003660 0.000292
11110100 0.002403 0.000161
01101010 0.001237 0.000154
00101010 0.000120 0.000040
10111101 0.004783 0.000222
01011010 0.002910 0.000079
01000100 0.000110 0.000019
00010100 0.001307 0.000028
10100010 0.001148 0.000184
11101001 0.006965 0.000323
01001111 0.000010 0.000006
11001100 0.001059 0.000150
00101001 0.002354 0.000233
01100011 0.002643 0.000543
11101000 0.001801 0.000137
11101111 0.000179 0.000064
01101101 0.000912 0.000225
11111010 0.002770 0.000047
00001010 0.000698 0.000092
11111110 0.000807 0.000079
10000110 0.000553 0.000112
10011110 0.001545 0.000150
11001101 0.000451 0.000050
01111100 0.005790 0.000630
10111100 0.000388 0.000129
01010011 0.000787 0.000116
10010100 0.001899 0.000045
00111010 0.000265 0.000052
10101010 0.000186 0.000063
11010101 0.000295 0.000067
10110010 0.000576 0.000111
10101001 0.002519 0.000121
11011110 0.001169 0.000246
11011010 0.001877 0.000172
00111100 0.000907 0.000235
00100010 0.000133 0.000081
11111100 0.001534 0.000182
11010011 0.001103 0.000094
01010101 0.000536 0.000070
00010010 0.001615 0.000185
10100101 0.001345 0.000347
10001001 0.000854 0.000161
00101110 0.000133 0.000097
10100100 0.000302 0.000078
00011010 0.000983 0.000325
11011111 0.000472 0.000064
10000001 0.000115 0.000018
00000101 0.000554 0.000118
01100001 0.001257 0.000071
10110101 0.000542 0.000250
11010000 0.000819 0.000186
00100011 0.000441 0.000109
01110101 0.001632 0.000089
11011100 0.002431 0.000042
11000100 0.001097 0.000052
01010111 0.000303 0.000108
00100001 0.000075 0.000021
01101000 0.000639 0.000154
11010111 0.000111 0.000009
01101111 0.000109 0.000060
00000100 0.000583 0.000084
10000011 0.002103 0.000094
00000010 0.000297 0.000110
10111001 0.000163 0.000019
10001010 0.000834 0.000212
11001011 0.000338 0.000111
11011011 0.000354 0.000136
11100100 0.000616 0.000099
00010011 0.000649 0.000170
00110011 0.000545 0.000077
11001010 0.001237 0.000164
11011000 0.000116 0.000089
11100101 0.000246 0.000071
10100110 0.000060 0.000024
00001001 0.001200 0.000133
00010111 0.000457 0.000121
10110100 0.000212 0.000034
00010000 0.000014 0.000019
00000110 0.000084 0.000069
11011101 0.000691 0.000057
10100001 0.000649 0.000022
10010111 0.000615 0.000057
10111110 0.000226 0.000085
00110111 0.000271 0.000122
10110111 0.000171 0.000042
01001101 0.000353 0.000057
00111000 0.000029 0.000038
10110110 0.000208 0.000094
10111010 0.000181 0.000017
11101110 0.000065 0.000067
00101000 0.000093 0.000029
00110101 0.000358 0.000059
00000011 0.000311 0.000105
11001111 0.000072 0.000020
10111000 0.000021 0.000017
10001000 0.000145 0.000023
01100100 0.000128 0.000052
11110101 0.000925 0.000238
11000011 0.000903 0.000167
00001000 0.000120 0.000072
11100110 0.000170 0.000021
10100111 0.000151 0.000026
01010000 0.000517 0.000104
00110110 0.000141 0.000028
11001000 0.000211 0.000024
11001001 0.000044 0.000020
01101110 0.000089 0.000033
01000000 0.000189 0.000040
11000001 0.000112 0.000051
11000101 0.000082 0.000033
00100111 0.000021 0.000019
00110100 0.000098 0.000069
01011001 0.000021 0.000029
10000000 0.000112 0.000017
00110000 0.000021 0.000017
11000110 0.000187 0.000025
11001110 0.000125 0.000077
00111001 0.000413 0.000081
01011000 0.000142 0.000025
01100111 0.000003 0.000002
10011001 0.000051 0.000035
01000110 0.000019 0.000023
10100000 0.000087 0.000006
00100110 0.000030 0.000021
01100110 0.000005 0.000007
11100111 0.000054 0.000025
01001001 0.000047 0.000041
00011000 0.000057 0.000051
01000011 0.000094 0.000044
10110001 0.000036 0.000026
01001000 0.000164 0.000042
10101000 0.000034 0.000005
10011000 0.000028 0.000020
11010001 0.000001 0.000001
10101110 0.000096 0.000054
10010001 0.000014 0.000019
01001110 0.000094 0.000031
00000000 0.000030 0.000042
10010000 0.000014 0.000020
11011001 0.000002 0.000002
00100100 0.000044 0.000037
01100101 0.000070 0.000053
00000111 0.000035 0.000040
01000001 0.000001 0.000002
10110000 0.000013 0.000017
00110001 0.000015 0.000010
01010001 0.000001 0.000001
00000001 0.000014 0.000020
01000101 0.000014 0.000020
11000111 0.000000 0.000000
