00011011 0.002812 0.000194
01000001 0.022728 0.000747
01011101 0.007512 0.000054
01011110 0.013735 0.000495
00011111 0.039526 0.000912
10111111 0.026900 0.000779
00110100 0.000368 0.000035
10110100 0.003223 0.000075
01100000 0.050761 0.000733
10011101 0.008288 0.000566
10100000 0.021505 0.000743
10100001 0.020292 0.000330
10111110 0.014606 0.000040
00011110 0.054730 0.000626
01000000 0.035656 0.001085
11111101 0.006972 0.000359
11100110 0.000259 0.000028
11011111 0.005172 0.000336
10101000 0.002126 0.000128
10011111 0.039876 0.000327
01000100 0.016099 0.000518
00100011 0.001924 0.000045
01100010 0.006464 0.000596
10100100 0.006621 0.000612
11100100 0.013024 0.000526
01011111 0.021579 0.000317
11100001 0.041146 0.000937
01110111 0.001872 0.000275
10111011 0.003558 0.000174
01010011 0.007160 0.000053
00011100 0.002491 0.000175
01110000 0.002222 0.000152
10111100 0.006909 0.000494
01010111 0.003206 0.000199
10111101 0.009648 0.000463
10101001 0.002791 0.000298
00000000 0.002995 0.000335
11110011 0.003428 0.000128
01110011 0.009709 0.000488
11111100 0.003678 0.000111
10011110 0.036583 0.000601
01001101 0.008912 0.000354
01001111 0.003020 0.000076
11100000 0.044075 0.000860
11001101 0.002455 0.000262
11110101 0.004145 0.000365
01100001 0.032605 0.001039
10110110 0.000499 0.000035
01000110 0.001485 0.000119
10111010 0.001290 0.000150
01100100 0.010133 0.000480
01100011 0.016896 0.000918
01111111 0.002840 0.000165
01000101 0.009820 0.000403
01001100 0.006664 0.000156
10101101 0.003791 0.000431
01010101 0.002928 0.000373
11110001 0.002418 0.000191
11100010 0.001716 0.000114
00111111 0.003682 0.000158
01110110 0.000635 0.000203
11010100 0.000647 0.000150
11101100 0.003919 0.000569
01001000 0.004318 0.000267
11101000 0.004134 0.000427
11100011 0.004960 0.000101
10111001 0.000859 0.000105
00110111 0.000737 0.000086
11101001 0.005149 0.000242
01101011 0.001679 0.000219
00010111 0.001309 0.000113
00110011 0.002223 0.000287
11000101 0.001536 0.000191
11110000 0.002710 0.000185
11010000 0.000085 0.000064
01000011 0.011738 0.000495
01011011 0.004787 0.000496
01100111 0.002197 0.000158
01011100 0.007167 0.000178
01010010 0.002293 0.000146
01010000 0.001617 0.000076
11101011 0.000537 0.000057
01110010 0.002918 0.000161
11011101 0.004391 0.000239
00100000 0.005050 0.000227
11111010 0.000326 0.000143
11111011 0.001633 0.000234
00011000 0.000045 0.000005
10111000 0.000741 0.000232
11111111 0.004519 0.000245
01010100 0.004765 0.000363
01011001 0.000512 0.000098
01000010 0.004395 0.000185
10110101 0.003104 0.000070
10001101 0.001220 0.000134
01100101 0.005598 0.000138
00100101 0.000542 0.000049
00001100 0.000693 0.000065
10001100 0.000676 0.000042
11010101 0.000837 0.000078
10110111 0.002113 0.000347
10100101 0.006129 0.000144
00010011 0.001476 0.000247
10110011 0.003174 0.000210
01111110 0.000739 0.000026
10011100 0.008563 0.000316
01001010 0.000489 0.000045
10011011 0.001081 0.000039
10110001 0.002224 0.000137
00000001 0.001904 0.000304
00111110 0.002884 0.000095
00110000 0.000270 0.000009
11011110 0.003050 0.000221
01111011 0.002832 0.000109
01101001 0.003484 0.000223
00001000 0.000322 0.000027
11100101 0.010518 0.000090
01011010 0.001398 0.000167
11000100 0.002336 0.000209
00111011 0.001426 0.000158
11101101 0.006708 0.000284
00011101 0.001482 0.000137
01110001 0.001116 0.000082
11001001 0.000652 0.000028
01000111 0.003339 0.000099
01111001 0.000274 0.000076
00000100 0.001461 0.000067
00111101 0.000201 0.000042
01110100 0.002022 0.000269
00100001 0.003194 0.000239
11111110 0.001347 0.000072
01101000 0.003483 0.000523
11010111 0.000309 0.000045
01111100 0.001107 0.000047
01101100 0.002223 0.000108
00110101 0.000187 0.000064
11010010 0.000089 0.000030
10101100 0.002275 0.000039
11110100 0.003956 0.000089
10100011 0.001445 0.000170
01001001 0.004395 0.000276
01001011 0.002147 0.000080
01111101 0.001112 0.000198
11010011 0.000226 0.000069
11001100 0.001433 0.000171
11110010 0.000699 0.000127
11000000 0.002159 0.000138
00011010 0.002072 0.000109
01101101 0.002458 0.000156
11011100 0.003126 0.000362
01100110 0.000841 0.000087
10110010 0.000780 0.000082
00111010 0.000642 0.000077
11111000 0.000580 0.000161
00001101 0.000874 0.000158
11100111 0.000940 0.000097
00010100 0.000702 0.000080
00000111 0.000291 0.000104
01101010 0.000418 0.000086
10010101 0.000474 0.000087
11110111 0.001333 0.000130
01001110 0.000598 0.000007
00000010 0.000423 0.000094
10010111 0.000487 0.000081
10000000 0.000488 0.000118
00100111 0.000241 0.000036
00000101 0.000834 0.000075
10000101 0.000583 0.000045
00100010 0.000581 0.000053
10110000 0.001895 0.000173
00001001 0.000388 0.000075
00111100 0.000253 0.000009
00101101 0.000248 0.000083
00001111 0.000326 0.000093
00100100 0.001097 0.000157
10101011 0.000129 0.000024
00000011 0.000957 0.000010
11000001 0.001805 0.000110
01110101 0.001270 0.000248
11001000 0.000527 0.000112
01010110 0.001234 0.000045
01011000 0.000477 0.000042
10101111 0.000160 0.000060
10000001 0.000467 0.000032
00010110 0.000569 0.000059
01101111 0.000925 0.000147
10011010 0.000898 0.000089
00010101 0.000439 0.000102
11001111 0.000376 0.000019
10010100 0.000333 0.000066
11111001 0.000885 0.000079
11000011 0.000613 0.000101
11011011 0.000374 0.000082
00101100 0.000256 0.000080
10010000 0.000081 0.000041
10010010 0.000048 0.000024
01111000 0.000449 0.000085
10100010 0.000483 0.000124
10010001 0.000076 0.000032
00110010 0.000643 0.000085
10010110 0.000121 0.000031
01010001 0.001149 0.000015
11010110 0.000072 0.000004
11101111 0.000603 0.000122
00100110 0.000053 0.000022
10000100 0.000744 0.000105
10000011 0.000081 0.000044
00101001 0.000245 0.000059
11110110 0.000337 0.000063
10011001 0.000144 0.000045
00101000 0.000303 0.000058
00101011 0.000211 0.000069
10000111 0.000067 0.000011
00010010 0.000331 0.000106
11000111 0.000273 0.000039
00110001 0.000246 0.000098
11011010 0.000139 0.000032
00110110 0.000432 0.000145
00101111 0.000127 0.000028
00010001 0.000155 0.000020
11101010 0.000092 0.000050
10001001 0.000215 0.000015
11010001 0.000139 0.000029
00101010 0.000076 0.000029
01101110 0.000191 0.000027
00001110 0.000019 0.000012
11001011 0.000120 0.000042
10100111 0.000214 0.000065
11011001 0.000101 0.000051
11000010 0.000224 0.000017
10100110 0.000094 0.000038
00000110 0.000098 0.000023
11101110 0.000085 0.000034
00001010 0.000023 0.000019
01111010 0.000503 0.000091
00001011 0.000160 0.000028
11000110 0.000056 0.000023
11011000 0.000075 0.000031
10011000 0.000191 0.000052
10001110 0.000009 0.000007
10001111 0.000063 0.000014
10001000 0.000096 0.000073
00111001 0.000076 0.000012
10101010 0.000026 0.000022
10001010 0.000001 0.000001
00010000 0.000126 0.000045
00111000 0.000056 0.000024
11001010 0.000017 0.000013
10010011 0.000138 0.000051
00011001 0.000065 0.000024
10001011 0.000017 0.000010
10000010 0.000035 0.000013
00101110 0.000042 0.000041
10101110 0.000036 0.000041
11001110 0.000031 0.000033
10000110 0.000024 0.000017
