11000 0.170499 0.001256
00011 0.259582 0.001204
11100 0.228258 0.001491
00111 0.132381 0.002373
10100 0.008075 0.000133
01010 0.010237 0.000612
11011 0.008877 0.000327
11010 0.026587 0.001359
01011 0.008320 0.000598
11110 0.032192 0.000736
01111 0.003943 0.000115
10110 0.007405 0.000261
11001 0.006275 0.000338
01110 0.002893 0.000328
11111 0.014923 0.000112
10111 0.019905 0.000661
10011 0.004078 0.000360
11101 0.008322 0.000605
01100 0.001696 0.000241
10101 0.006614 0.000441
00001 0.009240 0.000163
01000 0.007125 0.000192
00110 0.008523 0.000279
00101 0.006138 0.000347
00010 0.002232 0.000497
10010 0.000139 0.000057
00100 0.002367 0.000377
10001 0.001265 0.000326
00000 0.000307 0.000221
01001 0.001030 0.000075
01101 0.000490 0.000196
10000 0.000082 0.000043
