101011 0.009962 0.000598
100011 0.040637 0.000604
000001 0.020287 0.000416
011100 0.079313 0.001299
100010 0.126788 0.000696
011101 0.126833 0.001365
111111 0.038223 0.002186
010000 0.004553 0.000178
011000 0.019093 0.000804
000101 0.009237 0.000552
001101 0.012781 0.000686
101110 0.009531 0.000509
100110 0.035474 0.000735
001001 0.019553 0.000408
110110 0.049783 0.000677
111110 0.039835 0.000769
111010 0.011644 0.000961
001110 0.000923 0.000137
101010 0.022126 0.000920
011001 0.030690 0.001064
001010 0.002842 0.000083
001100 0.009340 0.000289
110111 0.045072 0.001727
000000 0.020851 0.000354
111100 0.006916 0.000341
010100 0.015104 0.000232
010001 0.007389 0.000277
001000 0.019306 0.001001
101111 0.006273 0.000344
111011 0.010846 0.000571
100101 0.000434 0.000087
100111 0.018770 0.000380
011111 0.012392 0.000778
010101 0.024404 0.000143
110011 0.014520 0.000524
001111 0.001369 0.000192
110100 0.004398 0.000249
110101 0.002204 0.000112
111101 0.004102 0.000178
000010 0.003779 0.000374
110010 0.016010 0.000812
100001 0.001253 0.000135
000100 0.007704 0.000349
100100 0.001703 0.000250
101000 0.001642 0.000203
000110 0.000974 0.000287
101001 0.000558 0.000131
101100 0.000957 0.000027
010111 0.002487 0.000205
000111 0.001284 0.000009
100000 0.005272 0.000073
111000 0.001732 0.000306
011011 0.003156 0.000214
011110 0.005331 0.000148
000011 0.003090 0.000040
110000 0.001169 0.000256
101101 0.000355 0.000121
011010 0.001156 0.000020
001011 0.002578 0.000258
110001 0.000513 0.000200
111001 0.001025 0.000218
010011 0.001049 0.000131
010110 0.001173 0.000235
010010 0.000253 0.000071
