0100000 0.101296 0.000301
0101100 0.002497 0.000178
1100101 0.012121 0.000831
1000111 0.021938 0.001285
1011111 0.138664 0.002285
0110000 0.009020 0.000308
0111000 0.023597 0.001315
1101101 0.001737 0.000161
1010101 0.017536 0.001454
1011110 0.076541 0.000558
1010111 0.061641 0.001009
1111010 0.003567 0.000263
0100001 0.074094 0.000408
0011011 0.002292 0.000252
0101001 0.018660 0.000297
0011110 0.016081 0.000793
0101010 0.011867 0.000252
1011010 0.006772 0.000241
0110001 0.007077 0.000461
1100001 0.015308 0.000470
0111010 0.018313 0.000390
0111110 0.007553 0.000349
1111000 0.005535 0.000068
1100000 0.005875 0.000556
1111001 0.004028 0.000114
0111111 0.005436 0.000181
1111111 0.022250 0.000827
1000101 0.019597 0.000190
0011010 0.012228 0.000840
0100100 0.003423 0.000334
1010110 0.011115 0.000575
0101000 0.052637 0.000804
1110001 0.012169 0.000208
1000100 0.000596 0.000073
0000111 0.004239 0.000113
1110110 0.000471 0.000047
0000001 0.014921 0.000885
0010110 0.000724 0.000122
1110101 0.007218 0.000139
0000000 0.007754 0.000416
0001000 0.001490 0.000113
0111001 0.005548 0.000359
0000101 0.004637 0.000583
0111011 0.003966 0.000420
0101011 0.004308 0.000484
1011101 0.001218 0.000127
1111110 0.007716 0.000579
0100101 0.008084 0.000662
0000100 0.000640 0.000205
0000011 0.001894 0.000232
1110111 0.003835 0.000227
1010100 0.002269 0.000224
1110000 0.005946 0.000063
1010000 0.004005 0.000716
1010001 0.007925 0.000305
1100111 0.001938 0.000305
1100100 0.000828 0.000140
1101111 0.003309 0.000172
1101001 0.001711 0.000275
1010010 0.002618 0.000465
1111011 0.001963 0.000203
0011101 0.000083 0.000079
0110010 0.000395 0.000100
0111101 0.000894 0.000060
0111100 0.001333 0.000256
0100011 0.001082 0.000094
0100010 0.000971 0.000285
1000001 0.005857 0.000143
1001111 0.007697 0.000068
1011001 0.000603 0.000122
0011111 0.010477 0.000426
0001110 0.001399 0.000006
0010001 0.002487 0.000252
1100011 0.000129 0.000040
0100111 0.000946 0.000151
0110101 0.000644 0.000095
0001111 0.003814 0.000305
0101101 0.002723 0.000158
1101000 0.002158 0.000439
1011011 0.002072 0.000193
0101111 0.004805 0.000228
0000010 0.000965 0.000046
1110011 0.000385 0.000064
1011100 0.000444 0.000049
1111101 0.003214 0.000543
0110111 0.000350 0.000078
0010101 0.000559 0.000184
0010010 0.001087 0.000143
0010111 0.001917 0.000280
0001001 0.001151 0.000114
0001010 0.000883 0.000173
0010000 0.002484 0.000409
1011000 0.000892 0.000133
0011000 0.001765 0.000200
1010011 0.002609 0.000268
1001110 0.000794 0.000132
1000011 0.000687 0.000107
1101011 0.000532 0.000103
0101110 0.002537 0.000233
0100110 0.000152 0.000120
0001011 0.000752 0.000121
1111100 0.001374 0.000270
0011001 0.000609 0.000149
1101010 0.000473 0.000067
1101100 0.000592 0.000116
1101110 0.000683 0.000045
0110110 0.000121 0.000047
1110100 0.001137 0.000060
0000110 0.000623 0.000061
1001001 0.000255 0.000096
0010011 0.000972 0.000075
1000000 0.001009 0.000185
1001101 0.000493 0.000104
0011100 0.000132 0.000101
0010100 0.000190 0.000060
0110011 0.000303 0.000027
1000110 0.000342 0.000115
1001011 0.000137 0.000042
1100110 0.000022 0.000019
1110010 0.000256 0.000117
0001100 0.000102 0.000042
1000010 0.000186 0.000064
1001000 0.000149 0.000106
0110100 0.000270 0.000067
0001101 0.000365 0.000151
1001010 0.000120 0.000051
1100010 0.000077 0.000044
1001100 0.000046 0.000022
