01100 0.153626 0.001714
11100 0.029705 0.001192
11011 0.035610 0.001218
00111 0.061763 0.001564
10011 0.106179 0.001878
10111 0.005479 0.000479
00101 0.033198 0.000356
10001 0.011914 0.000066
00001 0.015493 0.000258
01101 0.096656 0.000575
11010 0.077006 0.001679
00011 0.068571 0.000093
10010 0.092480 0.001422
00110 0.016589 0.000289
01011 0.018383 0.000748
11110 0.014776 0.000587
01001 0.016509 0.000673
11000 0.030010 0.001109
10110 0.011651 0.000777
11001 0.020768 0.000398
00100 0.009114 0.000087
01111 0.025234 0.001021
01110 0.029903 0.000578
11101 0.005566 0.000431
10100 0.002239 0.000205
00010 0.002115 0.000140
10000 0.002965 0.000221
01000 0.000729 0.000213
01010 0.001175 0.000280
10101 0.001644 0.000309
11111 0.002712 0.000293
00000 0.000239 0.000018
