1111001 0.038096 0.001572
0000100 0.016133 0.000931
1101010 0.014441 0.000305
0000110 0.061169 0.001175
0111101 0.012013 0.000539
0100000 0.021340 0.000675
0010111 0.017085 0.000943
0111000 0.013099 0.000692
1011010 0.020707 0.000851
0110001 0.022400 0.000266
1001011 0.010459 0.000527
1000011 0.005791 0.000413
1111000 0.038456 0.000489
1001010 0.024949 0.000187
1111101 0.016586 0.000434
1111100 0.010437 0.000378
1010111 0.015262 0.000894
1011111 0.023408 0.000493
0000010 0.012193 0.000484
1011001 0.001411 0.000186
0010001 0.001039 0.000064
0000011 0.004389 0.000099
0100100 0.028552 0.000655
0101000 0.007914 0.000482
1011110 0.020058 0.000934
0010000 0.000259 0.000173
0010101 0.007692 0.000190
0100110 0.010598 0.000409
1001110 0.025049 0.000720
1000110 0.013130 0.000101
1101000 0.013062 0.000173
1110101 0.004000 0.000159
1100010 0.001086 0.000118
0100101 0.025943 0.000755
0100001 0.018622 0.001072
1111111 0.013059 0.000596
1101100 0.004134 0.000476
0000111 0.021794 0.000868
1101001 0.008892 0.000563
1001111 0.021131 0.000646
0110101 0.044433 0.000214
1110111 0.006519 0.000332
1111110 0.011227 0.000209
0011110 0.003618 0.000104
0111111 0.001726 0.000117
0101110 0.001046 0.000239
1111010 0.032970 0.002008
0110100 0.006174 0.000325
1000111 0.029758 0.001236
1100011 0.002377 0.000229
0111001 0.010576 0.000843
0101001 0.002767 0.000161
1100001 0.002336 0.000283
0101100 0.004344 0.000289
1011011 0.012159 0.000404
1111011 0.019126 0.000333
1011101 0.002436 0.000131
1001001 0.001589 0.000012
1000010 0.002763 0.000151
0110111 0.010192 0.000369
0000000 0.003927 0.000202
1001100 0.001827 0.000089
1100110 0.001924 0.000117
1100111 0.004852 0.000414
0001110 0.005168 0.000293
0010110 0.007423 0.000209
1101111 0.004265 0.000160
1011000 0.001547 0.000138
1101110 0.006254 0.000807
0101011 0.000185 0.000118
0100111 0.004298 0.000568
0111100 0.008143 0.000363
0001010 0.002249 0.000177
0000101 0.010806 0.000644
1101101 0.004822 0.000371
1110011 0.001879 0.000128
0000001 0.002412 0.000162
1101011 0.006402 0.000286
0011100 0.001088 0.000495
1001101 0.002307 0.000175
1000100 0.000976 0.000126
0010011 0.001718 0.000269
1001000 0.002652 0.000329
0001111 0.000847 0.000185
1010110 0.001544 0.000457
0110110 0.003404 0.000091
1010011 0.001636 0.000093
0111110 0.002128 0.000200
0001000 0.000788 0.000097
0011111 0.002353 0.000331
1011100 0.001677 0.000239
0101010 0.001214 0.000158
0100010 0.005179 0.000336
0011101 0.002060 0.000143
0101101 0.002154 0.000171
0110011 0.003157 0.000218
0100011 0.002102 0.000070
0011010 0.001229 0.000041
0110000 0.003895 0.000072
1010010 0.000136 0.000071
0110010 0.001240 0.000108
1000001 0.000533 0.000273
0111010 0.002531 0.000064
1100101 0.002501 0.000159
1000101 0.002469 0.000256
1010100 0.000072 0.000053
0001011 0.000283 0.000038
1100100 0.000698 0.000074
1110001 0.002207 0.000224
0011000 0.000611 0.000142
1010101 0.001146 0.000180
1100000 0.000707 0.000149
1110010 0.000170 0.000111
0010100 0.001402 0.000203
0001100 0.002066 0.000210
0101111 0.000291 0.000067
0111011 0.000812 0.000147
0010010 0.000827 0.000056
0011001 0.000292 0.000050
0001001 0.000402 0.000133
0011011 0.000425 0.000052
1110100 0.000377 0.000072
0001101 0.000516 0.000040
1110110 0.000322 0.000180
1110000 0.000158 0.000008
1010001 0.000091 0.000070
1000000 0.000244 0.000181
