0110000 0.067774 0.000535
1001101 0.121163 0.002000
1000111 0.038413 0.001561
1001111 0.080588 0.001497
1000101 0.030207 0.000964
0111011 0.010926 0.000316
1011101 0.014157 0.000249
0000101 0.010994 0.000224
0111010 0.033210 0.000427
0111110 0.011502 0.000201
1101101 0.022164 0.000759
1111101 0.016966 0.000392
1111001 0.012164 0.000450
0110010 0.122819 0.001308
0000111 0.013963 0.000395
0111000 0.017907 0.000323
1111111 0.014723 0.000806
1111011 0.017664 0.000963
1000011 0.012886 0.000594
1110010 0.010733 0.000409
0110110 0.010553 0.000589
1011111 0.017422 0.000808
1110011 0.011262 0.000856
0110011 0.014058 0.000412
