00111000 0.064293 0.000921
10000010 0.010535 0.000600
11000111 0.073476 0.001694
00010010 0.014863 0.000611
00111100 0.019925 0.000386
01000001 0.019380 0.000750
00110000 0.043244 0.000276
00110010 0.040998 0.001136
01001101 0.071439 0.000962
11001111 0.028248 0.001513
10110010 0.028033 0.000426
10111110 0.014602 0.000614
01000101 0.010117 0.000632
10010010 0.010403 0.000436
01011101 0.020304 0.001158
11010111 0.020677 0.000534
01111101 0.019781 0.001094
11001101 0.048243 0.001129
11011111 0.010827 0.000239
11111101 0.010913 0.000383
10111010 0.011115 0.000349
10000110 0.011605 0.000837
01101101 0.015268 0.000649
10110110 0.013610 0.000424
01001001 0.014542 0.000044
11101101 0.015554 0.000511
00111010 0.021281 0.000470
00010011 0.012556 0.000591
