000011 0.111177 0.000897
001100 0.044847 0.001243
101110 0.022584 0.000737
100011 0.037132 0.000426
011100 0.054740 0.002121
000110 0.004477 0.000394
101100 0.131805 0.002983
110011 0.054771 0.000877
110110 0.002857 0.000091
111100 0.151345 0.000348
110001 0.012308 0.000625
111001 0.003175 0.000104
011101 0.006972 0.000155
110111 0.006847 0.000452
111011 0.003440 0.000167
010011 0.150259 0.000863
100101 0.001570 0.000229
110101 0.001964 0.000170
111110 0.023160 0.000868
101010 0.001428 0.000030
100001 0.006367 0.000289
010001 0.005495 0.000183
111111 0.004430 0.000573
011011 0.010805 0.000497
111101 0.019361 0.001491
001110 0.020318 0.001057
100110 0.015243 0.000878
100010 0.006413 0.000212
011110 0.021403 0.000416
000010 0.009037 0.000197
010111 0.002577 0.000108
011111 0.003916 0.000144
100111 0.005864 0.000022
101101 0.003536 0.000158
100100 0.006260 0.000289
001010 0.002979 0.000443
001011 0.001016 0.000172
000001 0.002962 0.000320
000111 0.002460 0.000175
011000 0.001508 0.000322
011010 0.002587 0.000193
011001 0.003286 0.000532
101000 0.001243 0.000195
000000 0.000483 0.000069
001001 0.000225 0.000043
100000 0.001620 0.000028
101011 0.000392 0.000090
111000 0.001272 0.000132
110100 0.001438 0.000233
001000 0.001430 0.000124
010110 0.000781 0.000061
110000 0.000296 0.000057
010101 0.000129 0.000022
001101 0.000851 0.000067
101111 0.000913 0.000094
110010 0.000703 0.000145
000100 0.000182 0.000087
111010 0.000863 0.000186
010010 0.001168 0.000138
001111 0.000775 0.000119
101001 0.000400 0.000079
010000 0.000031 0.000039
000101 0.000057 0.000052
010100 0.000066 0.000016
