11001 0.329790 0.001027
00110 0.264528 0.001210
00010 0.027964 0.000636
11010 0.004645 0.000415
11110 0.030497 0.000931
10011 0.006484 0.000657
10111 0.007936 0.000474
10001 0.014224 0.001062
01001 0.031173 0.000295
01100 0.002015 0.000285
00111 0.011544 0.000429
11111 0.038933 0.001386
00000 0.008856 0.000203
11100 0.005846 0.000016
11101 0.055677 0.001717
00001 0.020781 0.000310
10110 0.039151 0.000265
01110 0.020385 0.000824
11000 0.010109 0.000828
10010 0.006684 0.000491
00011 0.011138 0.000262
11011 0.020402 0.000447
01111 0.006410 0.000531
01101 0.004806 0.000335
10000 0.002874 0.000227
00100 0.001851 0.000270
01011 0.004671 0.000236
00101 0.001425 0.000085
01010 0.003015 0.000211
10100 0.000525 0.000047
01000 0.003965 0.000501
10101 0.001697 0.000086
