0111111111111000000100 0.05361363636363636
0111111111111000000000 0.08022727272727273
1000000000000111110110 0.06137272727272727
1000000000000111110111 0.06720454545454546
0111111111111000001000 0.06737727272727273
0111111111111000000001 0.07672272727272728
1000000000000111110010 0.03895454545454546
1000000000000111111110 0.0774909090909091
1010000100011100000111 0.0039545454545454545
0111111111111000001100 0.04340909090909091
1010000100011100000011 0.0023363636363636364
1000000000000111111010 0.05085909090909091
1000000000000111110011 0.04382727272727273
0111111111111000001001 0.062118181818181815
0111111111111000000101 0.05083181818181818
1000000000000111111111 0.08113636363636363
1000000000000111111011 0.053177272727272726
0111111111111000001101 0.03893636363636364
0101111011101011011010 0.0014681818181818181
0101111011100011111101 0.0029863636363636364
1010000100011100000010 0.003068181818181818
1010000100011100000110 0.006245454545454545
0101111011100011111001 0.0063363636363636365
0101111011100011111000 0.004131818181818182
1010000100011100000100 0.0035727272727272726
1010000100010100100100 0.00042272727272727275
0101111011100011111011 0.0037818181818181818
1010000100001110100010 0.0027409090909090907
1010000100011100001100 0.0009181818181818182
1010000100010100100101 0.0013954545454545454
0101111011100011110011 0.0009545454545454546
0101111011110001011101 0.002872727272727273
1010000100011100000101 0.001440909090909091
0101111011100011111100 0.0022636363636363635
0101111011101011011011 0.0004772727272727273
0101111011100011111010 0.001209090909090909
