0111111111111000001000 0.06662727272727273
0111111111111000001001 0.06199545454545455
1000000000000111110011 0.043704545454545454
1000000000000111110110 0.060245454545454546
0111111111111000001100 0.04463181818181818
0111111111111000000000 0.07979090909090909
0111111111111000001101 0.03904545454545454
1000000000000111111111 0.08071818181818181
0111111111111000000101 0.05084090909090909
1000000000000111110010 0.03929090909090909
1010000100001110100010 0.0027318181818181816
0111111111111000000001 0.07808636363636363
1000000000000111110111 0.06658181818181819
1000000000000111111110 0.07826363636363637
0111111111111000000100 0.052695454545454545
1000000000000111111011 0.05295909090909091
1010000100011100000110 0.006390909090909091
1000000000000111111010 0.05137272727272727
1010000100011100000100 0.00365
1010000100011100000111 0.004159090909090909
1010000100010100100100 0.00048181818181818184
0101111011100011111001 0.006595454545454546
1010000100011100000011 0.0023227272727272727
0101111011100011111011 0.0034863636363636364
0101111011101011011010 0.0016136363636363635
0101111011100011111000 0.0037818181818181818
0101111011100011111101 0.0029318181818181817
0101111011100011111010 0.0014545454545454545
0101111011110001011101 0.0030045454545454546
1010000100011100000010 0.002990909090909091
0101111011101011011011 0.00044090909090909093
1010000100011100001100 0.0010636363636363636
1010000100010100100101 0.0014818181818181818
1010000100011100000101 0.0012818181818181817
0101111011100011111100 0.002309090909090909
0101111011100011110011 0.0008136363636363636
