0111111111111000000101 0.0514
0111111111111000000001 0.078
1000000000000111111111 0.0798909090909091
1000000000000111111011 0.05381818181818182
1000000000000111110011 0.04354545454545455
0111111111111000000100 0.05306363636363636
1000000000000111110010 0.038627272727272725
1000000000000111110110 0.06111363636363636
0111111111111000001001 0.06176818181818182
1000000000000111111010 0.05157727272727273
1010000100011100000100 0.0035363636363636365
0111111111111000000000 0.08113181818181818
0111111111111000001100 0.04380909090909091
0111111111111000001000 0.06718181818181818
1010000100011100000010 0.0029545454545454545
1000000000000111111110 0.07711818181818182
1000000000000111110111 0.06633181818181819
0111111111111000001101 0.03893181818181818
1010000100001110100010 0.002927272727272727
1010000100011100000111 0.0038227272727272728
0101111011100011111101 0.0030545454545454548
0101111011100011111001 0.0063318181818181815
0101111011100011111011 0.00345
0101111011100011111100 0.0022090909090909092
0101111011110001011101 0.002713636363636364
0101111011101011011010 0.0015454545454545454
1010000100010100100101 0.001590909090909091
1010000100011100000110 0.006168181818181818
0101111011100011111010 0.0013363636363636364
0101111011100011110011 0.000990909090909091
0101111011100011111000 0.004113636363636364
1010000100011100000011 0.0023954545454545457
0101111011101011011011 0.00048181818181818184
1010000100011100001100 0.0009727272727272727
1010000100010100100100 0.0004318181818181818
1010000100011100000101 0.0015
