0.178090
0.108751
0.339310
0.321497
0.419306
0.439113
0.375263
0.184620
0.244753
0.252245
0.202484
0.192709
0.258307
0.469720
0.113447
0.099701
0.149758
0.164514
0.302464
0.271828
0.149356
0.256329
0.185178
0.170299
0.128338
0.128582
0.150738
0.156189
0.146219
0.146701
0.274095
0.266488
0.190082
0.117065
0.163739
0.313983
0.195106
0.200510
0.326583
0.176169
0.350606
0.195618
0.117214
0.205861
0.217435
0.222177
0.237369
0.316383
0.077459
0.139154
0.148171
0.226050
0.129647
0.115346
0.137534
0.182417
0.092977
0.109114
0.191196
0.376611
0.251094
0.295950
0.106292
0.125320
0.086243
0.233168
0.100014
0.130055
0.137439
0.118157
0.179194
0.171366
0.351972
0.308943
0.509115
0.356578
0.378255
0.201971
0.303814
0.601635
0.324621
0.268312
0.253987
0.441548
0.123920
0.291503
0.246225
0.286397
0.419794
0.324584
0.132310
0.309947
0.462030
0.240030
0.137966
0.157714
0.087034
0.093615