8.714099999999999624e-02
1.356449999999999878e-01
1.368890000000000107e-01
2.730759999999999854e-01
2.292329999999999923e-01
1.554169999999999996e-01
2.418200000000000072e-01
1.421159999999999923e-01
2.866549999999999931e-01
2.735810000000000186e-01
1.517580000000000040e-01
3.871200000000000196e-01
4.206039999999999779e-01
2.189540000000000097e-01
1.667530000000000123e-01
2.493130000000000068e-01
3.005360000000000253e-01
5.246920000000000472e-01
8.647499999999999631e-02
7.810499999999999388e-02
2.598150000000000182e-01
4.711659999999999737e-01
3.073359999999999981e-01
5.076140000000000096e-01
2.403619999999999923e-01
3.761470000000000091e-01
2.233549999999999980e-01
1.710969999999999991e-01
2.421169999999999989e-01
2.578610000000000069e-01
2.818999999999999839e-01
2.184450000000000003e-01
2.714019999999999766e-01
2.016469999999999929e-01
1.675389999999999935e-01
3.213670000000000138e-01
1.242230000000000001e-01
1.531240000000000101e-01
2.567429999999999990e-01
2.301489999999999925e-01
6.415849999999999609e-01
3.665510000000000157e-01
1.922629999999999895e-01
1.978219999999999978e-01
2.877680000000000238e-01
4.156659999999999799e-01
2.332420000000000049e-01
2.512699999999999934e-01
2.166559999999999875e-01
1.705450000000000021e-01
1.290489999999999970e-01
2.330530000000000102e-01
2.165479999999999905e-01
1.280739999999999934e-01
1.099419999999999981e-01
1.235030000000000017e-01
3.140410000000000146e-01
2.688189999999999746e-01
2.085660000000000014e-01
3.861290000000000000e-01
1.841839999999999866e-01
2.148930000000000007e-01
2.208829999999999960e-01
2.047970000000000068e-01
2.256400000000000072e-01
1.451379999999999892e-01
1.325030000000000097e-01
2.675259999999999860e-01
1.747430000000000094e-01
1.702809999999999879e-01
2.371769999999999989e-01
3.128090000000000037e-01
1.706610000000000071e-01
2.604500000000000148e-01
1.786570000000000102e-01
1.660550000000000082e-01
3.857700000000000018e-01
2.165779999999999927e-01
2.347059999999999980e-01
4.299830000000000041e-01
1.500239999999999907e-01
1.991999999999999882e-01
1.163200000000000067e-01
8.756200000000000094e-02
1.638479999999999936e-01
3.119919999999999916e-01
1.239090000000000052e-01
2.099499999999999977e-01
2.272270000000000123e-01
2.875400000000000178e-01
7.264400000000000024e-02
1.474739999999999940e-01
1.804640000000000133e-01
1.811109999999999942e-01
2.155600000000000016e-01
1.772340000000000027e-01
2.041650000000000131e-01
1.711870000000000058e-01
1.352270000000000139e-01
1.391300000000000037e-01
2.055279999999999885e-01
1.751379999999999881e-01
4.016210000000000058e-01
2.223620000000000041e-01
2.074920000000000098e-01
3.228340000000000098e-01
1.555690000000000128e-01
3.720680000000000098e-01
1.097700000000000065e-01
1.349990000000000079e-01
2.456939999999999957e-01
5.249559999999999782e-01
2.357899999999999996e-01
3.898570000000000091e-01
1.380639999999999923e-01
1.457859999999999989e-01
3.305080000000000240e-01
2.112509999999999943e-01
1.762400000000000078e-01
2.104229999999999989e-01
3.283340000000000147e-01
2.155340000000000034e-01
1.774199999999999944e-01
1.482279999999999986e-01
9.886999999999999955e-02
1.931209999999999871e-01
1.046539999999999970e-01
1.588529999999999942e-01
