2.357630000000000003e-01
5.816550000000000331e-01
3.490869999999999806e-01
2.496120000000000005e-01
2.878760000000000208e-01
1.019420000000000048e-01
2.830820000000000003e-01
1.574069999999999914e-01
2.252560000000000118e-01
6.340820000000000345e-01
2.835860000000000047e-01
2.011650000000000105e-01
4.637740000000000196e-01
2.540830000000000033e-01
2.604299999999999948e-01
2.126619999999999899e-01
3.257240000000000135e-01
5.824479999999999658e-01
3.574419999999999820e-01
1.325999999999999956e-01
8.851799999999999946e-02
2.913069999999999826e-01
3.213119999999999865e-01
7.931699999999999862e-02
1.875920000000000087e-01
4.325080000000000036e-01
4.195499999999999785e-01
2.655230000000000090e-01
5.353620000000000045e-01
2.014189999999999869e-01
1.571029999999999927e-01
1.383880000000000110e-01
