2.114459999999999951e-01
1.663129999999999886e-01
1.816049999999999887e-01
1.739779999999999938e-01
2.279019999999999935e-01
4.640759999999999885e-01
1.944529999999999870e-01
2.515620000000000078e-01
1.171719999999999984e-01
1.998459999999999959e-01
4.188109999999999888e-01
2.455229999999999912e-01
1.937220000000000053e-01
2.416739999999999999e-01
2.343050000000000133e-01
4.450009999999999799e-01
1.282570000000000099e-01
9.610599999999999699e-02
8.615899999999999948e-02
9.722899999999999598e-02
6.327099999999999391e-02
1.349309999999999954e-01
4.200189999999999757e-01
2.434540000000000037e-01
8.996300000000000130e-02
1.876659999999999995e-01
1.836990000000000012e-01
1.039280000000000065e-01
3.221700000000000119e-01
2.143490000000000117e-01
8.148299999999999987e-02
1.336660000000000070e-01
