9.507999999999999785e-02
3.474760000000000071e-01
6.360599999999999588e-02
7.214099999999999679e-02
2.953479999999999994e-01
2.489190000000000014e-01
2.040510000000000101e-01
1.769509999999999972e-01
5.016909999999999981e-01
8.855439999999999978e-01
3.486349999999999727e-01
1.399779999999999913e-01
6.245829999999999993e-01
4.222360000000000002e-01
3.841289999999999982e-01
3.421259999999999857e-01
1.812759999999999927e-01
3.577529999999999877e-01
1.972289999999999877e-01
1.364339999999999997e-01
1.557779999999999998e-01
1.725790000000000102e-01
4.771819999999999951e-01
2.900449999999999973e-01
2.135479999999999878e-01
2.709039999999999782e-01
1.330770000000000008e-01
9.508199999999999985e-02
1.660899999999999876e-01
2.686439999999999939e-01
1.732009999999999939e-01
2.247510000000000063e-01
