1.234819999999999945e-01
2.441530000000000089e-01
3.527460000000000040e-01
4.645429999999999837e-01
2.715319999999999956e-01
5.592209999999999681e-01
1.730949999999999989e-01
3.045889999999999986e-01
2.262679999999999969e-01
3.749609999999999888e-01
1.597580000000000111e-01
4.795539999999999803e-01
1.401610000000000078e-01
1.141419999999999935e-01
2.761540000000000106e-01
2.660629999999999939e-01
1.502340000000000064e-01
1.463899999999999924e-01
2.850900000000000101e-01
2.828039999999999998e-01
2.359300000000000008e-01
1.527499999999999969e-01
2.178519999999999901e-01
1.232950000000000018e-01
1.419640000000000069e-01
1.708880000000000121e-01
1.831629999999999925e-01
1.013799999999999979e-01
3.154190000000000049e-01
2.078010000000000135e-01
3.452770000000000006e-01
1.701590000000000047e-01
1.863440000000000096e-01
3.983570000000000166e-01
4.164490000000000136e-01
2.727780000000000205e-01
3.584590000000000276e-01
2.764389999999999903e-01
7.527409999999999934e-01
4.475680000000000214e-01
3.520039999999999836e-01
1.702940000000000009e-01
5.144800000000000068e-02
1.744930000000000092e-01
2.658309999999999840e-01
1.616180000000000117e-01
1.263569999999999971e-01
9.496499999999999386e-02
1.316360000000000030e-01
3.463950000000000085e-01
