1.981559999999999988e-01
1.547929999999999862e-01
1.946259999999999935e-01
3.516599999999999726e-01
1.893110000000000070e-01
1.823539999999999883e-01
2.226920000000000011e-01
2.217480000000000007e-01
2.620870000000000144e-01
3.456389999999999740e-01
2.351159999999999917e-01
2.728720000000000034e-01
3.546570000000000000e-01
3.494590000000000196e-01
1.923729999999999885e-01
2.802120000000000166e-01
1.932419999999999971e-01
2.681760000000000255e-01
4.917480000000000184e-01
3.045869999999999966e-01
1.630749999999999977e-01
2.031979999999999897e-01
8.769299999999999318e-02
1.176569999999999977e-01
1.633330000000000060e-01
3.270819999999999839e-01
1.669700000000000073e-01
2.215789999999999982e-01
3.319400000000000128e-01
2.027720000000000078e-01
2.564029999999999920e-01
1.400349999999999928e-01
2.724409999999999887e-01
3.806089999999999751e-01
2.312140000000000029e-01
1.665959999999999941e-01
2.610919999999999908e-01
1.805789999999999895e-01
2.038250000000000062e-01
2.704119999999999857e-01
2.313949999999999896e-01
1.853490000000000137e-01
2.112549999999999983e-01
4.286240000000000050e-01
1.079809999999999937e-01
1.008850000000000025e-01
4.792839999999999878e-01
2.499589999999999868e-01
1.806869999999999865e-01
3.551699999999999857e-01
2.351930000000000132e-01
6.269109999999999960e-01
4.413190000000000168e-01
2.617200000000000082e-01
2.692069999999999741e-01
5.401089999999999502e-01
1.802769999999999928e-01
2.870440000000000214e-01
2.528079999999999772e-01
3.817189999999999750e-01
3.810859999999999803e-01
1.807519999999999960e-01
1.544590000000000130e-01
1.823770000000000113e-01
1.599949999999999983e-01
1.500710000000000099e-01
1.136619999999999991e-01
1.523629999999999984e-01
3.767309999999999826e-01
6.278660000000000352e-01
1.894730000000000025e-01
2.481579999999999897e-01
3.595760000000000067e-01
3.059370000000000145e-01
2.700089999999999990e-01
5.690549999999999775e-01
1.805569999999999953e-01
2.871290000000000231e-01
2.928899999999999837e-01
1.920910000000000117e-01
1.415649999999999964e-01
1.507499999999999951e-01
1.747519999999999907e-01
2.979350000000000054e-01
1.521649999999999947e-01
1.559439999999999993e-01
2.148750000000000104e-01
3.542810000000000126e-01
1.440730000000000066e-01
2.296159999999999868e-01
2.306110000000000104e-01
2.153829999999999911e-01
2.632160000000000055e-01
3.087309999999999777e-01
2.477219999999999978e-01
1.552370000000000139e-01
3.885950000000000237e-01
2.151230000000000087e-01
2.462940000000000129e-01
3.847670000000000257e-01
1.590320000000000067e-01
1.707329999999999959e-01
1.780400000000000038e-01
1.438840000000000119e-01
1.169710000000000055e-01
1.619639999999999969e-01
1.508940000000000003e-01
1.943940000000000112e-01
3.106389999999999985e-01
1.673179999999999945e-01
1.153160000000000018e-01
2.312569999999999903e-01
3.439929999999999932e-01
6.355600000000000138e-01
1.844810000000000061e-01
3.237740000000000062e-01
4.276789999999999758e-01
2.513850000000000251e-01
3.316810000000000036e-01
2.287500000000000089e-01
1.315350000000000130e-01
1.654359999999999997e-01
1.403339999999999865e-01
1.505720000000000114e-01
1.357180000000000053e-01
1.378010000000000068e-01
1.588809999999999945e-01
1.770309999999999939e-01
1.946990000000000109e-01
2.365879999999999928e-01
2.265989999999999949e-01
1.581380000000000008e-01
1.505070000000000019e-01
2.573540000000000272e-01
1.651350000000000040e-01
1.995409999999999962e-01
1.551800000000000124e-01
3.026320000000000121e-01
1.922649999999999915e-01
1.850960000000000105e-01
1.309400000000000008e-01
2.111030000000000129e-01
3.744620000000000171e-01
1.646370000000000056e-01
1.694640000000000035e-01
3.455489999999999950e-01
1.315540000000000043e-01
2.146899999999999920e-01
3.377539999999999987e-01
1.873259999999999925e-01
5.288659999999999473e-01
2.138019999999999921e-01
3.243389999999999884e-01
3.731709999999999749e-01
1.091329999999999939e-01
1.385299999999999865e-01
2.786109999999999975e-01
1.791399999999999937e-01
2.974410000000000109e-01
4.413779999999999926e-01
4.015079999999999760e-01
2.279049999999999965e-01
1.664490000000000136e-01
1.886339999999999961e-01
1.907949999999999924e-01
1.875880000000000047e-01
4.303879999999999928e-01
2.642630000000000257e-01
2.363069999999999893e-01
3.311100000000000154e-01
2.353149999999999964e-01
2.751270000000000104e-01
3.600329999999999919e-01
3.662900000000000045e-01
2.004720000000000113e-01
4.166360000000000063e-01
2.550799999999999734e-01
2.051219999999999988e-01
1.944629999999999970e-01
1.848249999999999893e-01
1.632919999999999927e-01
1.848589999999999955e-01
1.646170000000000133e-01
1.629849999999999910e-01
1.941130000000000078e-01
2.816549999999999887e-01
1.731499999999999984e-01
2.100920000000000010e-01
4.571089999999999876e-01
2.492379999999999873e-01
2.150370000000000059e-01
2.259579999999999922e-01
1.993469999999999964e-01
3.682409999999999850e-01
1.642579999999999874e-01
1.831929999999999947e-01
2.099660000000000137e-01
1.708129999999999926e-01
1.098139999999999949e-01
2.012009999999999910e-01
