0.102252
0.225078
0.239744
0.283253
0.137929
0.218967
0.338450
0.188969
0.249166
0.177029
0.167253
0.323122
0.184719
0.274324
0.145376
0.139059
0.265750
0.105613
0.142260
0.317121
0.095437
0.080941
0.114297
0.129870
0.309827
0.151319
0.118508
0.256715
0.137044
0.110212
0.095378
0.162675
0.277415
0.264145
0.360157
0.339761
0.215256
0.155741
0.263361
0.308668
0.309964
0.348667
0.517650
0.374455
0.336345
0.312805
0.183329
0.252668
0.193625
0.462812
0.218752
0.341803
0.110219
0.221959
0.099051
0.181303
0.220157
0.294846
0.379915
0.225499
0.519015
0.239336
0.177135
0.110601
0.459184
0.213882
0.273357
0.268797
0.133395
0.135708
0.228402
0.413211
0.151992
0.195345
0.185792
0.331704
0.172907
0.286466
0.175749
0.152833
0.113143
0.176888
0.175472
0.252585
0.127744
0.145989
0.206960
0.107553
0.196632
0.438107
0.123508
0.231691
0.410645
0.224206
0.156283
0.108968
0.140560
0.228793
0.289237
0.652074
0.122094
0.140635
0.202573
0.192838
0.188085
0.287788
0.380293
0.202656
0.111282
0.227880
0.129764
0.148562
0.245808
0.304721
0.318897
0.421185
0.215549
0.419506
0.671413
0.342045
0.287469
0.400806
0.617266
0.481252
0.397725
0.229648
0.401945
0.230886