0.413384
0.343320
0.118163
0.126306
0.228901
0.545120
0.465584
0.149303
0.206066
0.558951
0.600409
0.232484
0.580166
0.441000
0.231388
0.659459
0.195510
0.190953
0.656458
0.346184
0.089317
0.103766
0.255309
0.283306
0.685090
0.550251
0.387556
0.236570
0.597409
0.411922
0.558814
0.140367
0.573875
0.643550
0.413873
0.238961
0.363726
0.666549
0.142943
0.109953
0.137722
0.223057
0.148758
0.131160
0.233671
0.144892
0.306328
0.559713
0.332951
0.166044
0.616258
0.259053
0.222317
0.186728
0.636092
0.340911
0.567881
0.110084
0.252836
0.260473
0.282922
0.094971
0.219371
0.261868
0.575100
0.388566
0.699836
0.561580
0.563874
0.622732
0.233783
0.180277
0.491255
0.673710
0.129445
0.107464
0.247680
0.179109
0.165338
0.398883
0.135757
0.237639
0.384210
0.595539
0.359270
0.183203
0.787830
0.641932
0.204715
0.204123
0.559452
0.214111
0.119606
0.273847
0.180896
0.248938
0.157370
0.324351
0.130233
0.426045
0.327283
0.441496
0.321466
0.214076
0.203071
0.640112
0.329593
0.235825
0.565255
0.273867
0.533149
0.111046
0.195868
0.270330
0.497340
0.106409
0.184699
0.262153
0.567336
0.318064
0.103028
0.166907
0.497894
0.603715
0.356626
0.199615
0.574231
0.368224
0.062515
0.073768
0.140239
0.126764
0.083931
0.075530
0.171683
0.423702
0.556254
0.445118
0.087096
0.085094
0.469364
0.716804
0.168261
0.092654
0.653019
0.246973
0.120590
0.144242
0.238560
0.531286
0.486732
0.149860
0.224827
0.570209
0.599930
0.298757
0.389684
0.204990
0.336571
0.645330
0.157477
0.204160