0.083880
0.059573
0.253001
0.221623
0.216855
0.200262
0.499246
0.291408
0.341686
0.436840
0.235223
0.241447
0.147008
0.087849
0.046601
0.145219
0.149233
0.161282
0.152950
0.127873
0.302387
0.201858
0.204857
0.148733
0.114462
0.114236
0.173853
0.234805
0.083868
0.086923
0.251564
0.390835
0.271322
0.408972
0.215845
0.491044
0.173645
0.093917
0.446636
0.269997
0.171283
0.185228
0.066434
0.084234
0.340066
0.318583
0.233781
0.180951
0.118741
0.231736
0.457204
0.237838
0.192665
0.364588
0.188545
0.188745
0.192161
0.116581
0.242250
0.197307
0.104847
0.203394
0.215897
0.184500
0.278601
0.392153
0.204887
0.167492
0.340292
0.295082
0.060756
0.103218