1.926269999999999927e-01
1.463530000000000109e-01
2.440620000000000012e-01
3.400989999999999847e-01
3.785060000000000091e-01
3.409579999999999833e-01
1.991519999999999957e-01
1.919220000000000093e-01
2.143249999999999877e-01
2.284879999999999967e-01
2.306020000000000014e-01
4.159939999999999749e-01
1.841889999999999916e-01
2.268570000000000031e-01
2.824909999999999921e-01
3.423209999999999864e-01
4.135220000000000007e-01
2.429739999999999955e-01
2.036600000000000077e-01
2.406590000000000118e-01
1.399140000000000106e-01
2.561050000000000271e-01
1.168750000000000067e-01
1.825050000000000006e-01
3.374889999999999834e-01
2.412279999999999980e-01
1.610399999999999887e-01
2.863280000000000269e-01
1.783369999999999955e-01
1.650510000000000033e-01
1.817060000000000064e-01
3.015320000000000222e-01
1.769920000000000104e-01
3.014470000000000205e-01
2.623599999999999821e-01
2.386969999999999925e-01
1.969940000000000024e-01
1.774640000000000106e-01
2.021340000000000081e-01
1.470329999999999970e-01
1.168649999999999967e-01
1.281039999999999957e-01
2.170120000000000104e-01
1.766149999999999942e-01
1.598849999999999993e-01
2.647930000000000006e-01
2.399489999999999956e-01
1.466810000000000058e-01
1.424860000000000015e-01
1.444769999999999943e-01
2.485789999999999944e-01
1.520960000000000090e-01
1.588729999999999865e-01
1.451119999999999910e-01
2.445110000000000061e-01
1.418949999999999934e-01
1.592050000000000132e-01
1.339390000000000025e-01
1.655600000000000127e-01
1.463019999999999876e-01
1.300640000000000129e-01
1.255890000000000062e-01
2.244780000000000109e-01
2.387259999999999938e-01
2.759599999999999831e-01
2.972690000000000055e-01
8.419599999999999307e-02
1.290040000000000076e-01
1.524220000000000019e-01
1.551130000000000009e-01
1.597580000000000111e-01
1.578690000000000093e-01
1.660490000000000022e-01
1.667279999999999873e-01
2.664369999999999794e-01
2.245499999999999996e-01
2.876909999999999745e-01
1.743669999999999942e-01
1.466300000000000103e-01
1.666040000000000021e-01
1.855140000000000122e-01
1.654339999999999977e-01
2.788900000000000268e-01
2.899109999999999743e-01
3.552919999999999967e-01
3.586810000000000276e-01
1.873859999999999970e-01
1.905689999999999884e-01
2.368190000000000017e-01
1.643570000000000031e-01
2.215310000000000057e-01
3.888099999999999890e-01
3.695180000000000131e-01
2.030260000000000120e-01
2.809920000000000195e-01
3.441679999999999739e-01
1.986590000000000023e-01
2.065909999999999969e-01
2.201579999999999926e-01
2.390299999999999925e-01
1.845440000000000136e-01
3.054169999999999940e-01
2.915829999999999811e-01
2.318719999999999948e-01
2.688159999999999994e-01
3.658549999999999858e-01
3.211789999999999923e-01
1.793810000000000127e-01
1.701759999999999939e-01
2.046020000000000061e-01
1.210269999999999957e-01
1.189449999999999952e-01
3.661900000000000155e-01
2.050740000000000063e-01
5.181419999999999915e-01
3.355890000000000262e-01
1.696660000000000112e-01
2.082110000000000072e-01
2.146109999999999962e-01
1.874429999999999985e-01
1.557989999999999930e-01
1.614440000000000042e-01
2.215479999999999949e-01
2.661379999999999857e-01
3.736920000000000242e-01
6.784010000000000318e-01
1.783049999999999913e-01
1.724209999999999909e-01
2.068750000000000033e-01
3.542420000000000013e-01
1.898019999999999985e-01
1.641700000000000104e-01
1.253769999999999885e-01
1.525479999999999892e-01
3.571829999999999727e-01
5.229120000000000434e-01
2.225469999999999948e-01
4.152879999999999905e-01
2.005899999999999905e-01
2.214250000000000107e-01
1.372680000000000011e-01
1.482009999999999994e-01
4.314870000000000094e-01
2.937980000000000036e-01
3.413269999999999915e-01
2.189629999999999910e-01
2.998950000000000227e-01
1.565920000000000090e-01
1.753029999999999866e-01
1.751969999999999916e-01
1.631749999999999867e-01
1.596829999999999916e-01
1.772340000000000027e-01
1.583579999999999988e-01
1.719880000000000020e-01
2.079390000000000127e-01
1.676080000000000070e-01
1.703749999999999987e-01
1.804109999999999880e-01
3.208309999999999773e-01
1.569399999999999962e-01
1.541559999999999875e-01
2.670919999999999961e-01
2.406840000000000090e-01
3.861100000000000088e-01
2.143460000000000087e-01
1.598140000000000116e-01
1.757599999999999996e-01
2.028770000000000018e-01
3.918409999999999949e-01
2.092160000000000131e-01
3.535159999999999969e-01
1.894710000000000005e-01
3.707779999999999965e-01
3.027270000000000238e-01
2.620600000000000152e-01
1.016709999999999975e-01
1.166859999999999981e-01
2.188110000000000055e-01
1.862320000000000086e-01
2.014330000000000009e-01
3.660359999999999725e-01
6.473750000000000338e-01
3.946379999999999888e-01
3.788130000000000108e-01
3.759040000000000159e-01
2.189750000000000030e-01
4.015239999999999920e-01
2.320210000000000050e-01
2.490439999999999876e-01
2.176700000000000024e-01
2.079020000000000035e-01
2.030450000000000033e-01
2.226950000000000041e-01
3.217099999999999960e-01
3.430690000000000128e-01
4.220949999999999980e-01
2.640770000000000062e-01
4.296869999999999856e-01
2.865280000000000049e-01
