1.679559999999999942e-01
2.122940000000000105e-01
2.190419999999999867e-01
1.836909999999999932e-01
3.063660000000000272e-01
5.299030000000000129e-01
5.080780000000000296e-01
3.110379999999999812e-01
2.032660000000000022e-01
1.204220000000000013e-01
1.401060000000000083e-01
1.729489999999999916e-01
4.068109999999999782e-01
1.700160000000000005e-01
1.335020000000000095e-01
4.178490000000000260e-01
1.081489999999999951e-01
2.632430000000000048e-01
2.962230000000000141e-01
2.075790000000000135e-01
3.040030000000000232e-01
2.514120000000000243e-01
2.234430000000000027e-01
3.705080000000000040e-01
1.313149999999999873e-01
7.878799999999999693e-02
1.471729999999999983e-01
2.172260000000000024e-01
2.219279999999999864e-01
1.753899999999999904e-01
1.657039999999999902e-01
2.078830000000000122e-01
1.326299999999999979e-01
2.495380000000000098e-01
1.624700000000000033e-01
2.534150000000000014e-01
1.318320000000000047e-01
1.356070000000000053e-01
1.384610000000000007e-01
1.204289999999999944e-01
1.670470000000000010e-01
3.202099999999999946e-01
1.769409999999999872e-01
2.280159999999999965e-01
1.670530000000000070e-01
2.152810000000000001e-01
2.258219999999999950e-01
2.144899999999999862e-01
1.170520000000000033e-01
2.394300000000000039e-01
1.450940000000000007e-01
1.242130000000000040e-01
2.850369999999999848e-01
1.565350000000000075e-01
2.026159999999999906e-01
1.769930000000000114e-01
5.493050000000000432e-01
3.021510000000000029e-01
2.927509999999999835e-01
5.675379999999999869e-01
3.403349999999999986e-01
2.500240000000000240e-01
3.425880000000000036e-01
2.708329999999999904e-01
1.108389999999999931e-01
8.050999999999999823e-02
2.091250000000000053e-01
4.210130000000000261e-01
5.232240000000000224e-01
2.381330000000000113e-01
2.457090000000000107e-01
2.912420000000000009e-01
6.928149999999999586e-01
3.046010000000000106e-01
3.495010000000000061e-01
3.107790000000000274e-01
3.775899999999999812e-01
5.695329999999999560e-01
1.835160000000000124e-01
2.409729999999999928e-01
2.430110000000000048e-01
1.878660000000000052e-01
2.173070000000000002e-01
2.684799999999999964e-01
2.314420000000000088e-01
3.324900000000000078e-01
3.398720000000000074e-01
2.300619999999999887e-01
5.241919999999999913e-01
3.404220000000000024e-01
2.716270000000000073e-01
1.909039999999999904e-01
3.748270000000000213e-01
2.017160000000000064e-01
1.470920000000000005e-01
1.851730000000000043e-01
1.637250000000000094e-01
2.323620000000000130e-01
