0.175242
0.279542
0.181724
0.206578
0.092402
0.091733
0.228686
0.168578
0.195166
0.404372
0.083976
0.079200
0.259977
0.354122
0.061333
0.176658
0.112974
0.103980
0.119665
0.327785
0.138308
0.360842
0.191966
0.090303
0.356756
0.464319
0.368888
0.213021
0.090596
0.057542
0.195228
0.390387
0.263097
0.417894
0.313614
0.163791
0.352183
0.253727
0.131649
0.290734
0.258288
0.146633
0.099135
0.225575
0.355853
0.157554
0.151250
0.278012
0.423722
0.268915
0.074314
0.193798
0.075232
0.073417
0.224298
0.072996
0.134623
0.354830
0.057565
0.051247
0.303250
0.498495
0.802046
0.343170
0.408664
0.171899
0.389288
0.795440
0.458821
0.780828
0.092705
0.071792