1.744900000000000062e-01
2.034700000000000120e-01
4.704400000000000248e-01
6.142300000000000537e-01
3.779649999999999954e-01
6.430280000000000440e-01
2.613610000000000100e-01
3.460759999999999947e-01
2.886230000000000184e-01
2.115329999999999988e-01
3.138750000000000151e-01
5.990809999999999746e-01
2.517610000000000126e-01
5.617600000000000371e-01
2.414030000000000065e-01
4.387090000000000156e-01
2.089310000000000056e-01
1.462739999999999874e-01
2.143130000000000035e-01
4.274649999999999839e-01
1.583350000000000035e-01
1.913910000000000056e-01
1.131250000000000033e-01
1.792120000000000102e-01
2.471990000000000021e-01
1.485569999999999946e-01
3.239960000000000062e-01
3.552500000000000102e-01
1.540189999999999892e-01
2.940119999999999956e-01
4.717000000000000082e-01
2.444439999999999946e-01
1.509840000000000071e-01
2.077869999999999995e-01
2.880980000000000207e-01
2.431250000000000078e-01
1.492459999999999898e-01
2.606229999999999936e-01
2.421329999999999871e-01
4.279499999999999971e-01
3.001900000000000124e-01
4.688410000000000077e-01
4.874879999999999769e-01
2.777499999999999969e-01
1.892600000000000116e-01
1.437170000000000114e-01
5.768609999999999571e-01
3.237329999999999930e-01
2.326890000000000069e-01
2.396790000000000032e-01
2.635379999999999945e-01
3.163340000000000041e-01
4.666719999999999757e-01
2.242889999999999884e-01
1.666279999999999983e-01
2.187060000000000115e-01
4.090639999999999832e-01
2.605819999999999803e-01
4.863000000000000100e-01
2.672120000000000051e-01
1.742440000000000100e-01
1.967289999999999872e-01
3.438180000000000125e-01
3.283929999999999905e-01
4.959799999999999764e-01
2.937449999999999783e-01
2.297480000000000078e-01
3.829159999999999786e-01
2.451800000000000090e-01
2.937830000000000163e-01
2.381290000000000073e-01
2.723949999999999982e-01
1.160950000000000037e-01
1.555050000000000043e-01
4.066370000000000262e-01
4.114059999999999939e-01
2.001930000000000098e-01
2.409360000000000113e-01
2.691089999999999871e-01
3.895089999999999941e-01
2.639799999999999924e-01
4.753120000000000123e-01
3.741970000000000018e-01
5.292280000000000317e-01
2.929439999999999822e-01
1.884720000000000006e-01
2.841810000000000169e-01
1.711100000000000121e-01
2.112130000000000118e-01
2.367269999999999930e-01
3.516540000000000221e-01
2.837669999999999915e-01
4.787879999999999914e-01
1.510259999999999936e-01
2.995099999999999985e-01
3.016240000000000032e-01
2.125120000000000064e-01
3.329779999999999962e-01
3.841080000000000050e-01
3.455739999999999923e-01
3.224799999999999889e-01
1.458059999999999912e-01
5.554419999999999913e-01
4.173279999999999768e-01
2.434769999999999990e-01
2.852009999999999823e-01
6.493400000000000283e-01
2.327079999999999982e-01
1.024120000000000030e-01
1.764539999999999997e-01
4.225590000000000179e-01
3.281959999999999877e-01
1.431759999999999977e-01
1.228869999999999962e-01
1.628469999999999918e-01
2.112970000000000126e-01
1.517880000000000063e-01
3.227940000000000254e-01
1.186740000000000017e-01
2.351219999999999977e-01
9.726799999999999335e-02
1.355000000000000093e-01
2.460239999999999927e-01
2.241589999999999971e-01
1.026070000000000038e-01
1.116059999999999969e-01
1.742460000000000120e-01
4.407719999999999971e-01
