0.070798
0.094836
0.244546
0.255157
0.249278
0.322991
0.191106
0.182480
0.169604
0.215343
0.371643
0.182464
0.185093
0.184877
0.243114
0.548802
0.224265
0.123282
0.094475
0.221855
0.218827
0.227997
0.143421
0.119537
0.163154
0.156921
0.245637
0.214579
0.117206
0.144896
0.149544
0.196824
0.279050
0.152278
0.168542
0.381371
0.137893
0.296574
0.144386
0.233969
0.312672
0.123078
0.234523
0.216733
0.131533
0.175027
0.170357
0.178723
0.181824
0.179914
0.316790
0.157846
0.406737
0.774420
0.099163
0.107853
0.226731
0.485732
0.324408
0.317125
0.220274
0.476882
0.244022
0.252880
0.128687
0.151643
0.188325
0.480885
0.298452
0.182305
0.114453
0.161618
0.077720
0.148894
0.225739
0.312929
0.434501
0.202548
0.218098
0.187717
0.136626
0.127717
0.197904
0.217898
0.246102
0.224740
0.148264
0.143556
0.167810
0.177405
0.104639
0.230483
0.283511
0.154507
0.186914
0.182221
0.173226
0.315954
0.182337
0.294688
0.374976
0.165874
0.179881
0.420612
0.204487
0.146652
0.260367
0.332625
0.088527
0.106398
0.265286
0.196795
0.177929
0.385324
0.248326
0.258044
0.295173
0.268692
0.192195
0.193911
0.398818
0.232554
0.360671
0.659063
0.177143
0.185563
0.113871
0.152795