0.208498
0.315560
0.192379
0.235537
0.255251
0.221884
0.211859
0.264022
0.287645
0.256985
0.194914
0.227129
0.245932
0.139811
0.216936
0.269932
0.212269
0.209341
0.138760
0.279206
0.249808
0.411880
0.106422
0.169628
0.273711
0.266521
0.272232
0.307066
0.249664
0.329081
0.257344
0.377615
0.231078
0.225054
0.315857
0.236181
0.224472
0.269756
0.202304
0.157170
0.283642
0.404919
0.471819
0.318005
0.223777
0.219964
0.407400
0.571502
0.314121
0.206120
0.233686
0.427088
0.293741
0.213120
0.558182
0.344346
0.237084
0.300723
0.184054
0.193314
0.345893
0.379691
0.257145
0.313332
0.193560
0.312704
0.228237
0.180942
0.266426
0.323098
0.246405
0.181331
0.251636
0.285544
0.400982
0.289801
0.514635
0.361998
0.201624
0.198420
0.157931
0.315760
0.201159
0.229252
0.228256
0.202972
0.236602
0.235956
0.152119
0.310695
0.168747
0.309984
0.277017
0.208135
0.220768
0.217854
0.191266
0.172331
0.129409
0.178293
0.625908
0.366456
0.229752
0.276407
0.239862
0.308027
0.316714
0.453873
0.302409
0.455086
0.171134
0.350200
0.419919
0.233652
0.241360
0.295925
0.237754
0.231619
0.198024
0.183114
0.406449
0.380041
0.391888
0.595649
0.334680
0.276416
0.322186
0.346223
0.659191
0.393127
0.253499
0.481892
0.225322
0.215368
0.293919
0.339762
0.308969
0.248913
0.262330
0.486219
0.296030
0.321051
0.225397
0.230101
0.235616
0.355301
0.206927
0.287471
0.237463
0.266240
0.370673
0.203414
0.279647
0.186945
0.161589
0.271350
0.236320
0.217123
0.167182
0.313656
0.359374
0.367180
0.218856
0.305865
0.375646
0.497348
0.378026
0.220585
0.321883
0.267329
0.243673
0.229790
0.283627
0.247826
0.374794
0.595259
0.168133
0.191036
0.210999
0.212176
0.420461
0.389883
0.364892
0.252361
0.379763
0.549118
0.373050
0.333842
0.209978
0.386957
0.275214
0.225943
0.404769
0.649989
0.344778
0.309692
0.329742
0.539863
0.196041
0.161640