0.261292
0.210399
0.324566
0.243087
0.413374
0.709958
0.372850
0.200824
0.367252
0.275922
0.577877
0.321477
0.323256
0.192623
0.225386
0.171134
0.282886
0.355915
0.388741
0.204612
0.449258
0.305305
0.206753
0.217784
0.235469
0.426023
0.178085
0.133984
0.341968
0.232703
0.283264
0.149994
0.289998
0.151000
0.180732
0.156932
0.208014
0.366597
0.196543
0.309825
0.236846
0.302191
0.404727
0.217674
0.243251
0.388625
0.315265
0.166205
0.220185
0.260905
0.351333
0.228096
0.163709
0.168914
0.301801
0.160480
0.299711
0.242401
0.266073
0.255567
0.332886
0.248356
0.241172
0.346258
0.253405
0.427347
0.122845
0.142949
0.372213
0.297383
0.310156
0.177412
0.511055
0.340927
0.386795
0.183877
0.503667
0.362488
0.408370
0.140339
0.298262
0.520899
0.176441
0.329295
0.460432
0.343974
0.202453
0.407240
0.190457
0.342821
0.204515
0.307254
0.210738
0.549388
0.196480
0.413982
0.229475
0.350034
0.396473
0.571793
0.324969
0.239405
0.322192
0.223789
0.212282
0.402827
0.190640
0.172038
0.470169
0.366545
0.145617
0.210892
0.307224
0.206497
0.360288
0.179603
0.232502
0.377572
0.376798
0.192909
0.236540
0.339291
0.626572
0.376844
0.304664
0.430303
0.198775
0.165643
0.353240
0.540276
0.341009
0.211702
0.271443
0.159229
0.202841
0.144781
0.321036
0.394167
0.422390
0.201881
0.312536
0.274430
0.294843
0.220093
0.268274
0.362246
0.183062
0.214980
0.455458
0.342148
0.262228
0.250997
0.214922
0.416386
0.162680
0.190141
0.407081
0.548103
0.528243
0.412401
0.578080
0.242154
0.558898
0.297351
0.283118
0.464592
0.396506
0.206795
0.265959
0.258376
0.575305
0.278936
0.227893
0.175307
0.224150
0.175488
0.192864
0.363447
0.524270
0.368167
0.297331
0.222180
0.485173
0.301598
0.271430
0.356442
0.320282
0.175833
0.319666
0.251081
0.256184
0.203255
0.311620
0.165607
0.315646
0.156471
0.392926
0.515281
0.280389
0.279181