1.286539999999999906e-01
1.618400000000000116e-01
2.262399999999999967e-01
2.665750000000000064e-01
3.413479999999999848e-01
3.221289999999999987e-01
1.669960000000000055e-01
1.678030000000000077e-01
2.917730000000000046e-01
2.150710000000000122e-01
2.514069999999999916e-01
1.938699999999999868e-01
1.590969999999999884e-01
2.876739999999999853e-01
4.510899999999999910e-01
2.701430000000000220e-01
1.788740000000000052e-01
2.416590000000000127e-01
2.390619999999999967e-01
1.431939999999999880e-01
2.640810000000000102e-01
4.889910000000000090e-01
1.386179999999999912e-01
2.546140000000000070e-01
2.648989999999999956e-01
4.303640000000000243e-01
1.611940000000000039e-01
2.765099999999999780e-01
4.500660000000000216e-01
2.362039999999999973e-01
1.912200000000000011e-01
2.074499999999999955e-01
1.987319999999999920e-01
1.380220000000000058e-01
1.688749999999999973e-01
3.152170000000000250e-01
2.211309999999999942e-01
1.875749999999999917e-01
2.148899999999999977e-01
1.580040000000000056e-01
1.707619999999999971e-01
1.764610000000000067e-01
4.116719999999999824e-01
2.830329999999999790e-01
2.011110000000000120e-01
3.530550000000000077e-01
3.164390000000000258e-01
1.629740000000000077e-01
2.356010000000000049e-01
2.016709999999999892e-01
2.342569999999999930e-01
1.574820000000000109e-01
1.393580000000000096e-01
2.825570000000000026e-01
2.406200000000000006e-01
1.906670000000000031e-01
1.466419999999999946e-01
2.215370000000000117e-01
1.684279999999999944e-01
1.070279999999999981e-01
2.094999999999999918e-01
1.884440000000000004e-01
2.462409999999999877e-01
2.996400000000000174e-01
4.041859999999999897e-01
2.227000000000000091e-01
8.499600000000000211e-02
1.397760000000000113e-01
2.059350000000000069e-01
2.433079999999999965e-01
2.460160000000000124e-01
1.508559999999999901e-01
1.121090000000000003e-01
1.813869999999999927e-01
2.632059999999999955e-01
1.982389999999999985e-01
1.631199999999999872e-01
2.219240000000000101e-01
3.976000000000000090e-01
2.279009999999999925e-01
1.916150000000000075e-01
2.272009999999999863e-01
2.933270000000000044e-01
2.707780000000000187e-01
4.234490000000000198e-01
6.879859999999999864e-01
1.289500000000000091e-01
3.042110000000000092e-01
1.392750000000000099e-01
2.449419999999999931e-01
1.471729999999999983e-01
2.048790000000000056e-01
3.914279999999999982e-01
2.005149999999999988e-01
3.278519999999999768e-01
5.448530000000000317e-01
2.343739999999999990e-01
1.549870000000000136e-01
1.340349999999999875e-01
2.651470000000000216e-01
2.643599999999999839e-01
1.973820000000000019e-01
4.072109999999999896e-01
6.198259999999999881e-01
4.098350000000000048e-01
2.485009999999999997e-01
2.073109999999999953e-01
1.082520000000000010e-01
3.554990000000000094e-01
5.983530000000000237e-01
1.251970000000000027e-01
1.641140000000000099e-01
1.928809999999999969e-01
4.025750000000000162e-01
2.861850000000000227e-01
2.075919999999999987e-01
1.549689999999999956e-01
2.190809999999999980e-01
2.808089999999999753e-01
1.405079999999999940e-01
2.673519999999999786e-01
4.560719999999999774e-01
4.011609999999999898e-01
2.240759999999999974e-01
3.370980000000000087e-01
4.234140000000000126e-01
1.412660000000000027e-01
2.254349999999999965e-01
2.227270000000000083e-01
3.227090000000000236e-01
1.358900000000000108e-01
2.611479999999999912e-01
1.238250000000000045e-01
1.710589999999999888e-01
2.448799999999999866e-01
2.747100000000000097e-01
5.445470000000000033e-01
2.434449999999999947e-01
2.104659999999999864e-01
4.394480000000000053e-01
2.177370000000000139e-01
2.030029999999999890e-01
2.129419999999999924e-01
3.006059999999999843e-01
4.039229999999999765e-01
2.052219999999999878e-01
1.758149999999999991e-01
1.185289999999999955e-01
2.036890000000000089e-01
2.306680000000000119e-01
4.818410000000000193e-01
2.245119999999999894e-01
1.423149999999999971e-01
1.728439999999999976e-01
1.362730000000000052e-01
2.131939999999999946e-01
2.001259999999999983e-01
5.236220000000000319e-01
4.061210000000000098e-01
2.196420000000000039e-01
3.527689999999999992e-01
2.074199999999999933e-01
3.550530000000000075e-01
1.907629999999999881e-01
2.767649999999999832e-01
3.879489999999999883e-01
1.956370000000000053e-01
3.681130000000000235e-01
3.526239999999999930e-01
1.720869999999999900e-01
2.025170000000000026e-01
4.053729999999999833e-01
1.650600000000000123e-01
1.287490000000000023e-01
2.558790000000000231e-01
2.734619999999999829e-01
1.293189999999999895e-01
1.981169999999999876e-01
1.222069999999999962e-01
2.283050000000000079e-01
2.232649999999999912e-01
4.013769999999999838e-01
2.310929999999999929e-01
3.023660000000000236e-01
3.776880000000000237e-01
3.107159999999999922e-01
2.180489999999999928e-01
1.512809999999999988e-01
3.401469999999999771e-01
4.969759999999999733e-01
2.397340000000000027e-01
1.552280000000000049e-01
1.600139999999999896e-01
3.108179999999999832e-01
2.611689999999999845e-01
2.859430000000000027e-01
1.455750000000000099e-01
2.646809999999999996e-01
1.146059999999999995e-01
2.014900000000000024e-01
