0.137023
0.321603
0.149374
0.135670
0.119557
0.179921
0.156586
0.237950
0.118237
0.063024
0.081768
0.079975
0.295646
0.306241
0.079144
0.218603
0.299190
0.256107
0.185753
0.153658
0.114249
0.194767
0.136009
0.192495
0.523671
0.283364
0.217994
0.152109
0.115485
0.341876
0.143416
0.089782
0.079419
0.066342
0.078449
0.086638
0.416231
0.297531
0.653085
0.352519
0.412814
0.197174
0.113381
0.119848
0.137269
0.153997
0.267475
0.385544
0.496625
0.298305
0.364797
0.271659
0.469282
0.238420
0.283048
0.221001
0.075291
0.047257
0.247338
0.423128
0.252636
0.492510
0.216626
0.380101
0.441644
0.796561
0.329419
0.689076
0.140427
0.318911
0.112545
0.098737