7.335500000000000353e-02
3.122099999999999875e-01
2.018240000000000034e-01
3.445670000000000122e-01
1.868640000000000023e-01
2.981210000000000249e-01
8.618800000000000072e-02
2.463299999999999934e-01
4.108900000000000052e-02
5.456199999999999939e-02
1.874230000000000063e-01
3.854679999999999773e-01
1.885159999999999891e-01
2.081709999999999949e-01
1.664670000000000039e-01
3.748480000000000145e-01
2.216279999999999917e-01
2.999870000000000037e-01
1.636730000000000129e-01
3.294610000000000039e-01
1.030060000000000003e-01
9.600599999999999412e-02
2.167729999999999935e-01
4.464090000000000003e-01
2.099489999999999967e-01
2.648409999999999931e-01
4.961920000000000219e-01
2.722930000000000073e-01
2.036660000000000137e-01
2.840500000000000247e-01
1.742759999999999865e-01
2.455720000000000125e-01
1.203469999999999956e-01
1.268829999999999958e-01
1.903440000000000132e-01
2.417340000000000044e-01
1.301200000000000134e-01
3.418550000000000200e-01
4.474639999999999729e-01
2.001999999999999891e-01
6.472940000000000360e-01
3.562429999999999763e-01
1.085190000000000043e-01
2.691419999999999924e-01
1.210190000000000016e-01
9.755300000000000082e-02
4.821139999999999870e-01
1.764159999999999895e-01
5.226070000000000437e-01
9.263479999999999492e-01
4.754439999999999777e-01
3.150290000000000035e-01
4.866639999999999855e-01
2.844149999999999734e-01
8.084569999999999812e-01
4.384190000000000031e-01
4.364560000000000106e-01
1.673610000000000098e-01
3.746720000000000050e-01
1.937109999999999943e-01
2.220389999999999864e-01
2.422970000000000124e-01
4.783560000000000034e-01
3.040720000000000089e-01
2.516680000000000028e-01
1.415089999999999959e-01
1.819310000000000094e-01
2.505990000000000162e-01
1.038410000000000027e-01
1.085180000000000033e-01
1.124379999999999963e-01
2.714820000000000011e-01
