8.451799999999999591e-02
1.385000000000000120e-01
1.184059999999999974e-01
1.514679999999999915e-01
1.874029999999999863e-01
2.379840000000000011e-01
9.358199999999999852e-02
1.158190000000000053e-01
1.862580000000000069e-01
2.063500000000000056e-01
4.675460000000000171e-01
3.024789999999999979e-01
2.100410000000000055e-01
2.095899999999999985e-01
1.514870000000000105e-01
2.429169999999999940e-01
1.103719999999999979e-01
1.274170000000000025e-01
6.029459999999999820e-01
2.676459999999999950e-01
3.332919999999999772e-01
1.586720000000000075e-01
2.254990000000000050e-01
2.692359999999999753e-01
4.935820000000000207e-01
2.930599999999999872e-01
3.230000000000000093e-01
3.969019999999999770e-01
1.606710000000000083e-01
2.091010000000000091e-01
3.093020000000000214e-01
1.907439999999999969e-01
9.290900000000000547e-02
1.326630000000000031e-01
1.177870000000000028e-01
1.157340000000000035e-01
1.690820000000000101e-01
2.310869999999999869e-01
2.344090000000000062e-01
1.524729999999999974e-01
1.827370000000000105e-01
1.949400000000000022e-01
3.166510000000000158e-01
5.467370000000000285e-01
4.994489999999999763e-01
2.506450000000000067e-01
3.360980000000000079e-01
2.591330000000000022e-01
1.510640000000000038e-01
7.837399999999999922e-02
2.954609999999999737e-01
2.558300000000000018e-01
3.050570000000000226e-01
2.895460000000000256e-01
5.828459999999999752e-01
4.047410000000000174e-01
2.040440000000000031e-01
3.793670000000000098e-01
1.591549999999999909e-01
1.370409999999999962e-01
2.116069999999999895e-01
2.111300000000000121e-01
9.098000000000000531e-02
9.051499999999999824e-02
7.119399999999999340e-02
1.567820000000000047e-01
1.749259999999999982e-01
2.121560000000000112e-01
2.055279999999999885e-01
1.563140000000000085e-01
1.635550000000000059e-01
1.446000000000000063e-01
1.418389999999999929e-01
2.636290000000000022e-01
2.282899999999999929e-01
1.914170000000000038e-01
8.981400000000000494e-02
9.774199999999999555e-02
2.474300000000000110e-01
4.048320000000000252e-01
1.037809999999999983e-01
1.647859999999999880e-01
2.001340000000000063e-01
1.745559999999999889e-01
3.208559999999999746e-01
2.283100000000000129e-01
2.053129999999999955e-01
1.567429999999999934e-01
2.321409999999999862e-01
2.529660000000000242e-01
2.443319999999999936e-01
1.157959999999999962e-01
4.867790000000000172e-01
2.638110000000000177e-01
2.472820000000000018e-01
2.309279999999999944e-01
1.333159999999999901e-01
1.214329999999999993e-01
