0.150984
0.360411
0.266341
0.200769
0.109664
0.105279
0.167567
0.142079
0.229969
0.132112
0.305383
0.145508
0.101861
0.353846
0.128831
0.327793
0.055869
0.078753
0.230933
0.082015
0.149911
0.089325
0.125198
0.340759
0.424651
0.267832
0.286395
0.375706
0.221356
0.096427
0.245090
0.293221
0.301041
0.559080
0.681633
0.305637
0.122859
0.260144
0.225842
0.137694
0.235423
0.122963
0.074716
0.195794
0.331376
0.251298
0.191146
0.193270
0.347112
0.647906
0.662798
0.426440
0.154368
0.465436
0.493752
0.260917
0.115050
0.116953
0.142287
0.248634
0.286867
0.285045
0.461512
0.278880
0.116247
0.094279
0.395270
0.233395
0.205969
0.174263
0.098949
0.196335