0.176351
0.332181
0.294798
0.357666
0.181904
0.287610
0.374952
0.348355
0.289858
0.239608
0.224853
0.217310
0.235568
0.402067
0.164978
0.156182
0.242587
0.226691
0.276112
0.361552
0.138174
0.137061
0.283895
0.366749
0.233959
0.411328
0.335790
0.208517
0.161121
0.210371
0.275469
0.154463
0.434664
0.236779
0.328296
0.515762
0.088730
0.094226
0.546881
0.426486
0.340517
0.373043
0.536077
0.324083
0.578044
0.391499
0.188186
0.432814
0.293372
0.258664
0.297085
0.364759
0.349111
0.190205
0.259492
0.209052
0.289559
0.470902
0.213974
0.178239
0.245658
0.391999
0.148778
0.167824
0.217781
0.324539
0.590000
0.430148
0.126714
0.143435
0.316156
0.435869
0.217715
0.293765
0.199571
0.342717
0.220979
0.251037
0.332995
0.147864
0.693046
0.422146
0.287231
0.484927
0.392897
0.191128
0.494784
0.417570
0.328014
0.360928
0.144257
0.178053
0.340575
0.252419
0.158732
0.200686
0.328594
0.237208
0.269075
0.376434
0.322196
0.171816
0.324074
0.424747
0.275615
0.391050
0.214544
0.159379
0.101268
0.179547
0.139150
0.298303
0.214830
0.314359
0.441625
0.272174
0.130939
0.158101
0.378356
0.430339
0.326512
0.480417
0.196592
0.271965
0.178474
0.284731
0.097321
0.153663