0.115025
0.158513
0.136878
0.269379
0.167713
0.193368
0.401411
0.213541
0.295817
0.478041
0.221326
0.196389
0.201178
0.313730
0.280459
0.241497
0.145175
0.232523
0.160340
0.287490
0.224754
0.232343
0.100587
0.144080
0.199319
0.162766
0.218197
0.392205
0.500684
0.341774
0.206511
0.237803
0.337857
0.164025
0.494263
0.312281
0.379564
0.199873
0.146680
0.165769
0.233510
0.281437
0.180541
0.163147
0.348272
0.277183
0.407153
0.252080
0.566040
0.371399
0.338284
0.530882
0.382743
0.286238
0.345940
0.282920
0.259227
0.206397
0.382105
0.197862
0.190661
0.182675
0.147995
0.142637
0.187388
0.163601
0.112465
0.169719
0.334440
0.464805
0.191074
0.379800
0.229833
0.291153
0.495619
0.351233
0.183219
0.189072
0.158864
0.149643
0.208314
0.383443
0.131465
0.131547
0.376239
0.195405
0.193088
0.368522
0.221188
0.171161
0.182086
0.206727
0.284132
0.230454
0.226503
0.246501
0.311149
0.164614
0.301121
0.150968
0.199431
0.178560
0.130435
0.144904
0.119014
0.164285
0.204350
0.172473
0.322541
0.378482
0.104502
0.140178
0.227408
0.289183
0.186282
0.260959
0.165131
0.181556
0.129645
0.248649
0.186938
0.208196
0.278110
0.133404
0.198401
0.157546
0.168428
0.217145
0.425029
0.327703
0.326978
0.191527
0.169073
0.204032
0.262460
0.211612
0.229667
0.127684
0.254491
0.162983
0.333349
0.203383
0.127577
0.151614
0.180401
0.165211
0.176349
0.187717
0.353031
0.384608
0.175040
0.197224
0.255857
0.227301
0.103823
0.161178
0.176132
0.161173
0.139075
0.161758
0.333124
0.220858
0.280970
0.166665
0.176191
0.144610
0.164079
0.210599
0.478477
0.278032
0.187453
0.222590
0.319367
0.184268
0.258470
0.201503
0.105426
0.188090
0.134074
0.161375
0.294596
0.468566
0.318997
0.123313
0.259209
0.188933
0.192834
0.260008
0.556311
0.324975
0.223014
0.280165
0.718201
0.343440
0.321338
0.264902
0.455431
0.204214
0.102803
0.142005