2.612920000000000242e-01
2.103990000000000027e-01
3.245660000000000212e-01
2.430869999999999975e-01
4.133740000000000192e-01
7.099579999999999780e-01
3.728500000000000147e-01
2.008240000000000025e-01
3.672520000000000229e-01
2.759220000000000006e-01
5.778769999999999740e-01
3.214770000000000127e-01
3.232559999999999878e-01
1.926229999999999887e-01
2.253860000000000030e-01
1.711340000000000083e-01
2.828860000000000263e-01
3.559149999999999814e-01
3.887410000000000032e-01
2.046119999999999883e-01
4.492579999999999907e-01
3.053049999999999931e-01
2.067529999999999923e-01
2.177840000000000054e-01
2.354690000000000116e-01
4.260229999999999850e-01
1.780849999999999933e-01
1.339839999999999920e-01
3.419679999999999942e-01
2.327029999999999932e-01
2.832640000000000158e-01
1.499939999999999884e-01
2.899979999999999780e-01
1.509999999999999953e-01
1.807320000000000038e-01
1.569319999999999882e-01
2.080140000000000045e-01
3.665970000000000062e-01
1.965429999999999955e-01
3.098250000000000171e-01
2.368460000000000010e-01
3.021909999999999874e-01
4.047270000000000034e-01
2.176740000000000064e-01
2.432509999999999950e-01
3.886249999999999982e-01
3.152650000000000174e-01
1.662049999999999916e-01
2.201849999999999918e-01
2.609049999999999980e-01
3.513330000000000064e-01
2.280959999999999932e-01
1.637089999999999934e-01
1.689140000000000086e-01
3.018009999999999859e-01
1.604800000000000115e-01
2.997110000000000052e-01
2.424010000000000054e-01
2.660730000000000040e-01
2.555669999999999886e-01
3.328860000000000152e-01
2.483559999999999934e-01
2.411719999999999975e-01
3.462580000000000102e-01
2.534049999999999914e-01
4.273469999999999769e-01
1.228449999999999959e-01
1.429489999999999927e-01
3.722130000000000161e-01
2.973830000000000084e-01
3.101559999999999873e-01
1.774119999999999864e-01
5.110550000000000370e-01
3.409269999999999801e-01
3.867949999999999999e-01
1.838770000000000127e-01
5.036669999999999758e-01
3.624879999999999769e-01
4.083700000000000108e-01
1.403389999999999915e-01
2.982620000000000271e-01
5.208990000000000009e-01
1.764409999999999867e-01
3.292950000000000044e-01
4.604320000000000079e-01
3.439740000000000020e-01
2.024529999999999941e-01
4.072399999999999909e-01
1.904569999999999874e-01
3.428209999999999869e-01
2.045150000000000023e-01
3.072540000000000271e-01
2.107380000000000086e-01
5.493879999999999875e-01
1.964799999999999880e-01
4.139820000000000166e-01
2.294750000000000123e-01
3.500340000000000118e-01
3.964730000000000198e-01
5.717929999999999957e-01
3.249690000000000079e-01
2.394050000000000067e-01
3.221919999999999784e-01
2.237889999999999879e-01
2.122819999999999985e-01
4.028269999999999906e-01
1.906400000000000039e-01
1.720379999999999965e-01
4.701690000000000036e-01
3.665450000000000097e-01
1.456169999999999964e-01
2.108919999999999961e-01
3.072239999999999971e-01
2.064970000000000139e-01
3.602879999999999971e-01
1.796030000000000126e-01
2.325019999999999865e-01
3.775720000000000187e-01
3.767980000000000218e-01
1.929089999999999971e-01
2.365400000000000003e-01
3.392910000000000093e-01
6.265720000000000178e-01
3.768440000000000123e-01
3.046639999999999904e-01
4.303029999999999911e-01
1.987750000000000072e-01
1.656430000000000125e-01
3.532399999999999984e-01
5.402759999999999785e-01
3.410090000000000066e-01
2.117020000000000013e-01
2.714429999999999898e-01
1.592290000000000094e-01
2.028409999999999935e-01
1.447809999999999930e-01
3.210359999999999880e-01
3.941669999999999896e-01
4.223899999999999877e-01
2.018810000000000049e-01
3.125359999999999805e-01
2.744300000000000073e-01
2.948430000000000217e-01
2.200930000000000109e-01
2.682740000000000125e-01
3.622460000000000124e-01
1.830620000000000025e-01
2.149800000000000044e-01
4.554579999999999740e-01
3.421480000000000077e-01
2.622280000000000166e-01
2.509970000000000256e-01
2.149220000000000019e-01
4.163859999999999784e-01
1.626799999999999913e-01
1.901410000000000045e-01
4.070810000000000262e-01
5.481030000000000069e-01
5.282430000000000181e-01
4.124010000000000176e-01
5.780800000000000383e-01
2.421540000000000081e-01
5.588980000000000059e-01
2.973509999999999764e-01
2.831179999999999808e-01
4.645920000000000050e-01
3.965060000000000251e-01
2.067950000000000066e-01
2.659590000000000010e-01
2.583759999999999946e-01
5.753049999999999553e-01
2.789360000000000173e-01
2.278930000000000122e-01
1.753069999999999906e-01
2.241499999999999881e-01
1.754880000000000051e-01
1.928640000000000077e-01
3.634470000000000200e-01
5.242700000000000138e-01
3.681670000000000220e-01
2.973310000000000120e-01
2.221799999999999886e-01
4.851730000000000209e-01
3.015979999999999772e-01
2.714300000000000046e-01
3.564419999999999811e-01
3.202820000000000111e-01
1.758329999999999893e-01
3.196660000000000057e-01
2.510809999999999986e-01
2.561840000000000228e-01
2.032549999999999912e-01
3.116200000000000081e-01
1.656070000000000042e-01
3.156459999999999821e-01
1.564709999999999990e-01
3.929259999999999975e-01
5.152809999999999890e-01
2.803889999999999993e-01
2.791810000000000125e-01
