1.492080000000000073e-01
2.608699999999999908e-01
1.847560000000000036e-01
2.149240000000000039e-01
1.668860000000000066e-01
1.328479999999999939e-01
3.914159999999999862e-01
2.510109999999999841e-01
2.594799999999999884e-01
2.135380000000000056e-01
1.984289999999999943e-01
2.509870000000000156e-01
1.308850000000000013e-01
1.248299999999999965e-01
2.507030000000000092e-01
2.749789999999999734e-01
2.315619999999999901e-01
2.491539999999999866e-01
1.711070000000000091e-01
3.073230000000000128e-01
2.193640000000000034e-01
4.151460000000000150e-01
1.646920000000000051e-01
1.329100000000000004e-01
2.276539999999999953e-01
4.479770000000000141e-01
5.515849999999999920e-01
3.875370000000000203e-01
3.299940000000000095e-01
4.850209999999999799e-01
3.128040000000000265e-01
2.396250000000000047e-01
1.120369999999999977e-01
3.054060000000000108e-01
3.899810000000000221e-01
5.225779999999999870e-01
2.380750000000000088e-01
3.395560000000000245e-01
2.286569999999999991e-01
1.826129999999999975e-01
3.437169999999999948e-01
2.122189999999999910e-01
1.387230000000000130e-01
2.669940000000000091e-01
9.333900000000000530e-02
1.804699999999999915e-01
2.751520000000000077e-01
2.830659999999999843e-01
2.739320000000000088e-01
2.414010000000000045e-01
1.362420000000000020e-01
2.769730000000000247e-01
1.173669999999999991e-01
9.686500000000000665e-02
3.078119999999999745e-01
2.786239999999999828e-01
5.273369999999999447e-01
3.140939999999999843e-01
1.150830000000000047e-01
1.645000000000000073e-01
3.366739999999999733e-01
5.396710000000000118e-01
2.297839999999999883e-01
1.981850000000000001e-01
2.834980000000000278e-01
1.899949999999999972e-01
2.134530000000000038e-01
2.366030000000000078e-01
3.887209999999999832e-01
2.755230000000000179e-01
2.411860000000000115e-01
2.666970000000000174e-01
1.371290000000000009e-01
1.455649999999999999e-01
4.527120000000000033e-01
3.418039999999999967e-01
2.402509999999999923e-01
2.773410000000000042e-01
1.893120000000000080e-01
2.012289999999999912e-01
3.064649999999999874e-01
2.329390000000000072e-01
1.813639999999999974e-01
1.925590000000000079e-01
1.626209999999999878e-01
1.344059999999999977e-01
2.106020000000000114e-01
2.736879999999999868e-01
1.367770000000000097e-01
2.084729999999999916e-01
1.878140000000000087e-01
2.769940000000000180e-01
2.328929999999999889e-01
1.329140000000000044e-01
2.992569999999999952e-01
2.157239999999999991e-01
4.943299999999999916e-01
2.374829999999999997e-01
1.700049999999999895e-01
3.129660000000000220e-01
3.155120000000000147e-01
5.313269999999999937e-01
2.113539999999999863e-01
1.767330000000000012e-01
1.210230000000000056e-01
1.556140000000000023e-01
2.115339999999999998e-01
2.342470000000000108e-01
2.163080000000000003e-01
2.588559999999999750e-01
1.475140000000000062e-01
2.812390000000000168e-01
1.223370000000000013e-01
1.248839999999999950e-01
4.545890000000000208e-01
3.165370000000000128e-01
2.435410000000000075e-01
2.239530000000000132e-01
2.705989999999999784e-01
1.419719999999999871e-01
4.644920000000000160e-01
3.174629999999999952e-01
4.498639999999999861e-01
6.992890000000000494e-01
5.302949999999999608e-01
2.732539999999999969e-01
3.116419999999999746e-01
4.025320000000000009e-01
3.503299999999999748e-01
3.663910000000000222e-01
2.863530000000000242e-01
3.620749999999999802e-01
2.364380000000000093e-01
1.355210000000000026e-01
4.367289999999999783e-01
3.336290000000000089e-01
3.993990000000000040e-01
2.989850000000000008e-01
2.153629999999999989e-01
2.625460000000000016e-01
2.497159999999999935e-01
2.898299999999999765e-01
3.275140000000000273e-01
1.897790000000000032e-01
1.639750000000000096e-01
2.720879999999999965e-01
2.111659999999999926e-01
2.448799999999999866e-01
2.746589999999999865e-01
4.429130000000000011e-01
1.964599999999999957e-01
2.359060000000000046e-01
1.457589999999999997e-01
1.466580000000000106e-01
2.012440000000000062e-01
2.811460000000000070e-01
2.440289999999999959e-01
2.680950000000000277e-01
1.823329999999999951e-01
3.004459999999999908e-01
3.104970000000000230e-01
2.297160000000000035e-01
1.738639999999999908e-01
2.239420000000000022e-01
1.470450000000000090e-01
1.457440000000000124e-01
4.103499999999999925e-01
2.888939999999999841e-01
2.635549999999999837e-01
3.653230000000000088e-01
2.192409999999999914e-01
4.582169999999999854e-01
1.325089999999999879e-01
1.165960000000000052e-01
2.734940000000000149e-01
2.384080000000000088e-01
1.731090000000000129e-01
2.576430000000000109e-01
1.681310000000000027e-01
3.250379999999999936e-01
2.266180000000000139e-01
3.578640000000000154e-01
2.839189999999999769e-01
2.220060000000000089e-01
1.940590000000000093e-01
3.696809999999999818e-01
2.768650000000000277e-01
2.927290000000000170e-01
2.622499999999999831e-01
2.995729999999999782e-01
5.816890000000000116e-01
3.597369999999999735e-01
1.398389999999999911e-01
1.477990000000000137e-01
3.540289999999999826e-01
3.057900000000000063e-01
4.724220000000000086e-01
3.234779999999999878e-01
1.452019999999999977e-01
1.570360000000000089e-01
