0.120660
0.266256
0.146368
0.069785
0.383605
0.612978
0.195688
0.116699
0.071496
0.140336
0.125699
0.101985
0.253389
0.413136
0.108037
0.101678
0.166827
0.185979
0.235522
0.125640
0.084763
0.144447
0.202706
0.383104
0.138643
0.156400
0.118583
0.174825
0.335495
0.142711
0.339212
0.190420
0.285660
0.135324
0.178907
0.223125
0.224347
0.148876
0.146319
0.180364
0.176521
0.327993
0.137241
0.135560
0.289873
0.174441
0.216206
0.130677
0.158439
0.138992
0.154600
0.132010
0.236521
0.406478
0.168876
0.261344
0.149810
0.237138
0.462758
0.324105
0.340237
0.203387
0.248688
0.160482
0.167912
0.353679
0.489465
0.295480
0.179133
0.376082
0.249119
0.208480
0.111033
0.181297
0.106654
0.289084
0.329283
0.162192
0.101193
0.169465
0.098768
0.228295
0.098799
0.115958
0.167878
0.145445
0.107519
0.100448
0.165181
0.147083
0.484126
0.229288
0.200521
0.126873
0.273537
0.457813
0.138743
0.190156
0.190323
0.473457
0.087307
0.107219
0.211302
0.247036
0.346411
0.135405
0.264857
0.618383
0.189789
0.311392
0.179484
0.375744
0.423724
0.220943
0.347318
0.188003
0.191755
0.163560
0.121812
0.147415
0.090862
0.110493
0.127273
0.151628
0.205855
0.211598
0.494976
0.235529
0.430992
0.177564
0.263255
0.453061
0.154396
0.197204
0.179435
0.485766
0.371365
0.150427
0.204769
0.237399
0.083211
0.106768
0.185670
0.255255
0.149225
0.234362
0.159743
0.181088
0.355778
0.261437
0.319473
0.165457
0.195572
0.155730
0.128214
0.114040
0.193304
0.319979
0.111073
0.144693
0.084968
0.139583