0.149317
0.271516
0.194150
0.153322
0.161555
0.248148
0.161223
0.177774
0.246669
0.429471
0.128378
0.266002
0.353266
0.291336
0.198765
0.191226
0.256442
0.378106
0.247289
0.303375
0.237272
0.104138
0.098836
0.150722
0.134664
0.268713
0.187604
0.219453
0.205269
0.299852
0.210504
0.300001
0.224951
0.370126
0.505944
0.221442
0.655592
0.499659
0.208059
0.435039
0.334417
0.220717
0.251831
0.174924
0.130747
0.221063
0.181632
0.182207
0.263484
0.218057
0.234968
0.172208
0.334062
0.255189
0.181589
0.320900
0.175190
0.331044
0.402021
0.217725
0.193340
0.330293
0.246297
0.440485
0.516047
0.265468
0.152493
0.161447
0.282286
0.411781
0.308341
0.223080
0.403498
0.271322
0.150058
0.237573
0.264899
0.379527
0.730184
0.510233
0.258328
0.196449
0.207223
0.312090
0.386970
0.238071
0.160491
0.279703
0.226146
0.417600
0.157980
0.183895
0.329978
0.471617
0.320038
0.199253
0.223758
0.238483
0.419135
0.297147
0.206450
0.278846
0.195421
0.208708
0.207908
0.261136
0.341763
0.190448
0.237843
0.260552
0.138544
0.145173
0.343760
0.339070
0.180238
0.200582
0.276276
0.283848
0.368509
0.297220
0.156839
0.370015
0.124659
0.153841
0.219993
0.136414
0.190162
0.182352
0.510523
0.228056
0.174050
0.363485
0.138024
0.315884
0.135864
0.164419
0.209372
0.359162
0.336346
0.207831
0.548315
0.311567
0.433990
0.243419
0.225901
0.241582
0.281598
0.520095
0.240548
0.344966
0.338904
0.489072
0.274901
0.414645
0.141831
0.130895
0.434423
0.227718
0.224037
0.469715
0.515064
0.275441
0.409617
0.240449
0.269714
0.595575
0.224390
0.208706
0.281020
0.599584
0.467456
0.249719
0.456949
0.707168
0.218673
0.191027
0.257604
0.208314
0.282514
0.422325
0.140784
0.261706
0.121795
0.129349
0.148902
0.122221
0.117549
0.145175
0.159191
0.171648
0.302529
0.215624
0.202782
0.211717
0.197175
0.124854
0.167915
0.197136
0.160273
0.435120