0.115216
0.163674
0.252514
0.334672
0.204950
0.180404
0.341078
0.210050
0.239344
0.398493
0.263644
0.190201
0.226551
0.206484
0.241797
0.140471
0.240598
0.192332
0.241757
0.465827
0.205686
0.238611
0.185094
0.207999
0.159650
0.365773
0.194990
0.188265
0.206049
0.236735
0.243556
0.187918
0.263538
0.139313
0.306336
0.439882
0.201589
0.189766
0.229714
0.284319
0.066974
0.133416
0.267369
0.251300
0.161020
0.158620
0.221248
0.151575
0.168298
0.138370
0.245240
0.114665
0.196050
0.126204
0.319894
0.392450
0.162798
0.369813
0.368983
0.228492
0.173836
0.222995
0.387044
0.209176
0.196099
0.208906
0.207511
0.253504
0.150272
0.277363
0.250343
0.237867
0.218954
0.258286
0.259135
0.315819
0.198077
0.196161
0.280621
0.247525
0.107436
0.148707
0.235531
0.453137
0.199264
0.221435
0.237629
0.141823
0.219738
0.232028
0.251770
0.444001
0.685702
0.348449
0.220684
0.206397
0.323551
0.685092
0.195640
0.205545
0.133727
0.221696
0.241673
0.204690
0.149437
0.141718
0.276758
0.267467
0.251093
0.251652
0.352387
0.306478
0.473128
0.251364
0.298657
0.357746
0.183929
0.210219
0.537851
0.262850
0.117514
0.129379
0.321860
0.131263
0.309502
0.198946
0.267969
0.267887
0.348506
0.308124
0.250709
0.176677
0.299085
0.356073
0.211405
0.428608
0.281530
0.161184
0.672621
0.237220
0.105579
0.095932
0.565681
0.352904
0.275822
0.181548
0.290763
0.307938
0.422911
0.205125
0.304703
0.257311
0.153102
0.190771
0.256663
0.169365
0.227993
0.180900
0.132068
0.112733
0.093970
0.149725