0.070801
0.124313
0.268633
0.302215
0.130179
0.235634
0.289859
0.151184
0.249207
0.286513
0.284703
0.296217
0.155589
0.218748
0.161177
0.248011
0.135678
0.239060
0.110298
0.261928
0.100954
0.113482
0.190426
0.133754
0.278529
0.193327
0.249942
0.248159
0.150651
0.156580
0.163388
0.175134
0.213749
0.180545
0.213311
0.461556
0.292507
0.139199
0.216651
0.169320
0.454004
0.801876
0.435138
0.328572
0.664693
0.326961
0.246262
0.493402
0.359011
0.181054
0.245379
0.348362
0.141329
0.133031
0.093052
0.088452
0.266711
0.316529
0.335223
0.301878
0.191454
0.210747
0.307982
0.439458
0.138479
0.169149
0.324847
0.202507
0.123169
0.128296
0.123154
0.150179
0.115149
0.266729
0.327383
0.496763
0.156220
0.227229
0.183002
0.187059
0.134387
0.243991
0.270465
0.209866
0.129562
0.247968
0.115539
0.131730
0.327733
0.186058
0.169965
0.259614
0.195459
0.346796
0.163562
0.154881
0.179457
0.137310
0.395809
0.725292
0.435895
0.141309
0.327819
0.172042
0.156720
0.382728
0.360657
0.308839
0.100620
0.115646
0.199568
0.208328
0.165442
0.341138
0.343698
0.225802
0.125495
0.146283
0.138061
0.317016
0.334595
0.192894
0.274193
0.340091
0.170177
0.205513
0.084402
0.107683