1.418510000000000049e-01
2.235800000000000010e-01
2.305949999999999944e-01
1.941539999999999933e-01
2.859140000000000015e-01
3.616110000000000158e-01
3.165009999999999768e-01
2.730980000000000074e-01
2.327680000000000027e-01
2.698309999999999875e-01
2.183120000000000061e-01
3.750919999999999810e-01
3.711760000000000059e-01
5.172039999999999971e-01
2.667229999999999879e-01
4.324680000000000191e-01
3.564749999999999863e-01
2.086290000000000089e-01
2.246209999999999873e-01
2.013929999999999887e-01
2.651040000000000063e-01
3.612859999999999960e-01
1.327049999999999896e-01
1.748860000000000137e-01
4.022540000000000004e-01
2.596720000000000139e-01
3.125020000000000020e-01
3.163909999999999778e-01
2.163569999999999938e-01
2.536689999999999778e-01
2.046260000000000023e-01
3.773659999999999792e-01
3.249500000000000166e-01
5.296980000000000022e-01
1.768849999999999867e-01
4.787540000000000129e-01
1.884170000000000011e-01
3.504499999999999837e-01
1.731560000000000044e-01
2.436649999999999927e-01
2.589710000000000067e-01
4.657470000000000221e-01
2.038159999999999972e-01
4.804300000000000237e-01
2.134810000000000041e-01
2.340629999999999933e-01
4.949729999999999963e-01
2.097940000000000083e-01
5.076469999999999594e-01
1.735609999999999931e-01
4.574099999999999833e-01
1.708790000000000031e-01
5.244779999999999998e-01
4.380700000000000149e-01
4.991840000000000166e-01
2.341399999999999870e-01
2.772069999999999812e-01
1.921090000000000020e-01
1.928429999999999866e-01
1.865799999999999959e-01
3.208289999999999753e-01
2.420329999999999981e-01
2.592220000000000080e-01
1.860779999999999934e-01
5.164020000000000277e-01
2.506160000000000054e-01
1.565330000000000055e-01
4.369879999999999876e-01
4.589840000000000031e-01
2.661510000000000264e-01
6.332229999999999803e-01
3.552529999999999855e-01
7.195669999999999566e-01
5.840950000000000308e-01
2.463490000000000124e-01
3.696320000000000161e-01
3.631880000000000108e-01
1.884520000000000084e-01
2.191329999999999945e-01
2.404199999999999948e-01
1.969380000000000019e-01
4.640380000000000060e-01
2.319809999999999928e-01
4.530910000000000215e-01
2.705589999999999939e-01
4.307759999999999923e-01
2.585299999999999820e-01
4.063530000000000197e-01
2.733119999999999994e-01
2.386040000000000105e-01
6.411810000000000009e-01
3.250080000000000191e-01
5.321010000000000462e-01
1.899099999999999955e-01
5.648769999999999625e-01
2.140400000000000080e-01
3.681659999999999933e-01
1.661990000000000134e-01
2.231140000000000068e-01
2.230379999999999863e-01
1.809449999999999947e-01
1.725140000000000007e-01
1.818319999999999936e-01
2.015010000000000134e-01
2.251610000000000000e-01
2.719579999999999775e-01
2.195509999999999962e-01
3.965879999999999961e-01
2.308510000000000006e-01
3.577139999999999764e-01
1.301480000000000137e-01
3.983499999999999819e-01
5.543879999999999919e-01
2.920019999999999838e-01
2.151820000000000122e-01
2.025859999999999883e-01
1.933199999999999918e-01
1.469709999999999905e-01
2.666510000000000269e-01
4.210969999999999991e-01
1.555449999999999888e-01
1.884349999999999914e-01
2.161399999999999988e-01
1.904339999999999922e-01
3.338729999999999754e-01
2.422120000000000106e-01
2.038870000000000127e-01
4.518530000000000046e-01
2.695319999999999938e-01
3.770249999999999990e-01
3.574019999999999975e-01
4.429089999999999971e-01
4.284979999999999900e-01
5.560460000000000402e-01
2.320069999999999910e-01
4.863419999999999965e-01
1.932570000000000121e-01
4.798160000000000203e-01
1.686759999999999926e-01
2.395299999999999929e-01
2.657430000000000070e-01
3.657179999999999875e-01
1.724980000000000124e-01
2.951269999999999727e-01
6.897699999999999942e-01
5.426499999999999657e-01
7.758350000000000524e-01
4.850659999999999972e-01
6.999379999999999491e-01
4.123649999999999816e-01
5.476060000000000372e-01
2.329519999999999924e-01
6.766050000000000120e-01
5.863190000000000346e-01
7.303140000000000187e-01
6.291630000000000278e-01
6.668720000000000203e-01
3.918010000000000104e-01
6.995789999999999509e-01
3.376489999999999769e-01
2.540359999999999840e-01
3.248300000000000076e-01
2.294110000000000038e-01
7.104449999999999932e-01
5.953380000000000338e-01
4.881559999999999788e-01
4.349359999999999893e-01
1.884429999999999994e-01
3.659129999999999883e-01
2.387920000000000043e-01
2.426979999999999971e-01
3.462589999999999835e-01
5.887170000000000458e-01
5.035840000000000316e-01
5.612369999999999859e-01
1.836470000000000047e-01
2.671490000000000253e-01
1.878239999999999910e-01
2.752600000000000047e-01
1.834369999999999890e-01
2.755230000000000179e-01
5.096870000000000012e-01
1.561480000000000090e-01
2.026709999999999900e-01
4.487209999999999810e-01
2.233630000000000060e-01
3.460639999999999827e-01
1.738250000000000073e-01
2.573849999999999749e-01
1.723449999999999982e-01
4.504929999999999768e-01
1.923179999999999890e-01
5.514700000000000157e-01
4.207500000000000129e-01
5.160409999999999719e-01
2.258239999999999970e-01
3.294290000000000274e-01
1.809419999999999917e-01
1.072820000000000024e-01
1.721519999999999995e-01
