1.121560000000000057e-01
3.285359999999999947e-01
1.523100000000000009e-01
1.525019999999999987e-01
1.008779999999999955e-01
9.650000000000000244e-02
6.955899999999999583e-02
1.146339999999999998e-01
8.473700000000000676e-02
1.676590000000000025e-01
7.000199999999999478e-02
1.559840000000000115e-01
1.639980000000000049e-01
3.110339999999999772e-01
7.871100000000000319e-02
6.774600000000000066e-02
3.343840000000000146e-01
2.273050000000000070e-01
1.032460000000000044e-01
1.346299999999999997e-01
1.409410000000000107e-01
1.603640000000000065e-01
1.484139999999999904e-01
1.782070000000000043e-01
1.941259999999999930e-01
2.174409999999999954e-01
1.276480000000000115e-01
1.873809999999999920e-01
2.274380000000000013e-01
4.752959999999999963e-01
1.700170000000000015e-01
2.780960000000000099e-01
3.416549999999999865e-01
3.511079999999999757e-01
2.263519999999999976e-01
2.894369999999999998e-01
2.948479999999999990e-01
1.997549999999999881e-01
1.852509999999999990e-01
2.122900000000000065e-01
2.448390000000000011e-01
4.263580000000000148e-01
2.381510000000000016e-01
2.476029999999999898e-01
2.787879999999999803e-01
2.564179999999999793e-01
1.865400000000000114e-01
1.650210000000000010e-01
1.628400000000000125e-01
4.472249999999999837e-01
2.605370000000000186e-01
2.868269999999999986e-01
3.313329999999999886e-01
1.734150000000000136e-01
8.839500000000000135e-02
9.181000000000000272e-02
5.745959999999999956e-01
3.792510000000000048e-01
2.837120000000000197e-01
1.974789999999999879e-01
3.199060000000000237e-01
2.172920000000000129e-01
3.718429999999999791e-01
1.580310000000000048e-01
1.736050000000000093e-01
3.895299999999999874e-01
2.381050000000000111e-01
2.497989999999999933e-01
2.965949999999999975e-01
1.686449999999999894e-01
3.406669999999999976e-01
1.577349999999999863e-01
8.673100000000000254e-02
1.166549999999999948e-01
2.534150000000000014e-01
1.807489999999999930e-01
2.851420000000000066e-01
2.048879999999999868e-01
3.366219999999999768e-01
1.420500000000000096e-01
2.151329999999999909e-01
3.580590000000000162e-01
2.153059999999999974e-01
4.949830000000000063e-01
2.891250000000000209e-01
1.594599999999999906e-01
1.773009999999999864e-01
1.500029999999999974e-01
2.478950000000000042e-01
1.983779999999999988e-01
8.563999999999999391e-02
1.663100000000000134e-01
2.706689999999999929e-01
1.268189999999999873e-01
1.521699999999999997e-01
1.399440000000000128e-01
2.812120000000000175e-01
2.756250000000000089e-01
1.564770000000000050e-01
1.973109999999999864e-01
1.306839999999999946e-01
1.247560000000000058e-01
1.631150000000000100e-01
1.419169999999999876e-01
1.866539999999999866e-01
1.801210000000000033e-01
4.197110000000000007e-01
2.407559999999999978e-01
9.516499999999999959e-02
1.720899999999999930e-01
1.416910000000000114e-01
1.350419999999999954e-01
4.429429999999999756e-01
8.116579999999999906e-01
2.547699999999999965e-01
2.984600000000000031e-01
2.141840000000000133e-01
3.283940000000000192e-01
4.493679999999999897e-01
1.789350000000000107e-01
3.457580000000000098e-01
1.525660000000000072e-01
5.268500000000000405e-01
2.589710000000000067e-01
3.405759999999999899e-01
1.872840000000000060e-01
8.842999999999999472e-02
1.014560000000000045e-01
