9.906099999999999628e-02
2.599650000000000016e-01
1.129929999999999962e-01
1.216740000000000044e-01
1.759950000000000125e-01
1.310419999999999918e-01
2.663499999999999757e-01
8.127600000000000102e-02
2.265129999999999921e-01
2.795039999999999747e-01
2.141270000000000118e-01
1.390329999999999899e-01
3.634209999999999940e-01
6.584349999999999925e-01
2.579449999999999799e-01
1.271239999999999870e-01
4.986979999999999746e-01
2.399920000000000109e-01
4.511310000000000042e-01
8.334329999999999794e-01
2.549850000000000172e-01
5.408439999999999914e-01
4.243970000000000242e-01
8.208349999999999813e-01
2.602389999999999981e-01
2.134459999999999968e-01
3.409550000000000081e-01
1.357869999999999910e-01
8.883000000000000618e-02
1.346940000000000082e-01
1.686140000000000139e-01
3.347069999999999768e-01
4.386300000000000199e-01
7.567840000000000122e-01
1.762499999999999900e-01
3.238110000000000155e-01
2.874079999999999968e-01
1.288239999999999941e-01
7.334499999999999353e-02
1.300060000000000104e-01
1.250719999999999887e-01
2.993100000000000205e-01
5.648999999999999855e-02
2.307480000000000087e-01
3.653359999999999941e-01
1.932790000000000064e-01
3.081599999999999895e-01
1.084240000000000065e-01
2.333310000000000106e-01
1.091879999999999934e-01
4.623700000000000032e-02
6.718599999999999572e-02
1.424640000000000073e-01
6.636699999999999544e-02
1.433540000000000092e-01
7.947999999999999510e-02
1.593199999999999894e-01
4.235849999999999893e-01
1.383949999999999902e-01
7.619900000000000284e-02
4.531310000000000060e-01
1.840330000000000021e-01
7.412900000000000045e-02
1.337079999999999935e-01
1.582060000000000133e-01
3.205890000000000128e-01
3.371230000000000060e-01
1.006100000000000050e-01
3.508519999999999972e-01
2.080760000000000109e-01
8.070299999999999696e-02
2.193340000000000012e-01
