2.347629999999999995e-01
1.543829999999999925e-01
2.332780000000000131e-01
3.310230000000000117e-01
5.121780000000000221e-01
2.638449999999999962e-01
4.538260000000000072e-01
2.451599999999999890e-01
3.899050000000000016e-01
1.659529999999999894e-01
2.921449999999999880e-01
2.391790000000000027e-01
3.951379999999999892e-01
7.659129999999999550e-01
1.371320000000000039e-01
2.962589999999999946e-01
9.446100000000000330e-02
1.107579999999999953e-01
1.539909999999999890e-01
2.184979999999999978e-01
1.674760000000000137e-01
1.880650000000000099e-01
1.634599999999999942e-01
3.076039999999999885e-01
3.677329999999999766e-01
1.993739999999999957e-01
2.171510000000000107e-01
2.256869999999999987e-01
1.418369999999999909e-01
1.018259999999999998e-01
1.794719999999999926e-01
2.007770000000000110e-01
7.665099999999999691e-02
1.685379999999999934e-01
1.478490000000000082e-01
1.205859999999999987e-01
4.876559999999999784e-01
2.371459999999999957e-01
2.520149999999999890e-01
1.414680000000000104e-01
1.350949999999999929e-01
2.895099999999999896e-01
1.975880000000000136e-01
1.572189999999999976e-01
2.589549999999999907e-01
2.731149999999999967e-01
4.750249999999999750e-01
2.444959999999999911e-01
2.771250000000000102e-01
2.307609999999999939e-01
3.546849999999999725e-01
2.398790000000000089e-01
5.743890000000000384e-01
3.669709999999999916e-01
2.590850000000000097e-01
3.594860000000000277e-01
1.556430000000000036e-01
1.351070000000000049e-01
3.362629999999999786e-01
2.327380000000000004e-01
1.917619999999999880e-01
3.109509999999999774e-01
1.324160000000000059e-01
1.502809999999999979e-01
1.408999999999999975e-01
3.016840000000000077e-01
1.659110000000000029e-01
2.594730000000000092e-01
2.311809999999999976e-01
2.238370000000000082e-01
2.537200000000000011e-01
1.386930000000000107e-01
2.011819999999999997e-01
2.058860000000000134e-01
1.807560000000000000e-01
1.431709999999999927e-01
1.382680000000000020e-01
1.158249999999999974e-01
2.882170000000000010e-01
1.946100000000000052e-01
8.487100000000000199e-02
1.415559999999999874e-01
1.776830000000000076e-01
2.807100000000000151e-01
9.545599999999999918e-02
1.462880000000000014e-01
5.214090000000000114e-01
2.703999999999999737e-01
1.651980000000000115e-01
2.169860000000000122e-01
1.657279999999999864e-01
1.642750000000000044e-01
2.499760000000000038e-01
5.233579999999999899e-01
1.913549999999999973e-01
2.253419999999999868e-01
1.197460000000000052e-01
2.290359999999999896e-01
