2.015399999999999969e-01
3.470500000000000251e-01
1.267210000000000003e-01
2.238279999999999992e-01
1.361080000000000068e-01
1.999340000000000006e-01
1.039130000000000054e-01
1.809699999999999920e-01
1.149400000000000005e-01
1.075689999999999980e-01
1.679450000000000109e-01
3.257889999999999953e-01
1.585310000000000052e-01
1.877890000000000115e-01
3.722150000000000181e-01
2.586749999999999883e-01
3.719299999999999828e-01
2.968629999999999880e-01
5.356099999999999750e-02
1.009810000000000013e-01
2.606249999999999956e-01
1.446729999999999960e-01
2.549569999999999892e-01
1.137940000000000063e-01
2.172010000000000052e-01
8.784300000000000441e-02
2.059130000000000127e-01
1.827290000000000025e-01
3.210549999999999793e-01
1.712279999999999913e-01
1.568019999999999969e-01
2.562220000000000053e-01
3.112469999999999959e-01
2.452570000000000028e-01
1.715480000000000060e-01
1.489099999999999868e-01
1.207649999999999973e-01
2.547570000000000112e-01
2.220340000000000091e-01
1.211440000000000017e-01
1.998350000000000126e-01
1.041030000000000011e-01
2.303939999999999877e-01
1.269039999999999890e-01
2.462119999999999864e-01
3.418570000000000220e-01
1.632790000000000075e-01
1.592330000000000134e-01
3.786900000000000266e-01
3.214420000000000055e-01
2.033310000000000117e-01
1.630270000000000052e-01
5.529650000000000398e-01
2.859570000000000167e-01
7.177999999999999658e-02
1.041419999999999985e-01
1.324089999999999989e-01
1.104269999999999974e-01
2.603449999999999931e-01
1.947740000000000027e-01
3.229000000000000203e-01
2.298850000000000060e-01
1.981660000000000088e-01
2.411840000000000095e-01
4.311150000000000260e-01
3.898269999999999791e-01
5.577550000000000008e-01
2.408770000000000078e-01
2.977549999999999919e-01
2.036749999999999949e-01
3.674000000000000044e-01
1.862199999999999966e-01
1.672109999999999985e-01
1.087619999999999976e-01
2.586350000000000038e-01
2.814849999999999852e-01
6.882209999999999717e-01
4.583949999999999969e-01
2.472050000000000081e-01
2.923769999999999980e-01
6.532120000000000148e-01
4.550649999999999973e-01
1.861410000000000009e-01
1.947089999999999932e-01
2.300540000000000085e-01
1.794820000000000026e-01
1.583819999999999950e-01
1.423820000000000086e-01
1.327389999999999959e-01
1.496149999999999980e-01
1.311900000000000011e-01
1.436030000000000084e-01
3.052579999999999738e-01
2.658380000000000187e-01
2.650879999999999903e-01
6.475130000000000052e-01
3.419550000000000090e-01
2.656700000000000172e-01
3.279569999999999985e-01
1.600459999999999938e-01
2.413579999999999892e-01
1.544369999999999910e-01
1.283449999999999869e-01
1.088530000000000053e-01
1.274579999999999880e-01
9.613700000000000023e-02
3.335389999999999744e-01
2.020049999999999901e-01
9.018600000000000227e-02
1.678900000000000114e-01
1.598499999999999921e-01
2.561680000000000068e-01
1.962210000000000065e-01
4.137299999999999867e-01
1.919869999999999910e-01
1.735250000000000126e-01
1.968070000000000097e-01
4.828290000000000082e-01
1.623870000000000036e-01
2.804409999999999958e-01
1.566160000000000052e-01
1.361070000000000058e-01
3.330089999999999995e-01
5.244189999999999685e-01
2.705580000000000207e-01
2.670009999999999883e-01
1.200750000000000012e-01
1.537769999999999970e-01
