0.228540
0.149315
0.264057
0.284278
0.173009
0.146217
0.147059
0.133262
0.253286
0.273827
0.185445
0.170706
0.468449
0.309068
0.362328
0.222322
0.218764
0.144334
0.307296
0.129018
0.257294
0.273971
0.515700
0.195535
0.185937
0.278014
0.205633
0.367781
0.341561
0.190503
0.369070
0.074874
0.132925
0.130870
0.146639
0.299338
0.218097
0.243657
0.354081
0.231562
0.249442
0.434471
0.433387
0.341943
0.403584
0.175767
0.229287
0.257888
0.153855
0.370085
0.274781
0.474321
0.258556
0.350094
0.598100
0.295736
0.283995
0.203128
0.293008
0.280539
0.140187
0.118602
0.107402
0.130378
0.170257
0.150350
0.160971
0.190729
0.242439
0.399891
0.390842
0.331625
0.288851
0.204971
0.360741
0.364432
0.169738
0.305968
0.270115
0.066025
0.068402
0.190930
0.297286
0.399060
0.259839
0.304535
0.485325
0.328089
0.173937
0.246946
0.146883
0.254904
0.257124
0.146807
0.177006
0.122580
0.257501