1.206949999999999967e-01
1.284750000000000059e-01
1.848960000000000048e-01
2.555009999999999781e-01
3.890919999999999934e-01
3.745709999999999873e-01
1.392220000000000124e-01
2.586100000000000065e-01
4.908199999999999785e-01
2.695879999999999943e-01
2.273449999999999915e-01
4.456069999999999753e-01
1.387670000000000015e-01
1.703939999999999899e-01
1.224139999999999950e-01
1.455210000000000115e-01
3.201320000000000277e-01
3.026280000000000081e-01
4.172870000000000190e-01
2.044199999999999906e-01
1.134249999999999980e-01
1.951990000000000114e-01
1.780470000000000108e-01
1.610499999999999987e-01
1.779620000000000091e-01
2.195489999999999942e-01
1.801270000000000093e-01
1.873410000000000075e-01
1.857800000000000007e-01
1.125870000000000065e-01
3.811869999999999981e-01
2.252159999999999995e-01
1.725500000000000089e-01
2.076379999999999892e-01
1.774090000000000111e-01
3.708480000000000110e-01
3.256649999999999823e-01
2.155590000000000006e-01
1.867709999999999926e-01
3.069749999999999979e-01
2.974550000000000249e-01
1.890650000000000108e-01
1.276819999999999899e-01
2.303739999999999954e-01
1.536530000000000118e-01
1.639569999999999916e-01
1.735440000000000038e-01
3.539849999999999941e-01
5.674160000000000315e-01
2.551570000000000227e-01
2.872190000000000021e-01
5.142360000000000264e-01
3.785220000000000251e-01
4.343119999999999759e-01
2.301279999999999992e-01
5.216439999999999966e-01
1.120150000000000035e-01
9.202000000000000457e-02
1.843760000000000121e-01
2.085170000000000079e-01
2.207949999999999913e-01
1.854109999999999925e-01
2.200779999999999959e-01
3.932539999999999925e-01
2.440779999999999894e-01
3.871129999999999849e-01
2.860759999999999970e-01
1.732799999999999896e-01
3.430329999999999768e-01
2.225650000000000128e-01
1.067270000000000024e-01
1.982859999999999900e-01
