1.251500000000000112e-01
2.006739999999999913e-01
2.409880000000000078e-01
4.011290000000000133e-01
1.736580000000000068e-01
3.563749999999999973e-01
1.958789999999999976e-01
3.142150000000000221e-01
1.901970000000000049e-01
1.540430000000000132e-01
1.615949999999999886e-01
1.843720000000000081e-01
2.680139999999999745e-01
3.164850000000000163e-01
1.665840000000000098e-01
1.349629999999999996e-01
1.800950000000000051e-01
2.536120000000000041e-01
3.642859999999999987e-01
2.103970000000000007e-01
1.218169999999999947e-01
1.586990000000000067e-01
1.118510000000000060e-01
2.597010000000000152e-01
2.861400000000000055e-01
1.466439999999999966e-01
1.233110000000000039e-01
1.681229999999999947e-01
1.676529999999999965e-01
9.990100000000000369e-02
1.112339999999999995e-01
1.432920000000000027e-01
2.119459999999999955e-01
1.958660000000000123e-01
1.586909999999999987e-01
1.034000000000000058e-01
1.303670000000000107e-01
1.316180000000000128e-01
1.496840000000000115e-01
2.774639999999999884e-01
1.583710000000000118e-01
2.449699999999999933e-01
2.567150000000000265e-01
1.558750000000000135e-01
2.350279999999999869e-01
1.776890000000000136e-01
2.593119999999999870e-01
5.005290000000000017e-01
1.708490000000000009e-01
2.543529999999999958e-01
3.448209999999999886e-01
1.463619999999999921e-01
4.279519999999999991e-01
1.782040000000000013e-01
1.266790000000000138e-01
2.881400000000000072e-01
2.119350000000000123e-01
4.415589999999999793e-01
2.838660000000000072e-01
4.354459999999999997e-01
4.570890000000000231e-01
2.324970000000000092e-01
1.410480000000000067e-01
2.195159999999999889e-01
2.192129999999999912e-01
3.817249999999999810e-01
9.373099999999999488e-02
1.601180000000000103e-01
2.582110000000000238e-01
1.454769999999999952e-01
1.408880000000000132e-01
1.344380000000000019e-01
1.632730000000000015e-01
3.543560000000000043e-01
3.296720000000000206e-01
1.998010000000000064e-01
3.936069999999999847e-01
1.511679999999999968e-01
3.745009999999999728e-01
2.577780000000000071e-01
2.609480000000000133e-01
2.299360000000000015e-01
2.243840000000000001e-01
3.853030000000000066e-01
2.870650000000000146e-01
3.490539999999999754e-01
2.258989999999999887e-01
2.385919999999999985e-01
2.864430000000000032e-01
2.454800000000000038e-01
1.818029999999999924e-01
1.949770000000000114e-01
2.649610000000000021e-01
3.880910000000000193e-01
1.623880000000000046e-01
1.799910000000000121e-01
1.824119999999999908e-01
2.252490000000000048e-01
3.420099999999999807e-01
4.179729999999999834e-01
1.571029999999999927e-01
2.878310000000000035e-01
2.837219999999999742e-01
1.443359999999999921e-01
6.676379999999999537e-01
5.084039999999999671e-01
2.875699999999999923e-01
6.403450000000000530e-01
2.039370000000000072e-01
2.916190000000000171e-01
9.856900000000000384e-02
1.346229999999999927e-01
8.228990000000000471e-01
4.847080000000000277e-01
2.067370000000000041e-01
3.899889999999999746e-01
1.313640000000000085e-01
2.461500000000000077e-01
3.125229999999999952e-01
4.877699999999999814e-01
1.911779999999999868e-01
4.318540000000000156e-01
4.720840000000000036e-01
2.549560000000000159e-01
4.110030000000000072e-01
2.329050000000000009e-01
1.515299999999999980e-01
2.488339999999999996e-01
3.787650000000000183e-01
1.765500000000000125e-01
1.637589999999999879e-01
1.856639999999999957e-01
1.739290000000000003e-01
3.195399999999999907e-01
1.396340000000000081e-01
1.989170000000000105e-01
1.586180000000000090e-01
2.257200000000000040e-01
4.005940000000000056e-01
6.776330000000000409e-01
5.402109999999999967e-01
2.697899999999999743e-01
1.563070000000000015e-01
2.638510000000000022e-01
2.129810000000000036e-01
4.479270000000000196e-01
2.810130000000000128e-01
1.591299999999999937e-01
2.792080000000000117e-01
1.747299999999999964e-01
1.452880000000000005e-01
3.627779999999999894e-01
1.813460000000000072e-01
4.348969999999999780e-01
1.042460000000000053e-01
1.071779999999999955e-01
4.603400000000000269e-01
2.133170000000000066e-01
4.381659999999999999e-01
3.080040000000000000e-01
2.100930000000000020e-01
2.836069999999999980e-01
1.994029999999999969e-01
3.873829999999999774e-01
3.509979999999999767e-01
2.427290000000000003e-01
2.310750000000000026e-01
1.754350000000000076e-01
3.659789999999999988e-01
2.555990000000000206e-01
1.726179999999999937e-01
1.791689999999999949e-01
2.046290000000000053e-01
3.595510000000000095e-01
2.016050000000000064e-01
1.460049999999999959e-01
1.128080000000000055e-01
1.952230000000000076e-01
3.519140000000000046e-01
3.014330000000000065e-01
2.087299999999999989e-01
2.080559999999999909e-01
1.696900000000000075e-01
2.162139999999999895e-01
3.648910000000000209e-01
2.314599999999999991e-01
3.441100000000000270e-01
1.950079999999999869e-01
1.348479999999999956e-01
1.747160000000000102e-01
2.030909999999999938e-01
1.434509999999999952e-01
3.596880000000000077e-01
2.365829999999999878e-01
1.482709999999999861e-01
2.450309999999999988e-01
1.705879999999999896e-01
1.648439999999999905e-01
1.732329999999999981e-01
3.427680000000000171e-01
