9.707100000000000450e-02
1.610659999999999870e-01
6.066660000000000386e-01
3.901709999999999900e-01
3.718310000000000226e-01
1.677490000000000092e-01
2.274380000000000013e-01
4.174669999999999770e-01
2.884689999999999754e-01
3.548700000000000188e-01
1.185999999999999971e-01
2.259279999999999899e-01
1.684120000000000061e-01
2.930240000000000067e-01
3.738299999999999956e-01
2.672080000000000011e-01
3.842829999999999857e-01
6.336169999999999858e-01
2.643309999999999826e-01
3.768310000000000271e-01
1.272999999999999965e-01
1.310780000000000001e-01
1.158480000000000065e-01
2.067680000000000073e-01
1.550120000000000109e-01
1.519909999999999872e-01
1.968779999999999974e-01
2.804800000000000071e-01
2.350399999999999989e-01
2.450600000000000001e-01
1.732239999999999891e-01
2.017100000000000004e-01
2.039910000000000057e-01
4.150200000000000000e-01
2.687300000000000244e-01
2.388959999999999972e-01
1.515920000000000045e-01
1.746919999999999862e-01
2.715770000000000128e-01
2.072960000000000080e-01
3.616059999999999830e-01
1.922649999999999915e-01
4.044130000000000225e-01
2.100190000000000112e-01
1.247889999999999971e-01
1.573269999999999946e-01
2.376810000000000034e-01
4.195180000000000020e-01
2.853040000000000020e-01
3.759759999999999769e-01
2.384670000000000123e-01
4.911019999999999830e-01
2.165829999999999977e-01
3.109129999999999949e-01
6.224800000000000333e-01
4.089840000000000142e-01
1.682349999999999957e-01
3.384559999999999791e-01
2.661879999999999802e-01
3.748799999999999910e-01
1.465539999999999898e-01
1.672109999999999985e-01
2.245729999999999948e-01
3.158560000000000256e-01
1.914119999999999988e-01
3.214099999999999735e-01
1.725150000000000017e-01
2.430039999999999978e-01
5.354330000000000478e-01
2.955570000000000142e-01
2.073260000000000103e-01
1.285789999999999988e-01
2.078210000000000057e-01
2.374209999999999932e-01
3.045959999999999779e-01
2.985789999999999833e-01
2.409370000000000123e-01
2.198050000000000004e-01
3.645399999999999752e-01
1.985240000000000060e-01
1.595439999999999914e-01
2.578489999999999949e-01
2.062110000000000054e-01
2.773109999999999742e-01
1.554280000000000106e-01
1.695959999999999968e-01
2.411850000000000105e-01
2.640540000000000109e-01
1.444429999999999881e-01
2.094560000000000033e-01
3.616980000000000195e-01
1.936269999999999936e-01
2.185590000000000033e-01
2.178070000000000006e-01
2.691089999999999871e-01
2.505189999999999917e-01
1.932039999999999869e-01
1.778480000000000061e-01
3.070080000000000031e-01
2.279430000000000067e-01
1.286809999999999898e-01
1.520420000000000105e-01
1.896730000000000083e-01
2.721029999999999838e-01
2.673579999999999846e-01
1.651179999999999870e-01
3.212780000000000080e-01
1.584270000000000123e-01
2.874709999999999765e-01
2.107110000000000094e-01
1.077010000000000051e-01
2.115339999999999998e-01
2.334829999999999961e-01
2.115750000000000131e-01
2.754499999999999726e-01
2.933430000000000204e-01
2.126770000000000049e-01
1.477449999999999875e-01
3.144529999999999825e-01
1.865880000000000039e-01
1.323890000000000067e-01
1.622480000000000033e-01
3.564300000000000246e-01
2.836890000000000245e-01
1.391350000000000087e-01
1.911760000000000126e-01
6.136359999999999593e-01
3.684799999999999742e-01
3.322499999999999898e-01
2.812479999999999980e-01
4.236249999999999738e-01
2.248169999999999891e-01
1.825549999999999951e-01
2.234929999999999972e-01
3.102409999999999890e-01
4.932920000000000083e-01
3.008560000000000123e-01
1.535479999999999901e-01
6.176340000000000163e-01
3.325600000000000223e-01
1.179909999999999987e-01
1.188759999999999956e-01
2.078879999999999895e-01
1.559780000000000055e-01
1.307280000000000109e-01
1.637200000000000044e-01
1.923590000000000022e-01
3.378260000000000152e-01
1.710260000000000113e-01
2.071340000000000126e-01
1.427489999999999870e-01
2.605259999999999798e-01
3.245029999999999859e-01
1.603350000000000053e-01
1.786699999999999955e-01
3.859139999999999793e-01
2.542070000000000163e-01
1.784709999999999908e-01
2.128539999999999877e-01
4.044630000000000170e-01
2.049249999999999960e-01
3.818500000000000227e-01
2.652079999999999993e-01
3.870620000000000172e-01
2.271779999999999911e-01
4.761420000000000097e-01
4.485890000000000155e-01
2.825170000000000181e-01
3.552210000000000090e-01
3.293059999999999876e-01
2.717089999999999783e-01
1.967089999999999950e-01
6.061860000000000026e-01
3.095990000000000131e-01
4.507030000000000203e-01
3.366819999999999813e-01
1.933880000000000043e-01
1.203639999999999988e-01
4.435290000000000066e-01
2.996219999999999994e-01
1.478019999999999889e-01
1.607339999999999880e-01
2.681959999999999900e-01
4.392209999999999726e-01
1.649319999999999953e-01
1.730410000000000004e-01
3.286290000000000044e-01
1.746409999999999907e-01
2.751939999999999942e-01
2.424550000000000038e-01
2.221480000000000121e-01
1.690859999999999863e-01
1.971040000000000014e-01
2.261660000000000059e-01
4.803399999999999892e-01
3.213150000000000173e-01
1.961660000000000070e-01
1.955189999999999984e-01
2.115130000000000066e-01
2.802819999999999756e-01
