0.131167
0.097223
0.159169
0.203966
0.221580
0.256291
0.692798
0.290710
0.173236
0.187146
0.217609
0.291071
0.325078
0.167905
0.243992
0.284860
0.205215
0.143831
0.259524
0.177980
0.177653
0.116291
0.069408
0.142927
0.221656
0.157671
0.198262
0.194503
0.120623
0.105301
0.231415
0.150237
0.213173
0.217545
0.203457
0.180070
0.115326
0.155417
0.163878
0.169990
0.128854
0.128423
0.169918
0.169177
0.111604
0.121197
0.211042
0.244144
0.295990
0.123191
0.273032
0.194580
0.231712
0.261885
0.466038
0.350236
0.154309
0.187703
0.190581
0.354559
0.186040
0.100905
0.136630
0.180182
0.176682
0.199180
0.088711
0.139884
0.149270
0.158088
0.171158
0.261779
0.502345
0.240768
0.198862
0.233345
0.327937
0.157317
0.405594
0.234914
0.151132
0.148943
0.385315
0.194458
0.587494
0.353760
0.270419
0.278039
0.207580
0.121690
0.314316
0.209154
0.268314
0.291191
0.348740
0.221725
0.204331
0.377297
0.208865
0.232704
0.099200
0.172921
0.289170
0.135579
0.206177
0.175241
0.158592
0.220942
0.134891
0.123736
0.094383
0.214571
0.185703
0.231550
0.161447
0.313314
0.123155
0.125046
0.168086
0.191987
0.204620
0.110895
0.147409
0.306191
0.171817
0.205583
0.225257
0.166463
0.127981
0.144018
0.138087
0.246055
0.097134
0.207891
0.336591
0.162889
0.274845
0.121381
0.213276
0.165421
0.126585
0.211722
0.144943
0.145979
0.351613
0.186772
0.188528
0.238343
0.139430
0.134911
0.253787
0.199780
0.220629
0.269183
0.190048
0.171102
0.261129
0.150974
0.200299
0.341842
0.122799
0.112643
0.097926
0.169104
0.189754
0.246501
0.228756
0.204256
0.131370
0.171200
0.177345
0.485311
0.248951
0.202276
0.207917
0.224012
0.082155
0.132545
0.415630
0.251051
0.184268
0.101103
0.141759
0.321825
0.319883
0.181644
0.246249
0.158837
0.143364
0.164855
0.211227
0.498412
0.464591
0.212471
0.214058
0.279748
0.298708
0.144581
0.098253
0.145509