8.014799999999999702e-02
1.627439999999999998e-01
1.806119999999999948e-01
1.422859999999999958e-01
4.473539999999999739e-01
1.505390000000000061e-01
1.911049999999999971e-01
2.107269999999999976e-01
2.242770000000000041e-01
4.280579999999999941e-01
9.669200000000000017e-02
1.110749999999999932e-01
1.458760000000000057e-01
2.244389999999999996e-01
2.600100000000000189e-01
1.935910000000000131e-01
2.184560000000000113e-01
1.588839999999999975e-01
5.003570000000000517e-01
2.130279999999999951e-01
1.042580000000000034e-01
9.772400000000000531e-02
4.683450000000000113e-01
2.321560000000000012e-01
2.508879999999999999e-01
3.945719999999999783e-01
1.839079999999999881e-01
3.007750000000000146e-01
1.341579999999999995e-01
2.726480000000000015e-01
2.832839999999999803e-01
4.484969999999999790e-01
2.967870000000000230e-01
2.797229999999999994e-01
2.653229999999999755e-01
1.445430000000000048e-01
2.077309999999999990e-01
1.154659999999999992e-01
4.249120000000000119e-01
2.362430000000000085e-01
1.760059999999999958e-01
2.056540000000000035e-01
3.965730000000000088e-01
1.978429999999999911e-01
1.661580000000000001e-01
2.774039999999999839e-01
1.013420000000000015e-01
1.777499999999999913e-01
2.153730000000000089e-01
4.619219999999999993e-01
5.361900000000000555e-01
2.382430000000000103e-01
2.786980000000000013e-01
3.470480000000000231e-01
3.113909999999999734e-01
1.632029999999999870e-01
1.703250000000000042e-01
1.850420000000000120e-01
2.559910000000000241e-01
2.236239999999999895e-01
1.150110000000000021e-01
2.306660000000000099e-01
1.935880000000000101e-01
1.740649999999999975e-01
9.621499999999999497e-02
8.920100000000000251e-02
2.025770000000000071e-01
3.726300000000000168e-01
3.868920000000000137e-01
1.757640000000000036e-01
1.750210000000000099e-01
2.212290000000000090e-01
2.933220000000000272e-01
1.613149999999999862e-01
1.482829999999999981e-01
1.558579999999999965e-01
1.671769999999999923e-01
3.486580000000000235e-01
1.567850000000000077e-01
3.392120000000000135e-01
1.076470000000000066e-01
2.226690000000000058e-01
9.306100000000000483e-02
1.058380000000000015e-01
2.144610000000000127e-01
1.432720000000000105e-01
1.609899999999999942e-01
2.332259999999999889e-01
2.012609999999999955e-01
1.787839999999999985e-01
2.366399999999999892e-01
6.297310000000000407e-01
1.960010000000000085e-01
2.896380000000000066e-01
6.419230000000000214e-01
7.962979999999999503e-01
2.651950000000000141e-01
5.035880000000000356e-01
6.127979999999999539e-01
3.344599999999999795e-01
2.080599999999999949e-01
1.274399999999999977e-01
2.940789999999999793e-01
1.678949999999999887e-01
2.339050000000000018e-01
3.449969999999999981e-01
3.129089999999999927e-01
5.962110000000000465e-01
1.000400000000000039e-01
1.977079999999999949e-01
2.113119999999999998e-01
4.500009999999999843e-01
3.376390000000000224e-01
2.410819999999999907e-01
3.883409999999999918e-01
2.511360000000000259e-01
1.746389999999999887e-01
2.263650000000000106e-01
2.369509999999999950e-01
1.180829999999999935e-01
1.747819999999999929e-01
2.221460000000000101e-01
2.427459999999999896e-01
2.755949999999999789e-01
1.871579999999999910e-01
4.995499999999999940e-01
1.954639999999999989e-01
1.708199999999999996e-01
2.469220000000000026e-01
2.981380000000000141e-01
2.899539999999999895e-01
2.367879999999999985e-01
1.852010000000000045e-01
1.729829999999999979e-01
1.865219999999999934e-01
2.432920000000000083e-01
1.211559999999999998e-01
1.265900000000000081e-01
1.878499999999999892e-01
2.379449999999999898e-01
8.203000000000000569e-02
2.081349999999999867e-01
1.830479999999999885e-01
2.077090000000000047e-01
1.865110000000000101e-01
1.793049999999999922e-01
1.858319999999999972e-01
1.411590000000000067e-01
3.570610000000000173e-01
1.954559999999999909e-01
1.738099999999999923e-01
2.097130000000000105e-01
1.877030000000000087e-01
3.636559999999999793e-01
2.126329999999999887e-01
1.247920000000000001e-01
2.045710000000000028e-01
2.026199999999999946e-01
2.166049999999999920e-01
2.081359999999999877e-01
1.329019999999999924e-01
1.924510000000000109e-01
