3.318380000000000218e-01
2.209980000000000000e-01
4.077060000000000128e-01
5.932749999999999968e-01
2.930749999999999744e-01
5.585949999999999527e-01
2.899209999999999843e-01
4.496789999999999954e-01
3.346520000000000050e-01
5.487600000000000255e-01
2.195409999999999862e-01
3.482990000000000252e-01
2.248060000000000058e-01
3.813579999999999748e-01
3.110530000000000239e-01
3.165370000000000128e-01
6.005350000000000410e-01
3.392249999999999988e-01
4.959470000000000267e-01
2.515800000000000258e-01
1.163899999999999935e-01
4.434489999999999821e-01
4.164249999999999896e-01
2.286279999999999979e-01
2.949579999999999980e-01
3.363030000000000186e-01
3.675209999999999866e-01
2.758289999999999909e-01
6.481909999999999616e-01
5.718529999999999447e-01
4.700239999999999974e-01
3.016309999999999825e-01
3.058799999999999852e-01
4.149019999999999930e-01
3.359960000000000169e-01
6.351050000000000306e-01
1.425240000000000118e-01
4.782219999999999804e-01
5.192750000000000421e-01
4.082850000000000090e-01
3.495710000000000206e-01
2.463940000000000019e-01
2.438919999999999977e-01
3.113859999999999961e-01
2.577240000000000086e-01
4.772859999999999880e-01
4.146900000000000031e-01
5.319319999999999604e-01
2.335500000000000076e-01
5.004159999999999719e-01
