3.965719999999999801e-01
2.928839999999999777e-01
2.790940000000000087e-01
2.895010000000000083e-01
3.990159999999999818e-01
3.281580000000000052e-01
4.511510000000000242e-01
2.302369999999999972e-01
2.803269999999999929e-01
3.283380000000000187e-01
5.941239999999999855e-01
3.534939999999999749e-01
5.994300000000000184e-01
3.757989999999999942e-01
3.010959999999999748e-01
2.584099999999999731e-01
3.227160000000000029e-01
2.605239999999999778e-01
6.178190000000000071e-01
4.399520000000000097e-01
4.294239999999999724e-01
2.732660000000000089e-01
4.414870000000000183e-01
2.800849999999999729e-01
4.504420000000000091e-01
2.803800000000000181e-01
2.802850000000000064e-01
2.925809999999999800e-01
3.258409999999999918e-01
2.730190000000000117e-01
6.239679999999999671e-01
3.452500000000000013e-01
3.820779999999999732e-01
3.209890000000000243e-01
2.873490000000000211e-01
2.117630000000000068e-01
2.178960000000000063e-01
2.927910000000000235e-01
2.806640000000000246e-01
3.884409999999999807e-01
1.905290000000000039e-01
2.683780000000000054e-01
2.178289999999999949e-01
1.589810000000000112e-01
2.656720000000000192e-01
3.773980000000000112e-01
2.263489999999999946e-01
3.289259999999999962e-01
2.657260000000000177e-01
1.643999999999999906e-01
1.916670000000000040e-01
1.910129999999999884e-01
2.449530000000000041e-01
2.228580000000000005e-01
1.490249999999999908e-01
1.307609999999999884e-01
2.819380000000000219e-01
2.272949999999999970e-01
2.416729999999999989e-01
2.344799999999999940e-01
2.711250000000000049e-01
2.936309999999999754e-01
2.910240000000000049e-01
4.713959999999999817e-01
3.102929999999999855e-01
4.277110000000000078e-01
3.737380000000000146e-01
2.692450000000000121e-01
3.698339999999999961e-01
5.596849999999999881e-01
2.942679999999999740e-01
3.420960000000000112e-01
3.174089999999999967e-01
3.543250000000000011e-01
2.228910000000000058e-01
4.855030000000000179e-01
5.751920000000000366e-01
3.499630000000000241e-01
4.002620000000000067e-01
2.511579999999999924e-01
2.757580000000000031e-01
1.678489999999999982e-01
2.480289999999999995e-01
1.987589999999999912e-01
5.002670000000000172e-01
3.127800000000000025e-01
1.844649999999999901e-01
2.483170000000000099e-01
1.907290000000000096e-01
2.518310000000000271e-01
2.372569999999999957e-01
2.140019999999999978e-01
2.727020000000000000e-01
2.367279999999999940e-01
3.889880000000000004e-01
2.009120000000000072e-01
2.203440000000000121e-01
2.108399999999999996e-01
2.504910000000000192e-01
2.836150000000000060e-01
1.599520000000000108e-01
1.144830000000000014e-01
2.287069999999999936e-01
2.221990000000000076e-01
4.987349999999999839e-01
2.983379999999999921e-01
1.818869999999999931e-01
1.851019999999999888e-01
1.790609999999999979e-01
2.395690000000000042e-01
1.938590000000000035e-01
3.019990000000000174e-01
2.410049999999999970e-01
2.064209999999999934e-01
2.592920000000000225e-01
1.793659999999999977e-01
1.858750000000000124e-01
3.238249999999999740e-01
2.874689999999999745e-01
2.746270000000000100e-01
2.347879999999999967e-01
2.360019999999999896e-01
2.430509999999999893e-01
3.665979999999999794e-01
3.166160000000000085e-01
2.992389999999999772e-01
2.309049999999999991e-01
2.037190000000000112e-01
3.956319999999999837e-01
2.755639999999999756e-01
2.776560000000000139e-01
2.782129999999999881e-01
1.927669999999999939e-01
2.831589999999999940e-01
1.834530000000000050e-01
3.358340000000000214e-01
2.912680000000000269e-01
1.743020000000000125e-01
3.468169999999999864e-01
2.548230000000000217e-01
2.162999999999999923e-01
1.788089999999999957e-01
2.010949999999999960e-01
1.071140000000000009e-01
3.718819999999999903e-01
2.117179999999999895e-01
2.262639999999999929e-01
2.228159999999999863e-01
2.751179999999999737e-01
2.162989999999999913e-01
2.772859999999999769e-01
2.057329999999999992e-01
3.228150000000000186e-01
2.451210000000000055e-01
1.045490000000000030e-01
2.406820000000000070e-01
1.548009999999999942e-01
3.912869999999999959e-01
1.570789999999999964e-01
3.317930000000000046e-01
1.567510000000000014e-01
3.317800000000000193e-01
2.143829999999999902e-01
2.452080000000000093e-01
2.290629999999999888e-01
3.947769999999999890e-01
2.527240000000000042e-01
3.845310000000000117e-01
2.426480000000000026e-01
3.062849999999999739e-01
2.067150000000000098e-01
2.757419999999999871e-01
2.187399999999999900e-01
3.461480000000000112e-01
2.943310000000000093e-01
4.768809999999999993e-01
1.582949999999999913e-01
2.811400000000000010e-01
4.907070000000000043e-01
3.665229999999999877e-01
1.763359999999999927e-01
1.724829999999999974e-01
2.209760000000000058e-01
1.980439999999999978e-01
2.577840000000000131e-01
3.561130000000000129e-01
2.094429999999999903e-01
2.331120000000000136e-01
2.206710000000000060e-01
2.512960000000000194e-01
2.517780000000000018e-01
2.233660000000000090e-01
3.788659999999999806e-01
4.962400000000000144e-01
1.814129999999999909e-01
2.440930000000000044e-01
1.877719999999999945e-01
2.709730000000000194e-01
1.800950000000000051e-01
2.677930000000000033e-01
