6.300000000000000044e-02
8.833199999999999386e-02
3.429710000000000258e-01
3.182559999999999834e-01
2.051890000000000103e-01
3.388900000000000245e-01
5.384349999999999969e-01
2.413359999999999950e-01
3.165479999999999960e-01
1.516170000000000018e-01
3.835330000000000128e-01
2.855599999999999805e-01
1.730420000000000014e-01
1.499290000000000067e-01
1.959230000000000138e-01
2.620410000000000239e-01
1.879159999999999997e-01
2.343969999999999942e-01
2.093129999999999991e-01
1.847050000000000081e-01
1.995349999999999902e-01
2.298650000000000138e-01
5.678509999999999946e-01
4.483210000000000250e-01
2.934720000000000106e-01
1.561599999999999933e-01
4.828390000000000182e-01
2.954709999999999837e-01
1.536359999999999948e-01
3.082900000000000085e-01
2.136859999999999871e-01
1.636529999999999929e-01
2.372740000000000127e-01
2.326409999999999867e-01
2.660460000000000047e-01
3.981689999999999952e-01
5.562730000000000175e-01
3.743799999999999906e-01
3.183889999999999776e-01
3.539689999999999781e-01
2.107390000000000096e-01
3.296529999999999738e-01
8.299800000000000233e-02
1.107270000000000060e-01
5.967839999999999812e-01
3.112059999999999826e-01
3.702599999999999780e-01
2.679909999999999792e-01
2.996269999999999767e-01
1.282270000000000076e-01
2.481250000000000122e-01
3.356819999999999804e-01
2.507229999999999737e-01
5.258199999999999541e-01
1.665939999999999921e-01
1.717239999999999878e-01
1.352220000000000089e-01
2.116119999999999945e-01
3.201660000000000061e-01
2.317579999999999918e-01
2.069300000000000028e-01
1.284679999999999989e-01
1.613030000000000019e-01
2.372849999999999959e-01
5.125990000000000268e-01
2.652909999999999990e-01
1.690689999999999971e-01
1.648699999999999888e-01
2.024690000000000101e-01
3.912950000000000039e-01
1.655449999999999977e-01
2.855050000000000088e-01
