3.592029999999999945e-01
1.619339999999999946e-01
3.587790000000000146e-01
5.435470000000000024e-01
5.655700000000000172e-01
4.140719999999999956e-01
4.196529999999999982e-01
2.670500000000000096e-01
1.285570000000000046e-01
3.844210000000000127e-01
1.970040000000000124e-01
4.043249999999999900e-01
2.547710000000000252e-01
2.713070000000000204e-01
1.954319999999999946e-01
4.465020000000000100e-01
4.517120000000000024e-01
5.949499999999999789e-01
1.011110000000000064e-01
3.023750000000000049e-01
2.215249999999999997e-01
1.550009999999999999e-01
4.256240000000000023e-01
3.270330000000000181e-01
2.248600000000000043e-01
3.069049999999999834e-01
3.381449999999999734e-01
2.121399999999999952e-01
1.079500000000000043e-01
1.240290000000000004e-01
2.157119999999999871e-01
4.232349999999999723e-01
3.135669999999999846e-01
2.551450000000000107e-01
2.365109999999999990e-01
3.698089999999999988e-01
1.288310000000000011e-01
3.686539999999999817e-01
1.586799999999999877e-01
1.499729999999999952e-01
3.236249999999999960e-01
3.961480000000000001e-01
3.741999999999999771e-01
3.442259999999999764e-01
2.860320000000000085e-01
3.782699999999999951e-01
4.198049999999999837e-01
3.951100000000000168e-01
1.970310000000000117e-01
1.485859999999999959e-01
