0.186919
0.152150
0.173002
0.395380
0.147150
0.092455
0.333196
0.151476
0.193656
0.249293
0.124027
0.156283
0.191116
0.233089
0.333517
0.180128
0.102767
0.334259
0.147461
0.221921
0.073847
0.286505
0.187516
0.151257
0.151736
0.129948
0.120668
0.146077
0.434978
0.217575
0.145555
0.246851
0.093274
0.114317
0.398234
0.135941
0.373610
0.718070
0.257298
0.680343
0.099347
0.338166
0.188738
0.422492
0.207323
0.175389
0.190241
0.359035
0.116160
0.367965
0.299736
0.230655
0.394075
0.208602
0.314702
0.198284
0.213672
0.350039
0.424732
0.179117
0.164495
0.145859
0.201781
0.485151
0.159611
0.233233
0.197066
0.171183
0.430769
0.195386
0.172947
0.441715
0.243798
0.142442
0.136543
0.403971
0.142492
0.396679
0.362780
0.150937
0.081793
0.116181
0.569137
0.304895
0.494021
0.578863
0.375756
0.133554
0.134353
0.132245
0.159443
0.467168
0.265514
0.202782
0.172154
0.174995
0.117121
0.251152