0.068535
0.100675
0.120624
0.271706
0.251954
0.140565
0.181837
0.136669
0.490558
0.208233
0.165898
0.254146
0.202920
0.290810
0.136366
0.340736
0.089185
0.123768
0.064981
0.169885
0.144119
0.220029
0.109319
0.219266
0.145237
0.169960
0.238010
0.131649
0.254509
0.173739
0.322531
0.155374
0.248030
0.125819
0.184458
0.459916
0.108376
0.206044
0.156878
0.159546
0.202652
0.181920
0.165686
0.241813
0.216530
0.251952
0.331895
0.566196
0.308742
0.146683
0.188418
0.321019
0.363516
0.186505
0.331737
0.200187
0.630046
0.300636
0.330627
0.625643
0.403489
0.754148
0.216184
0.421246
0.097316
0.082410
0.202217
0.473466
0.460418
0.231373
0.172171
0.123451
0.083871
0.145519
0.213185
0.492086
0.181777
0.274290
0.135635
0.324778
0.123536
0.221212
0.249470
0.135371
0.203883
0.436732
0.121381
0.146878
0.265161
0.178167
0.122684
0.179296
0.259074
0.145534
0.333506
0.176807
0.119761
0.217407
0.248544
0.171510
0.168056
0.259330
0.110383
0.177231
0.094244
0.208328
0.246678
0.307734
0.127465
0.208988
0.522310
0.270491
0.110883
0.224330
0.208560
0.113485
0.191483
0.188602
0.130668
0.137347
0.130427
0.162613
0.205900
0.149074
0.211782
0.406151
0.117028
0.253457