0.080148
0.162744
0.180612
0.142286
0.447354
0.150539
0.191105
0.210727
0.224277
0.428058
0.096692
0.111075
0.145876
0.224439
0.260010
0.193591
0.218456
0.158884
0.500357
0.213028
0.104258
0.097724
0.468345
0.232156
0.250888
0.394572
0.183908
0.300775
0.134158
0.272648
0.283284
0.448497
0.296787
0.279723
0.265323
0.144543
0.207731
0.115466
0.424912
0.236243
0.176006
0.205654
0.396573
0.197843
0.166158
0.277404
0.101342
0.177750
0.215373
0.461922
0.536190
0.238243
0.278698
0.347048
0.311391
0.163203
0.170325
0.185042
0.255991
0.223624
0.115011
0.230666
0.193588
0.174065
0.096215
0.089201
0.202577
0.372630
0.386892
0.175764
0.175021
0.221229
0.293322
0.161315
0.148283
0.155858
0.167177
0.348658
0.156785
0.339212
0.107647
0.222669
0.093061
0.105838
0.214461
0.143272
0.160990
0.233226
0.201261
0.178784
0.236640
0.629731
0.196001
0.289638
0.641923
0.796298
0.265195
0.503588
0.612798
0.334460
0.208060
0.127440
0.294079
0.167895
0.233905
0.344997
0.312909
0.596211
0.100040
0.197708
0.211312
0.450001
0.337639
0.241082
0.388341
0.251136
0.174639
0.226365
0.236951
0.118083
0.174782
0.222146
0.242746
0.275595
0.187158
0.499550
0.195464
0.170820
0.246922
0.298138
0.289954
0.236788
0.185201
0.172983
0.186522
0.243292
0.121156
0.126590
0.187850
0.237945
0.082030
0.208135
0.183048
0.207709
0.186511
0.179305
0.185832
0.141159
0.357061
0.195456
0.173810
0.209713
0.187703
0.363656
0.212633
0.124792
0.204571
0.202620
0.216605
0.208136
0.132902
0.192451