0.140431
0.165573
0.155610
0.198221
0.165605
0.310092
0.170409
0.148396
0.484564
0.325456
0.195994
0.177609
0.181072
0.280591
0.280376
0.141023
0.279861
0.424529
0.299105
0.548359
0.208676
0.262606
0.101922
0.128210
0.145033
0.150432
0.172435
0.302528
0.516147
0.357079
0.197407
0.184804
0.273683
0.269110
0.158673
0.303407
0.273930
0.180598
0.295221
0.237934
0.361298
0.512298
0.388949
0.215231
0.207797
0.135160
0.190299
0.197743
0.280807
0.276723
0.204580
0.213357
0.284796
0.299871
0.168215
0.173098
0.279970
0.252531
0.336585
0.254774
0.527061
0.324972
0.203123
0.215201
0.326751
0.192063
0.265458
0.182484
0.303194
0.295133
0.209886
0.209305
0.347344
0.582151
0.351575
0.189830
0.271914
0.293058
0.210125
0.356570
0.266087
0.227652
0.310344
0.191517
0.172942
0.139841
0.162956
0.168543
0.154104
0.157512
0.326646
0.189856
0.291045
0.466997
0.260729
0.153305
0.483722
0.281476
0.194168
0.278140
0.281140
0.241909
0.191059
0.393848
0.172107
0.157847
0.188417
0.172129
0.293152
0.279094
0.259353
0.196137
0.256551
0.279701
0.297906
0.163959
0.266003
0.231021
0.277555
0.294134
0.231441
0.225891
0.156593
0.165248
0.142363
0.231070
0.150689
0.149647
0.204715
0.256736
0.149089
0.166504
0.109310
0.175791
0.137646
0.148045
0.169814
0.241387
0.492600
0.247092
0.265103
0.198044
0.192597
0.382526
0.171043
0.139581
0.295376
0.144889
0.265329
0.274410
0.189944
0.183634
0.192797
0.289056
0.080672
0.100644
0.240835
0.261898
0.191945
0.327386
0.164200
0.208730
0.149357
0.116503
0.228844
0.115415
0.134228
0.137373
0.231030
0.198735
0.185250
0.286087
0.210572
0.210755
0.117880
0.134441
0.096218
0.187064
0.270892
0.183117
0.213617
0.239250
0.146945
0.155220
0.147144
0.232553
0.148565
0.143084
0.169421
0.243320
0.148705
0.267258
0.247507
0.186677
0.223476
0.142152
0.239986
0.417112
0.124327
0.254157