5.067499999999999782e-02
1.303479999999999916e-01
1.079279999999999962e-01
1.831059999999999910e-01
1.979630000000000001e-01
4.498500000000000276e-01
2.087789999999999924e-01
2.458750000000000102e-01
3.564910000000000023e-01
2.201150000000000051e-01
1.959150000000000058e-01
8.446399999999999741e-02
1.088889999999999997e-01
1.945870000000000100e-01
1.117999999999999966e-01
1.446999999999999953e-01
4.532030000000000225e-01
1.925850000000000062e-01
2.878640000000000088e-01
4.357779999999999987e-01
1.779060000000000086e-01
3.095100000000000073e-01
9.813199999999999701e-02
8.268000000000000349e-02
1.694640000000000035e-01
3.762340000000000129e-01
3.345250000000000168e-01
1.532940000000000136e-01
2.523650000000000060e-01
1.111209999999999976e-01
2.201579999999999926e-01
2.629000000000000226e-01
3.872220000000000106e-01
7.250619999999999843e-01
1.354170000000000096e-01
2.625950000000000228e-01
1.171660000000000063e-01
1.119740000000000041e-01
2.385599999999999943e-01
1.139180000000000054e-01
3.247200000000000086e-01
2.889300000000000201e-01
9.025600000000000289e-02
2.222500000000000031e-01
2.213870000000000005e-01
2.447539999999999993e-01
1.490940000000000043e-01
8.264000000000000512e-02
3.592080000000000273e-01
2.078629999999999922e-01
2.026940000000000131e-01
3.668600000000000194e-01
1.268600000000000005e-01
4.719670000000000254e-01
2.442340000000000066e-01
1.326509999999999911e-01
1.235750000000000043e-01
2.483360000000000012e-01
1.716719999999999913e-01
2.791100000000000247e-01
4.594389999999999863e-01
2.688099999999999934e-01
2.113579999999999903e-01
4.320890000000000009e-01
3.859230000000000160e-01
5.193929999999999936e-01
3.494789999999999841e-01
5.994390000000000551e-01
3.899219999999999908e-01
3.022099999999999786e-01
2.341110000000000135e-01
1.299379999999999979e-01
