1.690570000000000128e-01
1.007470000000000032e-01
4.673069999999999724e-01
9.002919999999999812e-01
3.356370000000000187e-01
5.516010000000000080e-01
3.254830000000000223e-01
6.093159999999999688e-01
2.320109999999999950e-01
4.287099999999999800e-01
3.083089999999999997e-01
4.862670000000000048e-01
2.117700000000000138e-01
3.796370000000000022e-01
2.328780000000000017e-01
4.490489999999999760e-01
5.265210000000000168e-01
3.970520000000000160e-01
2.667640000000000011e-01
4.624280000000000057e-01
7.284899999999999709e-02
1.041149999999999992e-01
9.829400000000000637e-02
2.606550000000000256e-01
1.825549999999999951e-01
1.282069999999999876e-01
1.768490000000000062e-01
1.651400000000000090e-01
1.311450000000000116e-01
1.022860000000000019e-01
1.587020000000000097e-01
1.464360000000000106e-01
1.306700000000000084e-01
9.172399999999999998e-02
2.574380000000000002e-01
1.376549999999999996e-01
3.063060000000000227e-01
1.876190000000000080e-01
1.476659999999999917e-01
1.301940000000000042e-01
1.054900000000000004e-01
1.102660000000000029e-01
3.075320000000000276e-01
2.253610000000000058e-01
1.193229999999999985e-01
1.828079999999999983e-01
2.538039999999999741e-01
1.845980000000000121e-01
1.705450000000000021e-01
1.653900000000000092e-01
1.784959999999999880e-01
2.039739999999999887e-01
2.673909999999999898e-01
1.358080000000000120e-01
1.706060000000000076e-01
1.321749999999999869e-01
4.176409999999999845e-01
2.391459999999999975e-01
3.752010000000000067e-01
2.019539999999999946e-01
7.976700000000000457e-02
7.867200000000000581e-02
2.452519999999999978e-01
1.734870000000000023e-01
2.032670000000000032e-01
1.012340000000000045e-01
8.177600000000000147e-02
2.104870000000000074e-01
1.128350000000000047e-01
8.577100000000000002e-02
1.400820000000000121e-01
1.456590000000000107e-01
1.426340000000000108e-01
1.066929999999999962e-01
1.333769999999999956e-01
9.927800000000000513e-02
1.555080000000000073e-01
1.833440000000000070e-01
1.836190000000000044e-01
2.844869999999999899e-01
1.260439999999999894e-01
1.285590000000000066e-01
3.604240000000000221e-01
2.824249999999999816e-01
5.067450000000000010e-01
2.950699999999999990e-01
6.731059999999999821e-01
3.059580000000000077e-01
2.724449999999999927e-01
1.798810000000000131e-01
2.584469999999999823e-01
4.670090000000000074e-01
3.231450000000000156e-01
1.884329999999999894e-01
1.969509999999999872e-01
1.602659999999999918e-01
2.537240000000000051e-01
3.067090000000000094e-01
2.242649999999999921e-01
2.336119999999999863e-01
1.118519999999999931e-01
1.925729999999999942e-01
3.429420000000000246e-01
2.048030000000000128e-01
2.206899999999999973e-01
2.288389999999999869e-01
2.064610000000000056e-01
2.518909999999999760e-01
1.680319999999999869e-01
1.638570000000000026e-01
9.150800000000000600e-02
1.129369999999999957e-01
1.596220000000000139e-01
2.624659999999999771e-01
2.622959999999999736e-01
1.356489999999999918e-01
1.974299999999999944e-01
2.292889999999999928e-01
2.547200000000000020e-01
3.872669999999999724e-01
1.225689999999999974e-01
1.988219999999999987e-01
3.323010000000000130e-01
1.924420000000000019e-01
2.483480000000000132e-01
1.404189999999999883e-01
2.401099999999999901e-01
1.635250000000000037e-01
1.564119999999999955e-01
1.338789999999999980e-01
1.836859999999999882e-01
1.976489999999999914e-01
7.385500000000000398e-02
1.169720000000000065e-01
1.563879999999999992e-01
2.363740000000000008e-01
1.969220000000000137e-01
2.145350000000000035e-01
1.959089999999999998e-01
1.315949999999999898e-01
9.625899999999999734e-02
1.614400000000000002e-01
3.453749999999999876e-01
1.608860000000000012e-01
2.462630000000000097e-01
2.093420000000000003e-01
2.609290000000000220e-01
4.371479999999999810e-01
1.942490000000000050e-01
2.937600000000000211e-01
2.076230000000000020e-01
1.641360000000000041e-01
2.876529999999999920e-01
1.712829999999999908e-01
8.277700000000000335e-02
9.828099999999999337e-02
1.917179999999999995e-01
2.462640000000000107e-01
2.010180000000000022e-01
1.941690000000000083e-01
1.944950000000000012e-01
1.071899999999999936e-01
1.683350000000000124e-01
3.702480000000000215e-01
3.270870000000000166e-01
2.545209999999999972e-01
2.126280000000000114e-01
2.628389999999999893e-01
1.856410000000000005e-01
3.252329999999999943e-01
1.854040000000000132e-01
2.050889999999999935e-01
1.464810000000000001e-01
1.730180000000000051e-01
1.546079999999999954e-01
2.895389999999999908e-01
1.450770000000000115e-01
1.374279999999999946e-01
2.084920000000000107e-01
1.819000000000000061e-01
1.076789999999999969e-01
1.047420000000000018e-01
2.920860000000000123e-01
2.427199999999999913e-01
2.187199999999999978e-01
1.977109999999999979e-01
2.434439999999999937e-01
1.870950000000000113e-01
1.626630000000000020e-01
1.568539999999999934e-01
2.102110000000000090e-01
3.614559999999999995e-01
2.552180000000000004e-01
1.337959999999999983e-01
1.689819999999999933e-01
1.414970000000000117e-01
2.300939999999999930e-01
2.001090000000000091e-01
9.000500000000000167e-02
1.107559999999999933e-01
