3.488840000000000274e-01
2.441599999999999882e-01
3.763799999999999923e-01
2.032499999999999862e-01
2.697069999999999745e-01
2.904700000000000060e-01
2.150610000000000022e-01
2.090930000000000011e-01
1.693530000000000035e-01
2.937290000000000179e-01
3.120169999999999888e-01
3.306470000000000242e-01
3.010470000000000090e-01
5.941619999999999679e-01
3.351069999999999882e-01
3.989030000000000076e-01
3.611360000000000126e-01
6.025789999999999758e-01
2.580830000000000068e-01
4.491310000000000024e-01
2.468670000000000031e-01
2.549299999999999899e-01
2.097279999999999978e-01
1.683230000000000004e-01
3.231330000000000036e-01
2.383579999999999866e-01
2.154659999999999909e-01
1.876889999999999947e-01
3.088299999999999934e-01
1.825869999999999993e-01
3.746389999999999998e-01
3.143449999999999855e-01
2.817999999999999949e-01
3.061940000000000217e-01
4.206269999999999731e-01
3.195080000000000142e-01
3.060120000000000062e-01
3.046070000000000166e-01
2.559910000000000241e-01
3.223889999999999811e-01
3.569999999999999840e-01
2.240320000000000089e-01
1.637560000000000127e-01
1.325399999999999912e-01
1.029759999999999981e-01
1.320570000000000077e-01
1.689140000000000086e-01
1.540890000000000037e-01
1.406219999999999970e-01
1.417839999999999934e-01
3.017429999999999835e-01
2.215739999999999932e-01
2.359090000000000076e-01
2.381139999999999923e-01
2.819809999999999817e-01
3.166959999999999775e-01
2.416129999999999944e-01
2.573039999999999772e-01
2.143220000000000125e-01
2.101570000000000105e-01
2.399950000000000139e-01
4.308649999999999980e-01
1.659799999999999887e-01
1.942049999999999887e-01
3.050590000000000246e-01
2.617590000000000194e-01
1.291640000000000010e-01
1.513200000000000101e-01
3.103890000000000260e-01
1.447920000000000040e-01
7.586429999999999563e-01
3.678319999999999923e-01
6.017130000000000534e-01
3.227389999999999981e-01
4.375950000000000117e-01
2.791799999999999837e-01
3.059299999999999797e-01
3.018580000000000152e-01
1.819600000000000106e-01
3.804069999999999951e-01
2.255560000000000065e-01
2.358510000000000051e-01
1.853630000000000000e-01
1.715220000000000078e-01
4.654030000000000111e-01
3.660590000000000233e-01
4.654229999999999756e-01
2.568940000000000112e-01
2.365289999999999893e-01
1.510749999999999871e-01
3.910669999999999980e-01
2.102300000000000002e-01
3.034669999999999868e-01
2.098170000000000035e-01
3.322100000000000053e-01
5.450500000000000345e-01
2.864559999999999884e-01
2.884760000000000102e-01
2.184200000000000030e-01
3.661559999999999815e-01
1.443720000000000003e-01
2.047970000000000068e-01
1.491919999999999913e-01
1.703880000000000117e-01
2.390120000000000022e-01
4.077970000000000206e-01
1.461399999999999921e-01
1.348749999999999949e-01
1.416610000000000091e-01
1.260199999999999931e-01
1.393919999999999881e-01
2.403939999999999966e-01
2.739679999999999893e-01
1.636350000000000027e-01
4.125659999999999883e-01
2.271100000000000063e-01
2.682939999999999769e-01
2.262750000000000039e-01
3.910950000000000260e-01
4.826259999999999994e-01
3.222470000000000057e-01
2.052130000000000065e-01
1.347609999999999919e-01
1.507159999999999889e-01
2.182560000000000056e-01
3.836260000000000225e-01
1.675339999999999885e-01
1.778530000000000111e-01
1.393890000000000129e-01
1.554570000000000118e-01
2.983109999999999928e-01
2.256090000000000040e-01
1.468099999999999961e-01
2.599719999999999809e-01
3.315949999999999731e-01
2.972969999999999779e-01
3.161849999999999938e-01
4.448940000000000117e-01
1.870040000000000036e-01
1.904299999999999882e-01
1.446689999999999920e-01
1.838720000000000077e-01
1.201210000000000055e-01
1.424729999999999885e-01
1.652750000000000052e-01
1.763969999999999982e-01
2.441409999999999969e-01
1.334829999999999905e-01
2.774220000000000019e-01
1.450849999999999917e-01
2.432900000000000063e-01
1.920520000000000005e-01
1.844300000000000106e-01
3.150310000000000055e-01
1.598960000000000103e-01
2.852370000000000183e-01
2.124719999999999942e-01
1.692720000000000058e-01
1.589329999999999909e-01
3.175490000000000257e-01
2.112320000000000031e-01
2.170690000000000119e-01
2.837430000000000230e-01
1.861569999999999891e-01
2.555490000000000261e-01
1.722499999999999865e-01
1.676179999999999892e-01
2.987639999999999740e-01
1.446830000000000060e-01
1.530579999999999996e-01
2.331399999999999861e-01
2.942910000000000248e-01
2.630930000000000213e-01
1.916289999999999938e-01
3.238219999999999987e-01
2.727339999999999764e-01
1.174150000000000055e-01
1.901589999999999947e-01
1.952820000000000111e-01
2.319599999999999995e-01
2.570790000000000020e-01
2.336119999999999863e-01
1.667959999999999998e-01
3.566059999999999786e-01
2.355659999999999976e-01
2.988720000000000265e-01
1.598900000000000043e-01
3.886499999999999955e-01
1.683060000000000112e-01
3.244710000000000094e-01
2.251060000000000005e-01
3.708119999999999750e-01
2.711729999999999974e-01
3.035359999999999725e-01
5.101879999999999749e-01
5.891089999999999938e-01
2.817080000000000140e-01
3.327300000000000257e-01
2.821219999999999839e-01
1.456010000000000082e-01
