1.359760000000000135e-01
2.231400000000000050e-01
6.806210000000000315e-01
3.620659999999999989e-01
3.093639999999999723e-01
1.791679999999999939e-01
1.304990000000000039e-01
2.526880000000000237e-01
2.090400000000000036e-01
3.685220000000000162e-01
2.846859999999999946e-01
2.792089999999999850e-01
1.824659999999999893e-01
2.437930000000000097e-01
1.389980000000000104e-01
1.475319999999999965e-01
1.122370000000000034e-01
1.561369999999999980e-01
1.194000000000000061e-01
2.932960000000000012e-01
1.864129999999999954e-01
1.099669999999999953e-01
6.366900000000000337e-02
7.118599999999999928e-02
1.275550000000000017e-01
1.660089999999999899e-01
1.552109999999999879e-01
1.450950000000000017e-01
1.142800000000000066e-01
1.108940000000000065e-01
7.221900000000000541e-02
7.794700000000000240e-02
3.045619999999999994e-01
1.527360000000000106e-01
3.927329999999999988e-01
2.490719999999999879e-01
1.138760000000000050e-01
2.193360000000000032e-01
4.526780000000000248e-01
2.219349999999999934e-01
2.325490000000000057e-01
3.468609999999999749e-01
6.342410000000000547e-01
3.648549999999999849e-01
1.376300000000000023e-01
2.034130000000000105e-01
1.749419999999999864e-01
3.302359999999999740e-01
3.217229999999999812e-01
2.430460000000000120e-01
4.334419999999999940e-01
3.402439999999999909e-01
3.802429999999999977e-01
2.800090000000000079e-01
2.748110000000000275e-01
1.636739999999999862e-01
2.423510000000000109e-01
3.546019999999999728e-01
4.124490000000000101e-01
2.764340000000000130e-01
2.768200000000000105e-01
4.834410000000000096e-01
1.956140000000000101e-01
2.271040000000000003e-01
1.396840000000000026e-01
3.573279999999999790e-01
1.549639999999999906e-01
3.294799999999999951e-01
1.297580000000000122e-01
2.714309999999999778e-01
9.825799999999999812e-02
1.064319999999999988e-01
9.000800000000000467e-02
2.000089999999999923e-01
2.390380000000000005e-01
2.813160000000000105e-01
1.594029999999999891e-01
1.136000000000000065e-01
2.099880000000000080e-01
1.154420000000000029e-01
2.592110000000000247e-01
1.968409999999999882e-01
2.826940000000000008e-01
3.068949999999999734e-01
2.531189999999999829e-01
2.768010000000000193e-01
1.454590000000000050e-01
2.584549999999999903e-01
4.551189999999999958e-01
2.897069999999999923e-01
1.526649999999999952e-01
2.669839999999999991e-01
1.875199999999999922e-01
1.987929999999999975e-01
1.359190000000000120e-01
1.598680000000000101e-01
2.530859999999999776e-01
5.826900000000000412e-01
2.255989999999999940e-01
4.416289999999999938e-01
3.515460000000000251e-01
7.253920000000000368e-01
1.370329999999999881e-01
2.169619999999999882e-01
6.016740000000000421e-01
4.079139999999999988e-01
2.459270000000000067e-01
3.734680000000000222e-01
1.510140000000000093e-01
1.525900000000000034e-01
1.966449999999999865e-01
1.317369999999999930e-01
2.295369999999999910e-01
3.273440000000000238e-01
3.018319999999999892e-01
4.369029999999999858e-01
2.500999999999999890e-01
3.845120000000000204e-01
1.769880000000000064e-01
2.087799999999999934e-01
3.656960000000000210e-01
2.568869999999999765e-01
2.748419999999999752e-01
4.107169999999999987e-01
5.031400000000000317e-01
3.066929999999999934e-01
2.222459999999999991e-01
1.570560000000000012e-01
