8.847299999999999609e-02
1.182760000000000061e-01
2.574440000000000062e-01
4.624949999999999894e-01
2.758860000000000201e-01
4.302039999999999753e-01
1.334670000000000023e-01
3.213980000000000170e-01
1.483750000000000069e-01
1.234259999999999941e-01
1.453659999999999952e-01
1.856599999999999917e-01
4.887099999999999778e-02
1.132660000000000056e-01
1.282629999999999881e-01
1.713250000000000051e-01
2.741600000000000148e-01
1.319329999999999947e-01
1.071600000000000052e-01
1.100939999999999974e-01
1.834969999999999934e-01
1.710089999999999943e-01
2.718729999999999758e-01
4.297759999999999914e-01
9.644300000000000095e-02
7.313500000000000556e-02
1.594160000000000021e-01
1.361370000000000080e-01
2.527599999999999847e-01
1.267340000000000133e-01
1.698629999999999862e-01
4.604539999999999744e-01
2.200799999999999979e-01
1.175390000000000046e-01
2.925800000000000067e-01
4.395660000000000123e-01
7.567400000000000515e-02
9.923700000000000576e-02
1.375740000000000018e-01
1.220149999999999985e-01
2.290069999999999883e-01
2.294180000000000108e-01
2.274869999999999948e-01
2.474899999999999878e-01
2.595640000000000169e-01
2.235989999999999922e-01
1.802130000000000121e-01
1.954660000000000009e-01
2.353459999999999996e-01
2.107130000000000114e-01
