0.127552
0.201671
0.214733
0.295623
0.147611
0.130784
0.265260
0.350824
0.129481
0.156725
0.173396
0.196931
0.337859
0.205652
0.205618
0.233432
0.107607
0.265587
0.283253
0.140621
0.530786
0.150658
0.325081
0.118082
0.442651
0.212157
0.411292
0.293157
0.312671
0.252927
0.437514
0.334705
0.313560
0.254438
0.544932
0.330952
0.509293
0.285853
0.609542
0.266664
0.268706
0.291766
0.267836
0.435258
0.740340
0.402620
0.348737
0.186094
0.313709
0.165360
0.307203
0.141419
0.244504
0.126828
0.226757
0.207475
0.454272
0.295286
0.398632
0.236291
0.202036
0.111144
0.510327
0.247323
0.071703
0.147889
0.274938
0.103379
0.244292
0.209208
0.234605
0.174292
0.331749
0.277241
0.185987
0.127601
0.419144
0.272711
0.204837
0.116544
0.078226
0.227866
0.284685
0.418088
0.202312
0.378072
0.225155
0.300199
0.134997
0.126106
0.351638
0.310182
0.130856
0.152612
0.220374
0.128125
0.109378
0.150437