2.383240000000000081e-01
1.679350000000000009e-01
2.786299999999999888e-01
4.699570000000000136e-01
2.166599999999999915e-01
1.838470000000000104e-01
2.503750000000000142e-01
2.303389999999999882e-01
2.898700000000000165e-01
2.437020000000000020e-01
3.911330000000000084e-01
3.150620000000000087e-01
2.987119999999999775e-01
3.168279999999999985e-01
2.734869999999999801e-01
2.405390000000000028e-01
1.188369999999999982e-01
1.119119999999999976e-01
1.264149999999999996e-01
2.091320000000000123e-01
1.033150000000000041e-01
1.623479999999999923e-01
1.436449999999999949e-01
1.837390000000000134e-01
1.427370000000000028e-01
1.993030000000000079e-01
2.376280000000000059e-01
2.709500000000000242e-01
4.074969999999999981e-01
2.530649999999999844e-01
1.846579999999999888e-01
3.174219999999999819e-01
2.793840000000000212e-01
1.565340000000000065e-01
2.377920000000000034e-01
2.262409999999999977e-01
1.079930000000000057e-01
1.549729999999999996e-01
2.608800000000000008e-01
2.087019999999999986e-01
3.012929999999999775e-01
4.280840000000000201e-01
3.192229999999999790e-01
3.762920000000000154e-01
2.770290000000000252e-01
2.791640000000000232e-01
5.610239999999999672e-01
2.970130000000000270e-01
3.027839999999999976e-01
1.609240000000000115e-01
2.136790000000000078e-01
2.384469999999999923e-01
3.984329999999999816e-01
1.826879999999999893e-01
1.171780000000000044e-01
1.113060000000000022e-01
5.500810000000000421e-01
4.064180000000000015e-01
4.117919999999999914e-01
2.094930000000000125e-01
3.683500000000000107e-01
2.196849999999999914e-01
3.235199999999999743e-01
1.733190000000000008e-01
1.750269999999999881e-01
1.678769999999999984e-01
1.866089999999999971e-01
2.520749999999999935e-01
2.259440000000000059e-01
1.829570000000000085e-01
4.821110000000000118e-01
3.287240000000000162e-01
1.931730000000000114e-01
1.302349999999999897e-01
7.644400000000000084e-01
4.486399999999999832e-01
6.667990000000000306e-01
3.865089999999999915e-01
2.971610000000000085e-01
2.391929999999999890e-01
1.777130000000000098e-01
2.742229999999999945e-01
2.075690000000000035e-01
3.720910000000000051e-01
2.872620000000000173e-01
1.300779999999999992e-01
2.026749999999999940e-01
1.311499999999999888e-01
2.512599999999999834e-01
1.481359999999999899e-01
1.448889999999999900e-01
3.120780000000000221e-01
2.975070000000000214e-01
2.085120000000000029e-01
2.685890000000000222e-01
1.667260000000000131e-01
2.350609999999999922e-01
1.338469999999999938e-01
1.745099999999999985e-01
3.747840000000000060e-01
1.675260000000000082e-01
1.341529999999999945e-01
2.085130000000000039e-01
1.672230000000000105e-01
2.213720000000000132e-01
1.307020000000000126e-01
3.402319999999999789e-01
1.378199999999999981e-01
1.059680000000000066e-01
2.233839999999999992e-01
2.268040000000000056e-01
1.858360000000000012e-01
1.452690000000000092e-01
1.390010000000000134e-01
3.971319999999999850e-01
2.384989999999999888e-01
3.792639999999999900e-01
2.183889999999999998e-01
4.218219999999999748e-01
2.852379999999999916e-01
2.381780000000000008e-01
2.373750000000000027e-01
2.816670000000000007e-01
3.436569999999999903e-01
2.510720000000000174e-01
2.722260000000000235e-01
1.550499999999999934e-01
1.605060000000000098e-01
