2.646919999999999829e-01
2.418599999999999917e-02
1.136940000000000034e-01
1.727100000000000024e-01
6.794890000000000096e-01
1.487380000000000091e-01
1.588189999999999880e-01
3.585979999999999723e-01
4.249370000000000092e-01
2.449790000000000023e-01
1.451089999999999880e-01
2.615049999999999875e-01
3.378840000000000177e-01
1.354920000000000013e-01
2.781850000000000156e-01
3.411739999999999773e-01
8.150899999999999812e-02
7.782899999999999541e-02
4.383599999999999997e-02
5.824900000000000216e-02
2.697120000000000073e-01
7.801299999999999901e-02
6.427099999999999480e-02
3.811990000000000101e-01
3.655999999999999805e-01
1.490829999999999933e-01
1.476669999999999927e-01
3.012969999999999815e-01
2.836799999999999877e-01
3.041030000000000122e-01
2.307800000000000129e-01
