4.699799999999999811e-02
5.194100000000000106e-02
5.739549999999999930e-01
3.285879999999999912e-01
9.016399999999999415e-02
3.953110000000000235e-01
2.171089999999999964e-01
5.561509999999999510e-01
1.412019999999999942e-01
2.270149999999999946e-01
1.950770000000000004e-01
2.194889999999999897e-01
1.684670000000000056e-01
1.903910000000000047e-01
1.431570000000000065e-01
2.122249999999999970e-01
1.548559999999999937e-01
3.111579999999999901e-01
1.886249999999999871e-01
2.650230000000000086e-01
6.038400000000000017e-02
1.171959999999999946e-01
2.594339999999999979e-01
1.278440000000000132e-01
1.181959999999999955e-01
2.967449999999999810e-01
1.764429999999999887e-01
2.966320000000000068e-01
3.847860000000000169e-01
1.843100000000000016e-01
6.308300000000000018e-02
9.653100000000000569e-02
