1.192939999999999973e-01
1.182819999999999983e-01
4.563570000000000126e-01
1.746949999999999892e-01
2.020750000000000046e-01
1.890620000000000078e-01
5.263700000000000045e-01
1.954639999999999989e-01
1.690240000000000076e-01
2.833609999999999740e-01
2.095940000000000025e-01
1.483109999999999984e-01
7.780600000000000016e-02
2.236529999999999907e-01
2.646680000000000144e-01
4.186280000000000001e-01
2.102870000000000017e-01
1.476739999999999997e-01
1.685260000000000091e-01
1.567389999999999894e-01
1.663179999999999936e-01
1.530400000000000094e-01
2.481029999999999902e-01
1.283749999999999891e-01
6.669200000000000128e-02
1.536820000000000130e-01
1.743059999999999887e-01
1.556639999999999968e-01
2.951650000000000107e-01
1.497479999999999922e-01
4.197830000000000172e-01
2.792510000000000270e-01
2.097829999999999973e-01
1.836170000000000024e-01
4.747279999999999833e-01
2.392980000000000107e-01
1.131380000000000025e-01
1.088189999999999991e-01
1.286660000000000026e-01
1.288519999999999943e-01
4.215969999999999995e-01
2.432759999999999923e-01
5.653350000000000319e-01
3.468459999999999877e-01
2.190269999999999995e-01
2.707559999999999967e-01
3.139040000000000163e-01
2.415819999999999912e-01
3.512660000000000227e-01
2.429630000000000123e-01
