0.198156
0.154793
0.194626
0.351660
0.189311
0.182354
0.222692
0.221748
0.262087
0.345639
0.235116
0.272872
0.354657
0.349459
0.192373
0.280212
0.193242
0.268176
0.491748
0.304587
0.163075
0.203198
0.087693
0.117657
0.163333
0.327082
0.166970
0.221579
0.331940
0.202772
0.256403
0.140035
0.272441
0.380609
0.231214
0.166596
0.261092
0.180579
0.203825
0.270412
0.231395
0.185349
0.211255
0.428624
0.107981
0.100885
0.479284
0.249959
0.180687
0.355170
0.235193
0.626911
0.441319
0.261720
0.269207
0.540109
0.180277
0.287044
0.252808
0.381719
0.381086
0.180752
0.154459
0.182377
0.159995
0.150071
0.113662
0.152363
0.376731
0.627866
0.189473
0.248158
0.359576
0.305937
0.270009
0.569055
0.180557
0.287129
0.292890
0.192091
0.141565
0.150750
0.174752
0.297935
0.152165
0.155944
0.214875
0.354281
0.144073
0.229616
0.230611
0.215383
0.263216
0.308731
0.247722
0.155237
0.388595
0.215123
0.246294
0.384767
0.159032
0.170733
0.178040
0.143884
0.116971
0.161964
0.150894
0.194394
0.310639
0.167318
0.115316
0.231257
0.343993
0.635560
0.184481
0.323774
0.427679
0.251385
0.331681
0.228750
0.131535
0.165436
0.140334
0.150572
0.135718
0.137801
0.158881
0.177031
0.194699
0.236588
0.226599
0.158138
0.150507
0.257354
0.165135
0.199541
0.155180
0.302632
0.192265
0.185096
0.130940
0.211103
0.374462
0.164637
0.169464
0.345549
0.131554
0.214690
0.337754
0.187326
0.528866
0.213802
0.324339
0.373171
0.109133
0.138530
0.278611
0.179140
0.297441
0.441378
0.401508
0.227905
0.166449
0.188634
0.190795
0.187588
0.430388
0.264263
0.236307
0.331110
0.235315
0.275127
0.360033
0.366290
0.200472
0.416636
0.255080
0.205122
0.194463
0.184825
0.163292
0.184859
0.164617
0.162985
0.194113
0.281655
0.173150
0.210092
0.457109
0.249238
0.215037
0.225958
0.199347
0.368241
0.164258
0.183193
0.209966
0.170813
0.109814
0.201201