0.150084
0.109696
0.213171
0.196055
0.318140
0.370947
0.277058
0.285123
0.208116
0.225711
0.337831
0.358697
0.198736
0.231315
0.285656
0.445775
0.156812
0.166333
0.089788
0.101948
0.199951
0.409142
0.442362
0.551956
0.143322
0.223711
0.359598
0.294537
0.217522
0.435096
0.283311
0.394127
0.094789
0.099393
0.097688
0.139343
0.119402
0.334423
0.156335
0.144888
0.130159
0.080629
0.396592
0.328299
0.106739
0.110665
0.277878
0.172781
0.154939
0.158677
0.215058
0.328586
0.349720
0.251553
0.093020
0.091705
0.368728
0.194111
0.305838
0.300423
0.248737
0.140455
0.355056
0.248102
0.151779
0.294848
0.140037
0.210318
0.412409
0.125468
0.310893
0.221952
0.148082
0.122256
0.336705
0.330816
0.369759
0.149285
0.664715
0.581273
0.175111
0.108145
0.113544
0.109196
0.149205
0.224078
0.128932
0.128849
0.202618
0.128579
0.107425
0.220114
0.157807
0.104606
0.165567
0.140681
0.308898
0.176229
0.240891
0.456723
0.698404
0.368203
0.281923
0.408194
0.456850
0.280402
0.396702
0.580849
0.148570
0.191791
0.321943
0.449533
0.105104
0.184543
0.121993
0.249291
0.414381
0.239595
0.138923
0.129747
0.200258
0.116001
0.251620
0.169948
0.289524
0.114932
0.114375
0.225971