0.079654
0.116007
0.163294
0.224900
0.200612
0.240249
0.134269
0.143083
0.144268
0.137753
0.336406
0.334624
0.188266
0.342986
0.416869
0.256528
0.086676
0.187805
0.166896
0.256410
0.151543
0.298656
0.115465
0.151425
0.280250
0.354720
0.175326
0.144529
0.406966
0.231175
0.196801
0.407521
0.138933
0.202996
0.131513
0.120046
0.149443
0.123867
0.360684
0.267576
0.147323
0.165773
0.217238
0.243903
0.104247
0.262771
0.566547
0.290927
0.068345
0.088155
0.348619
0.168679
0.440162
0.284231
0.180687
0.214224
0.212738
0.248231
0.263580
0.516377
0.323675
0.199374
0.361857
0.147735
0.077590
0.079193
0.458052
0.311037
0.265636
0.427380
0.212903
0.223184
0.179338
0.223696
0.257147
0.219333
0.305942
0.150385
0.324818
0.167121
0.190384
0.129806
0.356671
0.213987
0.210391
0.201828
0.248972
0.174895
0.225800
0.262390
0.136754
0.160309
0.193923
0.298192
0.349626
0.286640
0.069641
0.090289