7.338699999999999390e-02
1.727090000000000014e-01
1.121700000000000058e-01
2.151909999999999934e-01
4.112830000000000097e-01
1.829139999999999933e-01
1.774320000000000064e-01
2.112259999999999971e-01
3.316899999999999848e-01
3.035919999999999730e-01
2.491990000000000038e-01
1.942949999999999955e-01
2.746199999999999752e-01
6.110799999999999566e-01
3.550409999999999955e-01
3.172320000000000140e-01
2.044980000000000131e-01
2.443539999999999879e-01
1.235519999999999952e-01
1.836240000000000094e-01
7.892200000000000604e-02
2.001080000000000081e-01
3.254079999999999750e-01
4.588050000000000184e-01
2.468549999999999911e-01
4.116969999999999796e-01
1.138170000000000015e-01
1.278420000000000112e-01
2.994299999999999740e-01
1.726880000000000082e-01
1.866309999999999913e-01
2.528859999999999997e-01
