0.212407
0.197419
0.208415
0.241917
0.236121
0.226859
0.319593
0.157302
0.549279
0.385336
0.251418
0.317373
0.355642
0.212772
0.558949
0.272086
0.387011
0.267177
0.241203
0.316961
0.427837
0.220697
0.429997
0.211721
0.249950
0.512132
0.305414
0.577631
0.272728
0.397076
0.335227
0.237634
0.140440
0.311174
0.129433
0.115727
0.173549
0.297394
0.289922
0.264203
0.191228
0.380449
0.263509
0.629925
0.272963
0.445118
0.388360
0.205998
0.595606
0.437773
0.657358
0.295701
0.504940
0.241478
0.637724
0.480906
0.225323
0.230851
0.137979
0.150039
0.544419
0.343997
0.359835
0.114349
0.168435
0.306492
0.412818
0.237608
0.316225
0.174448
0.083603
0.191122
0.140575
0.106996
0.172864
0.092309
0.065563
0.100816
0.112883
0.228352
0.219382
0.355980
0.079459
0.290669
0.114937
0.274086
0.206900
0.220162
0.567088
0.262893
0.332054
0.178278
0.213353
0.368345
0.791917
0.428534
0.112079
0.340446