7.163500000000000423e-02
8.049199999999999411e-02
1.514189999999999980e-01
2.193920000000000037e-01
4.905780000000000141e-01
2.398619999999999919e-01
2.345329999999999915e-01
2.244720000000000049e-01
1.691120000000000123e-01
2.873720000000000163e-01
3.239270000000000205e-01
2.983850000000000113e-01
1.697680000000000022e-01
1.880290000000000017e-01
1.200090000000000046e-01
1.444380000000000108e-01
2.028439999999999965e-01
2.183620000000000005e-01
2.701069999999999860e-01
4.472090000000000232e-01
2.295510000000000050e-01
4.527360000000000273e-01
3.406580000000000163e-01
5.793819999999999526e-01
4.999160000000000270e-01
2.214289999999999869e-01
1.810529999999999917e-01
3.892619999999999969e-01
1.066399999999999987e-01
1.277739999999999987e-01
2.576439999999999841e-01
2.083009999999999862e-01
3.318920000000000203e-01
4.471220000000000194e-01
3.304480000000000195e-01
2.831139999999999768e-01
1.588370000000000060e-01
1.637200000000000044e-01
2.737339999999999773e-01
4.043880000000000252e-01
1.796979999999999966e-01
2.067100000000000048e-01
6.486699999999999411e-02
1.324269999999999892e-01
1.887429999999999941e-01
1.743830000000000102e-01
3.498330000000000051e-01
1.682919999999999972e-01
1.199299999999999949e-01
1.369700000000000084e-01
3.050200000000000133e-01
1.706850000000000034e-01
1.467249999999999943e-01
1.970040000000000124e-01
4.062760000000000260e-01
1.778889999999999916e-01
1.301370000000000027e-01
1.732489999999999863e-01
3.088210000000000122e-01
2.363270000000000093e-01
1.578100000000000058e-01
2.969430000000000125e-01
1.705790000000000084e-01
1.810910000000000020e-01
1.695629999999999915e-01
2.267049999999999899e-01
2.268199999999999938e-01
1.154680000000000012e-01
3.579109999999999792e-01
1.179779999999999995e-01
1.598539999999999961e-01
2.492379999999999873e-01
