9.762200000000000044e-02
2.650970000000000271e-01
9.993399999999999506e-02
1.965109999999999912e-01
1.541629999999999945e-01
1.876619999999999955e-01
2.429870000000000085e-01
2.365869999999999918e-01
4.009909999999999863e-01
2.733829999999999871e-01
5.287840000000000318e-01
3.093830000000000191e-01
6.611550000000000482e-01
2.813260000000000205e-01
4.772989999999999733e-01
7.265690000000000204e-01
5.840140000000000331e-01
3.428700000000000081e-01
2.547530000000000072e-01
9.891500000000000292e-02
1.225900000000000045e-01
1.426600000000000090e-01
1.304400000000000004e-01
3.657719999999999860e-01
2.231350000000000000e-01
1.852679999999999882e-01
2.166170000000000040e-01
1.388449999999999962e-01
4.000259999999999927e-01
3.038029999999999897e-01
1.451550000000000062e-01
3.267510000000000137e-01
