5.669500000000000234e-02
1.023590000000000055e-01
2.771799999999999820e-01
2.431669999999999943e-01
2.290339999999999876e-01
3.494809999999999861e-01
2.623800000000000021e-01
3.857559999999999878e-01
3.969070000000000098e-01
1.485219999999999874e-01
2.840969999999999884e-01
9.755300000000000082e-02
5.506099999999999883e-02
2.699540000000000273e-01
1.504149999999999932e-01
3.759649999999999936e-01
1.491709999999999980e-01
3.700600000000000001e-01
3.579410000000000092e-01
1.668669999999999876e-01
6.492699999999999860e-02
1.116790000000000005e-01
9.638099999999999445e-02
3.519539999999999891e-01
6.611300000000000510e-02
2.344229999999999925e-01
3.088650000000000007e-01
3.460200000000000081e-02
8.857600000000000195e-02
1.606049999999999978e-01
1.458190000000000042e-01
3.201359999999999761e-01
3.032710000000000128e-01
5.541080000000000449e-01
6.709410000000000096e-01
3.630840000000000178e-01
2.358139999999999958e-01
1.535400000000000098e-01
1.424350000000000060e-01
2.464260000000000062e-01
3.745539999999999980e-01
2.438220000000000109e-01
2.388760000000000050e-01
2.871409999999999796e-01
2.696549999999999780e-01
3.131079999999999974e-01
3.148980000000000112e-01
3.067230000000000234e-01
5.671899999999999858e-02
1.443609999999999893e-01
