0.161206
0.286911
0.295119
0.152745
0.412396
0.217479
0.525890
0.243146
0.337576
0.134393
0.215502
0.435117
0.188362
0.241396
0.234103
0.316861
0.250347
0.546963
0.422298
0.315205
0.093630
0.166057
0.377564
0.185653
0.569359
0.205135
0.347885
0.173510
0.221284
0.390705
0.253841
0.245733
0.298974
0.315873
0.191987
0.463187
0.212753
0.148208
0.109113
0.074251
0.112124
0.303061
0.269238
0.180227
0.102100
0.125454
0.130050
0.123460
0.184935
0.099957
0.204660
0.332373
0.182528
0.192956
0.173486
0.359119
0.254955
0.180364
0.391086
0.245681
0.237544
0.530462
0.231304
0.370149
0.431722
0.302931
0.482654
0.256828
0.213536
0.192320
0.302615
0.427203
0.484931
0.301338
0.132426
0.088789
0.435851
0.196380
0.783588
0.607381
0.145280
0.219209
0.208432
0.537758
0.192469
0.272638
0.338579
0.467528
0.507008
0.795888
0.542970
0.695812
0.185120
0.388162
0.168656
0.430638
0.394542
0.613682
0.189566
0.386228
0.228955
0.175095
0.744562
0.261161
0.359973
0.616006
0.560379
0.322127
0.201070
0.475503
0.203858
0.373721
0.445582
0.663249
0.274007
0.586552
0.123495
0.207871
0.496095
0.170088
0.134331
0.209233
0.325118
0.319972
0.546555
0.347154
0.302618
0.189349
0.149163
0.102879
0.422696
0.213970
0.244498
0.284609
0.162797
0.128476
0.130948
0.169256
0.129948
0.183442
0.122979
0.276761
0.357561
0.184163
0.424652
0.321853
0.165568
0.183936
0.174643
0.258721
0.172032
0.479809
0.382264
0.225646
0.508339
0.280125
0.217097
0.197302
0.321709
0.530940
0.265762
0.471357