0.063000
0.088332
0.342971
0.318256
0.205189
0.338890
0.538435
0.241336
0.316548
0.151617
0.383533
0.285560
0.173042
0.149929
0.195923
0.262041
0.187916
0.234397
0.209313
0.184705
0.199535
0.229865
0.567851
0.448321
0.293472
0.156160
0.482839
0.295471
0.153636
0.308290
0.213686
0.163653
0.237274
0.232641
0.266046
0.398169
0.556273
0.374380
0.318389
0.353969
0.210739
0.329653
0.082998
0.110727
0.596784
0.311206
0.370260
0.267991
0.299627
0.128227
0.248125
0.335682
0.250723
0.525820
0.166594
0.171724
0.135222
0.211612
0.320166
0.231758
0.206930
0.128468
0.161303
0.237285
0.512599
0.265291
0.169069
0.164870
0.202469
0.391295
0.165545
0.285505