1.472060000000000035e-01
3.616030000000000078e-01
1.901760000000000117e-01
1.101860000000000062e-01
1.213329999999999964e-01
9.272400000000000087e-02
1.139730000000000049e-01
1.887639999999999874e-01
1.082329999999999959e-01
7.443400000000000016e-02
1.031709999999999988e-01
2.222510000000000041e-01
7.561900000000000566e-02
1.150130000000000041e-01
2.662050000000000249e-01
7.295699999999999408e-02
3.223900000000000099e-01
2.444099999999999884e-01
1.065060000000000034e-01
2.364239999999999953e-01
8.447699999999999654e-02
2.080940000000000012e-01
2.568690000000000140e-01
1.453039999999999887e-01
1.335000000000000075e-01
1.242869999999999947e-01
3.173259999999999970e-01
2.264339999999999964e-01
2.813030000000000252e-01
1.162969999999999976e-01
3.202690000000000259e-01
1.843319999999999959e-01
2.726729999999999987e-01
3.995589999999999975e-01
1.682849999999999902e-01
2.644130000000000091e-01
5.990700000000000192e-02
1.283310000000000006e-01
1.585070000000000090e-01
3.056130000000000235e-01
1.645050000000000123e-01
2.711990000000000234e-01
3.318940000000000223e-01
2.053470000000000018e-01
1.151110000000000050e-01
1.485690000000000066e-01
2.175449999999999884e-01
3.730240000000000222e-01
7.532790000000000319e-01
4.567459999999999853e-01
3.117300000000000071e-01
1.623960000000000126e-01
1.039349999999999996e-01
1.800750000000000128e-01
1.171380000000000060e-01
2.171039999999999914e-01
3.285219999999999807e-01
1.529590000000000116e-01
1.710929999999999951e-01
4.217750000000000110e-01
3.070320000000000271e-01
1.524349999999999872e-01
6.604970000000000008e-01
3.528830000000000022e-01
3.863159999999999927e-01
2.512619999999999854e-01
5.301209999999999534e-01
2.310669999999999946e-01
1.223159999999999942e-01
2.807850000000000068e-01
2.800549999999999984e-01
1.942270000000000107e-01
8.707099999999999562e-02
1.435200000000000087e-01
2.285510000000000042e-01
3.630970000000000031e-01
1.427470000000000128e-01
1.188369999999999982e-01
3.485340000000000105e-01
1.992259999999999864e-01
2.357819999999999916e-01
3.737980000000000191e-01
2.314340000000000008e-01
5.592639999999999834e-01
3.418240000000000167e-01
1.313020000000000020e-01
1.335919999999999885e-01
3.029709999999999903e-01
1.236249999999999988e-01
2.606040000000000023e-01
8.417299999999999782e-02
1.495859999999999967e-01
1.285530000000000006e-01
2.554660000000000264e-01
1.765329999999999955e-01
3.506040000000000267e-01
4.738680000000000114e-01
2.717080000000000051e-01
2.782850000000000046e-01
1.394330000000000014e-01
1.483829999999999871e-01
3.914839999999999987e-01
7.760390000000000343e-01
3.540889999999999871e-01
1.674279999999999935e-01
9.736899999999999722e-02
4.914600000000000080e-01
7.013150000000000217e-01
9.315900000000000569e-02
8.891599999999999504e-02
4.213620000000000143e-01
1.959039999999999948e-01
3.647400000000000087e-01
2.187250000000000028e-01
2.458100000000000007e-01
1.527949999999999864e-01
1.061379999999999962e-01
1.580489999999999950e-01
1.573640000000000039e-01
2.310429999999999984e-01
2.288439999999999919e-01
1.263060000000000016e-01
1.420109999999999983e-01
2.127090000000000092e-01
1.112530000000000047e-01
1.047379999999999978e-01
8.090799999999999381e-02
3.068600000000000216e-01
