2.442650000000000099e-01
2.515720000000000178e-01
3.393800000000000150e-01
1.740220000000000100e-01
3.805370000000000141e-01
2.952960000000000029e-01
4.971999999999999753e-01
2.712999999999999856e-01
2.952099999999999724e-01
1.998399999999999899e-01
1.871869999999999923e-01
3.107340000000000102e-01
2.884920000000000262e-01
3.358070000000000221e-01
2.364630000000000065e-01
1.188160000000000049e-01
2.066530000000000034e-01
3.767079999999999873e-01
2.189800000000000080e-01
3.743199999999999861e-01
5.342789999999999484e-01
3.439409999999999967e-01
3.851010000000000266e-01
5.576259999999999550e-01
5.879940000000000166e-01
3.329389999999999850e-01
1.627369999999999928e-01
2.411079999999999890e-01
1.814540000000000042e-01
2.063450000000000006e-01
3.810189999999999966e-01
1.669579999999999953e-01
1.858990000000000087e-01
4.340620000000000034e-01
3.387209999999999943e-01
4.955069999999999752e-01
2.500290000000000012e-01
2.790599999999999747e-01
2.281660000000000077e-01
1.234029999999999988e-01
1.842380000000000129e-01
3.192789999999999795e-01
1.486669999999999936e-01
3.471159999999999801e-01
2.918499999999999983e-01
1.666600000000000026e-01
1.731499999999999984e-01
2.514989999999999726e-01
2.075559999999999905e-01
2.942429999999999768e-01
5.166699999999999626e-01
3.535519999999999774e-01
1.680830000000000102e-01
2.026630000000000098e-01
3.426509999999999834e-01
5.618210000000000148e-01
1.363280000000000047e-01
2.059890000000000054e-01
2.823269999999999946e-01
3.630680000000000018e-01
2.212810000000000055e-01
2.588790000000000258e-01
1.282449999999999979e-01
1.632139999999999980e-01
2.690400000000000014e-01
1.417349999999999999e-01
2.573199999999999932e-01
2.180320000000000036e-01
1.334440000000000071e-01
2.473640000000000005e-01
1.044690000000000063e-01
2.003020000000000078e-01
