2.298060000000000103e-01
1.473270000000000135e-01
4.537220000000000142e-01
7.245270000000000321e-01
4.866940000000000155e-01
2.623619999999999841e-01
5.840109999999999468e-01
3.346149999999999958e-01
2.579819999999999891e-01
1.983429999999999915e-01
1.707589999999999941e-01
2.745110000000000050e-01
4.223819999999999797e-01
2.149840000000000084e-01
2.070259999999999878e-01
1.097709999999999936e-01
1.629549999999999887e-01
2.970419999999999727e-01
1.100450000000000039e-01
1.620520000000000016e-01
1.559480000000000033e-01
3.516560000000000241e-01
1.099129999999999968e-01
1.107780000000000015e-01
1.518529999999999880e-01
1.447170000000000123e-01
2.611189999999999900e-01
1.773699999999999999e-01
1.998850000000000071e-01
1.095209999999999934e-01
1.525739999999999874e-01
2.957299999999999929e-01
9.857699999999999796e-02
2.092350000000000043e-01
2.286150000000000126e-01
2.962239999999999873e-01
1.269500000000000073e-01
7.014700000000000102e-02
1.483130000000000004e-01
1.616370000000000029e-01
1.486079999999999901e-01
1.434870000000000034e-01
1.053150000000000058e-01
1.057609999999999939e-01
2.010019999999999862e-01
3.050200000000000133e-01
3.429440000000000266e-01
1.682069999999999954e-01
7.631899999999999795e-02
1.896200000000000108e-01
1.279039999999999899e-01
1.045110000000000067e-01
1.454340000000000077e-01
3.053730000000000055e-01
1.536639999999999950e-01
1.207870000000000055e-01
3.901760000000000228e-01
2.015039999999999887e-01
3.534479999999999844e-01
4.128279999999999728e-01
5.348159999999999581e-01
2.878120000000000123e-01
2.940880000000000161e-01
2.948999999999999955e-01
2.717370000000000063e-01
1.167149999999999993e-01
2.262790000000000079e-01
2.716540000000000066e-01
2.258509999999999962e-01
2.272959999999999980e-01
1.582109999999999905e-01
2.787609999999999810e-01
3.428129999999999789e-01
2.354559999999999986e-01
1.684660000000000046e-01
2.017210000000000114e-01
1.844679999999999931e-01
2.307150000000000034e-01
1.516079999999999928e-01
1.648469999999999935e-01
5.868899999999999811e-02
9.221799999999999442e-02
1.825980000000000103e-01
3.222840000000000149e-01
1.579240000000000088e-01
1.392579999999999929e-01
2.080249999999999877e-01
3.784739999999999771e-01
1.999930000000000041e-01
3.571309999999999762e-01
2.812319999999999820e-01
1.737130000000000063e-01
1.746620000000000117e-01
1.558140000000000081e-01
2.450180000000000136e-01
4.608099999999999974e-01
8.370800000000000463e-02
8.821900000000000575e-02
