0.194180
0.179273
0.416263
0.428290
0.377392
0.189843
0.360734
0.590644
0.298966
0.433537
0.440121
0.174745
0.397765
0.564187
0.376428
0.487148
0.326818
0.184121
0.202833
0.165361
0.259922
0.393217
0.175373
0.157797
0.228448
0.248755
0.293040
0.517490
0.266542
0.152433
0.255382
0.266731
0.436365
0.315694
0.241101
0.162122
0.262018
0.191818
0.334321
0.483551
0.099590
0.194590
0.114020
0.330766
0.328898
0.437692
0.445898
0.190122
0.295879
0.360361
0.606416
0.473713
0.542305
0.319310
0.204776
0.241483
0.455004
0.298710
0.185438
0.336383
0.219150
0.199726
0.382128
0.309693
0.133852
0.170202
0.363178
0.483151
0.267382
0.360443
0.217859
0.289212
0.208582
0.400448
0.376303
0.303448
0.152760
0.160223
0.260124
0.222902
0.242759
0.224965
0.130223
0.166959
0.308242
0.253563
0.243926
0.338439
0.245539
0.509679
0.558057
0.315002
0.390272
0.463960
0.378586
0.190034
0.205464
0.359770
0.310453
0.428604
0.093534
0.092699
0.280098
0.396129
0.399154
0.311613
0.344124
0.194110
0.152091
0.123134
0.317819
0.175531
0.121968
0.097571
0.180949
0.125586
0.286878
0.173454
0.156396
0.097468
0.120730
0.251428
0.201101
0.193455
0.148291
0.168455
0.207265
0.207231
0.512208
0.710085
0.253655
0.171951
0.323716
0.496226
0.294066
0.434788
0.163999
0.179432
0.328378
0.537098
0.279786
0.279393
0.270256
0.437152
0.205769
0.307562
0.377554
0.331659
0.153354
0.168944
0.210076
0.256842
0.243963
0.335254
0.153310
0.133037
0.268386
0.273423
0.320823
0.215558
0.129156
0.238841