0.084928
0.266039
0.195952
0.104740
0.163679
0.282683
0.234680
0.369550
0.146439
0.170127
0.128732
0.163514
0.128889
0.209803
0.154527
0.140584
0.158634
0.103321
0.489642
0.589797
0.348107
0.177505
0.498709
0.333279
0.504647
0.454409
0.428996
0.678796
0.365840
0.222098
0.436455
0.252789
0.334786
0.209809
0.356322
0.179669
0.154787
0.259290
0.122067
0.173840
0.153038
0.406871
0.362922
0.280900
0.191447
0.217983
0.241551
0.377306
0.384339
0.219903
0.110964
0.141643
0.115373
0.216104
0.394851
0.270117
0.089682
0.167903
0.100275
0.296683
0.300744
0.520366
0.422269
0.136593
0.155220
0.276958
0.121312
0.226457
0.206767
0.141874
0.110465
0.281242
0.429201
0.173116
0.159626
0.153013
0.225656
0.460851
0.417778
0.360176
0.107975
0.202347
0.292102
0.481280
0.564462
0.287046
0.335172
0.501009
0.160565
0.341903
0.248512
0.396925
0.182621
0.265305
0.668897
0.451521
0.538666
0.338337
0.486821
0.277048
0.433052
0.308743
0.319835
0.195981
0.234414
0.441752
0.272577
0.228876
0.388664
0.317580
0.177139
0.324869
0.452788
0.658790
0.756067
0.505509
0.221901
0.325054
0.205462
0.251740
0.135820
0.264661
0.181158
0.340989
0.165122
0.322772
0.339319
0.403311
0.214375
0.207684
0.478720
0.404301
0.260097
0.610387
0.357649
0.288674
0.308001
0.269159
0.284138
0.655480
0.434945
0.324230
0.221727
0.403148
0.475886
0.363055
0.527583
0.317854
0.435534
0.441571
0.522167
0.455670
0.239022
0.409339
0.369213
0.287125
0.275697
0.302233
0.325225
0.238479
0.418622
0.363084