0.112153
0.113848
0.328855
0.296590
0.260003
0.341197
0.245263
0.235354
0.429040
0.279604
0.409160
0.271039
0.435907
0.286922
0.251220
0.444913
0.223570
0.236559
0.237020
0.223211
0.159056
0.150037
0.162010
0.218212
0.275831
0.262325
0.198376
0.388084
0.197528
0.183764
0.175884
0.212907
0.381094
0.263083
0.167220
0.190713
0.156142
0.205962
0.185381
0.219941
0.160987
0.165620
0.217546
0.333292
0.108773
0.257872
0.244449
0.211636
0.204346
0.188455
0.405751
0.213706
0.204998
0.248924
0.191256
0.168202
0.240134
0.140368
0.341254
0.177469
0.164607
0.153302
0.209844
0.337920
0.247861
0.345812
0.166255
0.201936
0.194265
0.211999
0.214658
0.240803
0.432859
0.292190
0.215136
0.194788
0.213102
0.368167
0.372044
0.311706
0.283176
0.181815
0.267279
0.303011
0.302103
0.236539
0.224443
0.209957
0.095849
0.130735
0.211672
0.190953
0.236390
0.230439
0.194277
0.213854
0.223584
0.171795
0.224553
0.178172
0.295360
0.179801
0.268049
0.298496
0.240660
0.298978
0.232560
0.208236
0.354726
0.173148
0.118621
0.169724
0.235035
0.240523
0.189842
0.222216
0.224995
0.184279
0.229109
0.175075
0.152342
0.288696
0.248027
0.298712
0.240330
0.286881
0.174813
0.228813
0.185619
0.191465
0.224159
0.384388
0.140252
0.173781
0.339792
0.200500
0.181171
0.206314
0.197296
0.200822
0.192928
0.335238
0.261896
0.331343
0.301194
0.270533
0.257719
0.379703
0.201607
0.234349
0.378333
0.235180
0.433199
0.319358
0.124003
0.139528
0.222612
0.183308
0.216627
0.207456
0.218684
0.369055
0.307991
0.417846
0.801238
0.436844
0.306704
0.281322
0.425406
0.266108
0.301460
0.243349
0.276179
0.343213
0.269617
0.235758
0.481289
0.329630
0.495659
0.273589
0.176076
0.190091
0.352690
0.673416
0.305830
0.285114
0.502741
0.259903
0.216248
0.229300
0.247106
0.201182
0.267649
0.262320
0.408561
0.227963
0.277316
0.192554
0.160400
0.176426