2.283030000000000059e-01
2.562710000000000266e-01
4.173939999999999872e-01
2.169750000000000012e-01
2.176780000000000104e-01
2.684239999999999959e-01
3.167449999999999988e-01
4.647479999999999944e-01
1.953459999999999919e-01
3.525059999999999860e-01
2.093359999999999943e-01
2.981219999999999981e-01
2.251859999999999973e-01
1.507830000000000004e-01
5.048759999999999915e-01
3.171669999999999767e-01
2.756600000000000161e-01
2.431589999999999863e-01
9.757100000000000495e-02
1.693220000000000003e-01
2.222860000000000114e-01
2.422239999999999949e-01
1.990129999999999955e-01
2.934820000000000206e-01
1.293269999999999975e-01
1.320820000000000050e-01
1.706820000000000004e-01
2.739349999999999841e-01
4.143620000000000081e-01
1.618559999999999999e-01
2.598360000000000114e-01
2.302389999999999992e-01
2.079080000000000095e-01
3.366580000000000128e-01
3.406399999999999983e-01
2.366790000000000005e-01
1.526009999999999867e-01
1.316430000000000100e-01
2.461820000000000119e-01
2.132719999999999894e-01
1.488109999999999988e-01
1.172129999999999977e-01
2.570779999999999732e-01
2.367130000000000067e-01
4.108510000000000217e-01
2.531860000000000221e-01
2.490290000000000004e-01
2.418170000000000042e-01
3.350879999999999970e-01
1.769270000000000009e-01
2.200600000000000056e-01
2.010170000000000012e-01
3.286109999999999864e-01
4.660929999999999795e-01
1.829649999999999888e-01
2.368959999999999955e-01
1.810009999999999952e-01
3.182409999999999961e-01
2.813530000000000197e-01
4.965559999999999974e-01
2.091149999999999953e-01
2.318580000000000085e-01
2.203829999999999956e-01
2.646310000000000051e-01
4.367440000000000211e-01
6.346859999999999724e-01
2.682249999999999912e-01
4.571899999999999853e-01
3.468629999999999769e-01
2.063349999999999906e-01
3.053799999999999848e-01
4.178979999999999917e-01
1.027369999999999950e-01
8.634200000000000208e-02
3.127869999999999817e-01
2.192810000000000037e-01
2.587769999999999793e-01
4.708539999999999948e-01
2.687919999999999754e-01
3.044950000000000156e-01
1.482259999999999966e-01
2.795989999999999864e-01
1.261019999999999919e-01
2.267309999999999881e-01
2.568050000000000055e-01
2.445189999999999864e-01
3.519180000000000086e-01
2.180729999999999891e-01
3.311910000000000132e-01
1.757559999999999956e-01
1.376229999999999953e-01
2.089060000000000084e-01
1.870279999999999998e-01
1.758669999999999956e-01
4.943190000000000084e-01
3.178880000000000039e-01
2.756870000000000154e-01
2.419270000000000032e-01
2.360369999999999968e-01
1.772660000000000069e-01
2.181980000000000031e-01
1.908140000000000114e-01
1.653159999999999907e-01
2.593860000000000054e-01
2.370049999999999935e-01
1.382099999999999995e-01
2.903569999999999762e-01
4.825260000000000105e-01
1.090060000000000057e-01
1.820170000000000121e-01
2.337940000000000018e-01
2.597369999999999957e-01
2.222010000000000096e-01
3.858800000000000008e-01
2.171210000000000084e-01
3.541650000000000076e-01
2.759570000000000078e-01
4.517680000000000029e-01
2.940130000000000243e-01
4.429080000000000239e-01
1.574540000000000106e-01
2.716239999999999766e-01
2.039539999999999964e-01
2.077330000000000010e-01
2.019680000000000086e-01
1.936730000000000118e-01
1.552209999999999979e-01
2.206480000000000108e-01
