1.037129999999999996e-01
1.938390000000000113e-01
1.476989999999999970e-01
2.290459999999999996e-01
1.396820000000000006e-01
1.675379999999999925e-01
2.267299999999999871e-01
1.249180000000000013e-01
2.909860000000000224e-01
5.191740000000000244e-01
1.212389999999999995e-01
1.507989999999999886e-01
1.381259999999999988e-01
1.566349999999999965e-01
2.563559999999999728e-01
1.942720000000000002e-01
1.701320000000000054e-01
1.898579999999999990e-01
2.162409999999999888e-01
2.279339999999999977e-01
2.772120000000000140e-01
2.307669999999999999e-01
2.804699999999999971e-01
3.047860000000000014e-01
1.758270000000000111e-01
3.092750000000000221e-01
3.126880000000000215e-01
2.943450000000000233e-01
4.325160000000000116e-01
2.070089999999999986e-01
1.347420000000000007e-01
1.970409999999999939e-01
2.020659999999999956e-01
4.332799999999999985e-01
5.286159999999999748e-01
2.861699999999999799e-01
2.590870000000000117e-01
2.156619999999999926e-01
2.156889999999999918e-01
3.962789999999999924e-01
3.373260000000000147e-01
2.853299999999999725e-01
2.063109999999999944e-01
4.413030000000000008e-01
3.780700000000000172e-01
2.363909999999999900e-01
3.036960000000000215e-01
1.741399999999999892e-01
3.826220000000000176e-01
1.979859999999999953e-01
3.857439999999999758e-01
2.473859999999999948e-01
2.449189999999999978e-01
2.845139999999999891e-01
1.989059999999999995e-01
2.421069999999999889e-01
1.717150000000000065e-01
2.292760000000000076e-01
2.251120000000000065e-01
3.081809999999999827e-01
3.015860000000000207e-01
1.776739999999999986e-01
3.326680000000000192e-01
6.596469999999999834e-01
2.146840000000000137e-01
1.656239999999999934e-01
1.647990000000000010e-01
3.248840000000000061e-01
3.238960000000000172e-01
3.125439999999999885e-01
2.362400000000000055e-01
2.410390000000000033e-01
3.777479999999999727e-01
1.985629999999999895e-01
2.463309999999999944e-01
1.524169999999999969e-01
1.818410000000000026e-01
2.512809999999999766e-01
2.449070000000000136e-01
1.491429999999999978e-01
1.195409999999999945e-01
2.924370000000000025e-01
1.525189999999999879e-01
2.814920000000000200e-01
2.026670000000000138e-01
1.082530000000000020e-01
2.342619999999999980e-01
2.760340000000000016e-01
1.660050000000000137e-01
1.544830000000000092e-01
1.581200000000000105e-01
2.011789999999999967e-01
2.333119999999999916e-01
1.723270000000000080e-01
1.927079999999999904e-01
1.229070000000000024e-01
2.282069999999999932e-01
3.153250000000000219e-01
3.330370000000000275e-01
1.519069999999999865e-01
8.111599999999999366e-02
1.526720000000000022e-01
1.717549999999999910e-01
1.452219999999999900e-01
1.935449999999999948e-01
2.596849999999999992e-01
2.194409999999999972e-01
1.739900000000000058e-01
5.089209999999999567e-01
2.314559999999999951e-01
1.850360000000000060e-01
2.701740000000000252e-01
2.696000000000000063e-01
2.249529999999999863e-01
2.557440000000000269e-01
1.812940000000000107e-01
2.713760000000000061e-01
3.434920000000000195e-01
1.848869999999999958e-01
3.524559999999999915e-01
2.914579999999999949e-01
1.265660000000000118e-01
3.276749999999999940e-01
2.731830000000000092e-01
2.147370000000000112e-01
2.397320000000000007e-01
1.495950000000000057e-01
1.156039999999999984e-01
1.567649999999999877e-01
2.203720000000000123e-01
1.988620000000000110e-01
2.872259999999999813e-01
2.517440000000000233e-01
8.618800000000000072e-02
1.263900000000000023e-01
2.609250000000000180e-01
9.432899999999999618e-02
1.816889999999999894e-01
3.470860000000000056e-01
1.420359999999999956e-01
1.331549999999999956e-01
2.544190000000000063e-01
1.901259999999999895e-01
3.288050000000000139e-01
2.228870000000000018e-01
4.506120000000000125e-01
2.691120000000000179e-01
1.973340000000000094e-01
2.531240000000000157e-01
2.400579999999999936e-01
2.921920000000000073e-01
4.339770000000000016e-01
3.365929999999999755e-01
1.987949999999999995e-01
3.528259999999999730e-01
1.576140000000000041e-01
1.704080000000000039e-01
4.270470000000000099e-01
4.699559999999999849e-01
8.085170000000000412e-01
1.404259999999999953e-01
1.609510000000000107e-01
