9.813900000000000401e-02
1.650649999999999895e-01
3.672719999999999874e-01
3.454960000000000253e-01
2.710989999999999789e-01
3.462620000000000142e-01
3.726030000000000175e-01
2.478259999999999907e-01
1.713760000000000006e-01
2.753129999999999744e-01
3.460030000000000050e-01
1.690250000000000086e-01
2.223209999999999908e-01
2.213360000000000050e-01
2.305490000000000039e-01
2.507639999999999869e-01
2.450170000000000126e-01
2.459330000000000127e-01
1.608970000000000122e-01
3.788619999999999766e-01
1.771899999999999864e-01
3.635479999999999823e-01
2.331650000000000111e-01
2.747829999999999995e-01
2.882819999999999827e-01
6.012250000000000094e-01
1.598729999999999873e-01
1.775029999999999941e-01
3.506150000000000100e-01
2.381139999999999923e-01
1.746530000000000027e-01
1.113210000000000033e-01
1.885479999999999934e-01
2.711189999999999989e-01
3.910919999999999952e-01
2.371830000000000049e-01
2.012430000000000052e-01
1.615290000000000059e-01
2.624480000000000146e-01
3.936640000000000139e-01
1.846720000000000028e-01
3.576889999999999792e-01
3.225799999999999779e-01
2.265669999999999906e-01
3.165819999999999745e-01
1.850749999999999895e-01
3.181209999999999871e-01
2.154040000000000121e-01
1.394690000000000096e-01
3.148830000000000240e-01
2.204460000000000031e-01
2.352990000000000081e-01
2.021789999999999976e-01
2.708929999999999949e-01
2.254369999999999985e-01
1.906809999999999894e-01
2.894479999999999831e-01
3.613439999999999985e-01
3.667670000000000097e-01
2.869380000000000264e-01
2.203259999999999941e-01
2.486859999999999904e-01
3.781800000000000161e-01
2.052730000000000110e-01
2.374290000000000012e-01
2.324150000000000105e-01
2.197079999999999866e-01
3.743029999999999968e-01
5.122280000000000166e-01
3.170279999999999765e-01
5.533449999999999758e-01
2.920409999999999950e-01
2.105779999999999874e-01
2.155130000000000101e-01
3.617560000000000220e-01
4.154599999999999960e-01
3.918289999999999829e-01
2.555540000000000034e-01
3.350790000000000157e-01
3.369119999999999893e-01
1.072530000000000011e-01
1.214979999999999949e-01
3.773380000000000067e-01
5.267209999999999948e-01
2.193579999999999974e-01
2.477509999999999990e-01
2.845469999999999944e-01
1.874929999999999930e-01
2.546039999999999970e-01
2.468190000000000106e-01
2.754889999999999839e-01
1.609210000000000085e-01
4.429040000000000199e-01
6.205289999999999973e-01
3.199620000000000242e-01
4.449960000000000027e-01
4.062020000000000075e-01
3.654789999999999983e-01
1.687180000000000069e-01
2.077120000000000077e-01
3.908249999999999780e-01
2.940539999999999821e-01
2.586180000000000145e-01
4.272469999999999879e-01
2.398190000000000044e-01
2.912270000000000136e-01
3.243280000000000052e-01
6.630730000000000235e-01
2.007980000000000043e-01
4.322630000000000083e-01
4.161549999999999971e-01
3.166970000000000063e-01
3.805830000000000046e-01
3.661789999999999767e-01
2.191309999999999925e-01
4.159780000000000144e-01
2.803800000000000181e-01
1.847830000000000028e-01
2.002210000000000101e-01
2.934379999999999766e-01
1.168789999999999968e-01
2.165739999999999887e-01
4.573590000000000155e-01
2.639529999999999932e-01
2.957029999999999936e-01
2.373309999999999864e-01
1.942820000000000102e-01
2.092950000000000088e-01
2.721310000000000118e-01
4.715019999999999767e-01
6.126059999999999839e-01
3.867280000000000162e-01
3.693159999999999776e-01
2.914590000000000236e-01
1.798899999999999944e-01
1.186730000000000007e-01
2.102459999999999885e-01
3.550980000000000247e-01
2.442630000000000079e-01
4.186909999999999799e-01
1.368989999999999929e-01
2.025520000000000098e-01
2.290750000000000008e-01
2.646430000000000171e-01
2.502699999999999925e-01
4.101589999999999958e-01
5.238770000000000371e-01
6.472869999999999457e-01
3.748609999999999998e-01
2.856239999999999890e-01
3.782050000000000134e-01
2.925940000000000207e-01
3.484470000000000067e-01
1.651489999999999903e-01
2.272800000000000098e-01
1.673149999999999915e-01
2.068039999999999878e-01
2.406760000000000010e-01
4.599360000000000115e-01
1.917760000000000020e-01
1.877109999999999890e-01
2.991750000000000242e-01
