0.104191
0.164499
0.386821
0.294230
0.168650
0.196858
0.225196
0.481078
0.103739
0.135976
0.552882
0.338918
0.306551
0.328900
0.222044
0.246563
0.152337
0.274519
0.199129
0.148724
0.248511
0.207456
0.178419
0.304718
0.147117
0.220321
0.111857
0.126697
0.350944
0.551290
0.346147
0.692169
0.171188
0.193832
0.116825
0.259635
0.190213
0.167258
0.296276
0.304763
0.062923
0.121873
0.173443
0.223882
0.197079
0.123158
0.246363
0.295984
0.330480
0.239918
0.197076
0.214738
0.126846
0.134494
0.145688
0.144393
0.258207
0.265027
0.301521
0.146772
0.099372
0.269902
0.111340
0.097056
0.169597
0.280085
0.271510
0.266016
0.233115
0.344384
0.129591
0.133683
0.297847
0.600605
0.575485
0.684088
0.231847
0.236226
0.311437
0.172360
0.187090
0.090642
0.375258
0.347842
0.446596
0.330107
0.538945
0.308306
0.370414
0.172145
0.141565
0.329238
0.225637
0.300774
0.137852
0.137847
0.388831
0.196849
0.096727
0.097732
0.125260
0.246216
0.277379
0.174993
0.150908
0.156523
0.189766
0.114058
0.159053
0.213262
0.187352
0.371986
0.181698
0.395557
0.182197
0.287987
0.240006
0.127930
0.306487
0.210621
0.137252
0.246171
0.354822
0.156195
0.142109
0.111983
0.261193
0.194602
0.261073
0.387119
0.173554
0.418095
0.255990
0.174853
0.136165
0.113819
0.323069
0.225087
0.302501
0.269081
0.092322
0.139172
0.288768
0.154138
0.224666
0.484352
0.417794
0.359622
0.201492
0.189522
0.546623
0.258413
0.297934
0.130822
0.292986
0.327790
0.362696
0.332167
0.254232
0.216007
0.106524
0.122055