2.755369999999999764e-01
3.190589999999999815e-01
2.303010000000000057e-01
1.615459999999999952e-01
1.952149999999999996e-01
3.813670000000000115e-01
4.182790000000000119e-01
3.469030000000000169e-01
3.815450000000000230e-01
1.407730000000000092e-01
2.683320000000000149e-01
7.430949999999999500e-01
3.165250000000000008e-01
2.188759999999999872e-01
2.120060000000000000e-01
1.868910000000000016e-01
3.867920000000000247e-01
2.908350000000000102e-01
2.591600000000000015e-01
2.533869999999999734e-01
2.726580000000000115e-01
5.796360000000000401e-01
1.397400000000000031e-01
3.837619999999999920e-01
2.454870000000000108e-01
4.821679999999999855e-01
1.918920000000000070e-01
2.860779999999999990e-01
1.768240000000000089e-01
2.115360000000000018e-01
3.208509999999999973e-01
3.053159999999999763e-01
2.847870000000000124e-01
3.457080000000000153e-01
1.932500000000000051e-01
3.851339999999999764e-01
2.743039999999999923e-01
2.097050000000000025e-01
7.324469999999999592e-01
3.830149999999999944e-01
1.938860000000000028e-01
2.320069999999999910e-01
7.213460000000000427e-01
5.087019999999999875e-01
2.713229999999999809e-01
1.989720000000000100e-01
4.805699999999999972e-01
8.191669999999999785e-01
3.620120000000000005e-01
2.441490000000000049e-01
1.663340000000000096e-01
2.305520000000000069e-01
4.780190000000000272e-01
2.609639999999999738e-01
6.106970000000000454e-01
2.054940000000000100e-01
3.864679999999999782e-01
2.024930000000000063e-01
2.186559999999999893e-01
1.821659999999999946e-01
3.574109999999999787e-01
3.109950000000000214e-01
6.281430000000000069e-01
2.324910000000000032e-01
1.701969999999999872e-01
4.664289999999999825e-01
7.218130000000000379e-01
2.297680000000000000e-01
1.706390000000000129e-01
2.293030000000000068e-01
4.648439999999999794e-01
2.236470000000000125e-01
3.086010000000000142e-01
1.949879999999999947e-01
5.327199999999999713e-01
1.517139999999999878e-01
1.699350000000000027e-01
1.888430000000000109e-01
2.949240000000000195e-01
5.547790000000000221e-01
2.273469999999999935e-01
2.260780000000000012e-01
1.484509999999999996e-01
2.631399999999999850e-01
3.052880000000000038e-01
2.035879999999999912e-01
1.935530000000000028e-01
1.648620000000000085e-01
2.588989999999999903e-01
4.623120000000000007e-01
3.420610000000000039e-01
2.958250000000000046e-01
2.054690000000000127e-01
4.246099999999999874e-01
4.485580000000000123e-01
1.854679999999999940e-01
3.200540000000000052e-01
1.585670000000000135e-01
3.286200000000000232e-01
4.975749999999999895e-01
2.165150000000000130e-01
3.888690000000000202e-01
5.416609999999999481e-01
4.117540000000000089e-01
1.652200000000000057e-01
3.780720000000000192e-01
4.382220000000000004e-01
1.721169999999999922e-01
3.338439999999999741e-01
2.223199999999999898e-01
2.378319999999999879e-01
2.348850000000000104e-01
2.052970000000000073e-01
2.023340000000000138e-01
3.121360000000000245e-01
2.528869999999999729e-01
3.047179999999999889e-01
2.041080000000000116e-01
1.629069999999999963e-01
3.636570000000000080e-01
2.456840000000000135e-01
2.103820000000000134e-01
1.811560000000000115e-01
2.397960000000000091e-01
5.491629999999999567e-01
3.981779999999999764e-01
2.955280000000000129e-01
3.260770000000000057e-01
1.818309999999999926e-01
2.759769999999999723e-01
2.626919999999999811e-01
6.060429999999999984e-01
3.024629999999999819e-01
4.030440000000000134e-01
2.525270000000000015e-01
3.248590000000000089e-01
3.905879999999999908e-01
2.287659999999999971e-01
2.232329999999999870e-01
2.906839999999999979e-01
3.039930000000000132e-01
2.165670000000000095e-01
3.025930000000000009e-01
3.995159999999999823e-01
7.008039999999999825e-01
2.952230000000000132e-01
4.217139999999999778e-01
2.668400000000000216e-01
5.681119999999999504e-01
2.344420000000000115e-01
4.628300000000000192e-01
1.552189999999999959e-01
5.971009999999999929e-01
2.420599999999999974e-01
2.123859999999999915e-01
4.696440000000000059e-01
4.255019999999999913e-01
2.060389999999999999e-01
3.627110000000000056e-01
4.070289999999999742e-01
3.926080000000000125e-01
3.047690000000000121e-01
