0.202451
0.099792
0.869087
0.484195
0.152127
0.326559
0.393813
0.191007
0.582800
0.236843
0.221853
0.640623
0.057317
0.057588
0.101515
0.334605
0.101023
0.185881
0.436689
0.189374
0.118284
0.073651
0.050973
0.225325
0.087466
0.093449
0.171945
0.257143
0.094429
0.233418
0.153067
0.270267
0.245638
0.125596
0.150868
0.170727
0.097393
0.164207
0.189056
0.257740
0.140692
0.178002
0.122068
0.304688
0.138124
0.283544
0.163971
0.122495
0.100570
0.116681
0.362069
0.213393
0.256486
0.559034
0.648352
0.297856
0.349412
0.210114
0.145782
0.231522
0.089143
0.174951
0.145880
0.340191
0.544414
0.257622
0.178419
0.334575
0.123176
0.178116
0.071511
0.148717