1.838150000000000062e-01
1.959960000000000035e-01
3.904250000000000220e-01
3.000129999999999741e-01
4.692830000000000057e-01
2.665199999999999791e-01
3.522649999999999948e-01
3.017239999999999922e-01
4.465799999999999770e-01
2.197310000000000096e-01
5.683700000000000419e-01
2.620449999999999724e-01
6.134450000000000180e-01
3.679749999999999965e-01
2.516050000000000231e-01
2.540339999999999820e-01
1.259740000000000026e-01
2.005780000000000063e-01
2.286620000000000041e-01
4.879370000000000096e-01
2.940130000000000243e-01
1.870189999999999908e-01
3.534709999999999797e-01
1.132269999999999943e-01
2.831710000000000060e-01
1.963209999999999955e-01
2.521240000000000148e-01
1.325189999999999979e-01
1.745389999999999997e-01
1.550479999999999914e-01
1.218670000000000031e-01
3.549140000000000073e-01
2.927330000000000210e-01
5.281689999999999996e-01
4.589770000000000238e-01
3.578210000000000002e-01
2.724940000000000140e-01
4.378879999999999995e-01
3.926560000000000050e-01
3.341959999999999931e-01
4.032979999999999898e-01
6.717579999999999663e-01
5.239829999999999766e-01
3.903469999999999995e-01
5.584099999999999620e-01
3.834650000000000003e-01
2.199919999999999931e-01
2.917609999999999926e-01
4.965260000000000229e-01
3.665570000000000217e-01
4.570560000000000178e-01
3.762220000000000009e-01
3.307880000000000265e-01
2.229879999999999918e-01
2.135769999999999891e-01
3.618759999999999755e-01
3.789830000000000143e-01
2.581820000000000226e-01
2.560970000000000191e-01
2.124379999999999880e-01
2.118510000000000115e-01
3.548629999999999840e-01
2.506220000000000114e-01
4.616190000000000015e-01
2.580109999999999904e-01
1.584359999999999935e-01
3.624629999999999797e-01
3.029259999999999731e-01
4.848620000000000152e-01
2.529710000000000014e-01
3.805060000000000109e-01
2.850360000000000116e-01
3.183940000000000103e-01
3.418539999999999912e-01
5.470599999999999907e-01
2.646379999999999844e-01
5.825780000000000403e-01
3.686809999999999810e-01
2.607979999999999743e-01
2.398470000000000046e-01
3.841729999999999867e-01
2.617059999999999942e-01
5.161850000000000049e-01
3.358439999999999759e-01
7.038060000000000427e-01
5.359570000000000167e-01
3.750530000000000252e-01
2.357160000000000089e-01
4.428460000000000174e-01
4.218970000000000220e-01
2.054070000000000062e-01
2.380269999999999886e-01
4.010489999999999888e-01
2.033989999999999965e-01
2.357499999999999873e-01
5.209880000000000067e-01
3.580800000000000094e-01
2.226279999999999926e-01
7.262809999999999544e-01
5.722500000000000364e-01
4.626270000000000104e-01
2.606319999999999748e-01
7.607810000000000406e-01
2.847330000000000139e-01
4.283109999999999973e-01
3.486130000000000062e-01
3.308510000000000062e-01
1.676199999999999912e-01
2.789789999999999770e-01
2.751600000000000157e-01
1.477509999999999935e-01
2.574859999999999927e-01
1.526550000000000129e-01
2.321570000000000022e-01
4.637169999999999903e-01
3.072449999999999903e-01
1.342049999999999910e-01
2.836799999999999877e-01
2.679059999999999775e-01
2.488489999999999869e-01
2.403309999999999891e-01
3.454760000000000053e-01
3.551880000000000037e-01
1.873930000000000040e-01
1.901029999999999942e-01
1.757440000000000113e-01
1.409999999999999865e-01
3.803670000000000107e-01
