3.428590000000000249e-01
2.686299999999999799e-01
2.666109999999999869e-01
3.366739999999999733e-01
2.559089999999999976e-01
2.791310000000000180e-01
3.288139999999999952e-01
5.788879999999999582e-01
1.637849999999999862e-01
1.870979999999999865e-01
3.182380000000000209e-01
3.939549999999999996e-01
2.546399999999999775e-01
2.400430000000000064e-01
4.113069999999999782e-01
2.037670000000000037e-01
2.501700000000000035e-01
3.499120000000000008e-01
2.405500000000000138e-01
1.318060000000000065e-01
1.049680000000000057e-01
2.271559999999999968e-01
1.784850000000000048e-01
1.559309999999999863e-01
1.619800000000000129e-01
1.789060000000000095e-01
1.068289999999999934e-01
9.937500000000000500e-02
2.751029999999999864e-01
1.639889999999999959e-01
2.450140000000000096e-01
2.008149999999999935e-01
1.034209999999999990e-01
1.300199999999999967e-01
1.797430000000000139e-01
1.688939999999999886e-01
1.917069999999999885e-01
1.925399999999999889e-01
2.947319999999999940e-01
2.443269999999999886e-01
1.213489999999999985e-01
1.448119999999999963e-01
4.431320000000000259e-01
2.663800000000000057e-01
3.303940000000000210e-01
1.533370000000000011e-01
3.135260000000000269e-01
2.929010000000000224e-01
1.976019999999999999e-01
4.226719999999999922e-01
1.374279999999999946e-01
1.863829999999999931e-01
2.771290000000000142e-01
2.499869999999999870e-01
1.993290000000000062e-01
2.097040000000000015e-01
5.109909999999999730e-01
2.960439999999999738e-01
2.099789999999999990e-01
2.374570000000000014e-01
1.524099999999999899e-01
1.941650000000000043e-01
1.400190000000000046e-01
1.406129999999999880e-01
6.296140000000000070e-01
3.446279999999999899e-01
2.008820000000000050e-01
1.839369999999999894e-01
1.590940000000000132e-01
3.194379999999999997e-01
2.703809999999999825e-01
2.140930000000000055e-01
2.517639999999999878e-01
4.649199999999999999e-01
5.480890000000000484e-01
3.748589999999999978e-01
6.056259999999999977e-01
3.761140000000000039e-01
3.149529999999999830e-01
4.689200000000000035e-01
3.054540000000000033e-01
1.526260000000000117e-01
3.579439999999999844e-01
3.734339999999999882e-01
2.736919999999999908e-01
5.380970000000000475e-01
2.186690000000000023e-01
4.124889999999999946e-01
3.158130000000000104e-01
2.803189999999999849e-01
1.419620000000000049e-01
1.411939999999999862e-01
2.503610000000000002e-01
1.517149999999999888e-01
1.772269999999999956e-01
1.796270000000000089e-01
1.653989999999999905e-01
1.896629999999999983e-01
1.856379999999999975e-01
1.059839999999999949e-01
1.435760000000000092e-01
2.311090000000000089e-01
1.491079999999999905e-01
1.760259999999999880e-01
1.183000000000000024e-01
1.353930000000000133e-01
2.085210000000000119e-01
1.861480000000000079e-01
1.886680000000000024e-01
1.696429999999999882e-01
4.467650000000000232e-01
3.166519999999999890e-01
1.872640000000000138e-01
2.750650000000000039e-01
2.291120000000000101e-01
2.297279999999999878e-01
1.226929999999999965e-01
1.626299999999999968e-01
3.169969999999999732e-01
2.980689999999999729e-01
1.098230000000000040e-01
1.624329999999999941e-01
1.804439999999999933e-01
1.470009999999999928e-01
2.295020000000000115e-01
2.601060000000000039e-01
2.269460000000000088e-01
1.936670000000000058e-01
2.414949999999999875e-01
2.926909999999999790e-01
2.404010000000000036e-01
2.358109999999999928e-01
1.950550000000000062e-01
2.581600000000000006e-01
2.640930000000000222e-01
1.478990000000000027e-01
2.446369999999999933e-01
3.630090000000000261e-01
2.053220000000000045e-01
1.994930000000000037e-01
8.759500000000000619e-02
1.518120000000000025e-01
2.646580000000000044e-01
5.941929999999999712e-01
1.844570000000000098e-01
1.945860000000000090e-01
2.491939999999999988e-01
2.504819999999999824e-01
2.636069999999999802e-01
3.902039999999999953e-01
2.156830000000000136e-01
2.208289999999999975e-01
2.777379999999999849e-01
1.679950000000000054e-01
3.130939999999999834e-01
2.832779999999999743e-01
1.942339999999999900e-01
1.970419999999999949e-01
1.687170000000000059e-01
2.948839999999999795e-01
1.650560000000000083e-01
1.836790000000000089e-01
