0.068091
0.101412
0.111944
0.221700
0.193750
0.146132
0.113102
0.126881
0.413171
0.177482
0.110201
0.157481
0.133391
0.381906
0.467600
0.221205
0.133265
0.290174
0.078202
0.131288
0.172002
0.183763
0.126262
0.126594
0.204334
0.390674
0.330082
0.164850
0.338974
0.104551
0.187988
0.212154
0.254910
0.085139
0.180136
0.440302
0.081643
0.118916
0.100922
0.259208
0.190641
0.082115
0.115248
0.336152
0.070714
0.196303
0.450674
0.257512
0.160595
0.352396
0.264805
0.162474
0.234917
0.528333
0.184378
0.097912
0.254963
0.551737
0.197791
0.161282
0.237813
0.126736
0.397065
0.301157
0.079085
0.062850
0.070403
0.149337
0.240729
0.089612
0.061528
0.083884
0.062643
0.169678
0.071604
0.210497
0.057077
0.150362
0.175435
0.102212
0.121055
0.278610
0.389550
0.127570
0.158238
0.192240
0.211038
0.111228
0.235660
0.161285
0.086786
0.109488
0.335737
0.093330
0.201920
0.222789
0.157176
0.088181
0.112162
0.092833
0.150130
0.140254
0.099583
0.143955
0.133196
0.156137
0.115129
0.080119
0.082269
0.267995
0.093079
0.132410
0.222173
0.136033
0.159009
0.188549
0.141585
0.201473
0.120063
0.108252
0.173780
0.195157
0.141842
0.159554
0.160662
0.157847
0.087994
0.123218