0.130468
0.201797
0.389669
0.281949
0.235070
0.435982
0.491325
0.303119
0.245753
0.324261
0.370334
0.635364
0.217780
0.376543
0.422941
0.238881
0.179257
0.148269
0.168259
0.176607
0.324077
0.220546
0.130051
0.177333
0.261308
0.264427
0.278865
0.260097
0.213165
0.194103
0.263433
0.219286
0.278213
0.297987
0.315619
0.361770
0.445685
0.305932
0.178585
0.153052
0.213550
0.419685
0.339618
0.341508
0.334600
0.175509
0.258381
0.311734
0.553234
0.365971
0.372811
0.196654
0.595245
0.422379
0.209478
0.497919
0.192756
0.267883
0.210080
0.372235
0.137421
0.204179
0.260171
0.196392
0.223203
0.315908
0.218800
0.348605
0.143131
0.199800
0.180552
0.161115
0.138366
0.196106
0.225473
0.341017
0.126339
0.099841
0.119216
0.235042
0.154282
0.244195
0.294751
0.337957
0.389610
0.172448
0.294996
0.310324
0.153352
0.180910
0.579811
0.325848
0.301136
0.398973
0.245136
0.456843
0.220093
0.295991
0.181306
0.354350
0.106592
0.154925
0.359860
0.429309
0.350632
0.116091
0.244089
0.286678
0.328467
0.163052
0.137878
0.258033
0.338677
0.212481
0.197589
0.422188
0.145457
0.281771
0.111814
0.241001
0.343664
0.212257
0.230551
0.176575
0.199376
0.257447
0.294560
0.447691
0.183852
0.209543
0.194319
0.238715
0.168260
0.293416
0.392341
0.281362
0.159075
0.177251
0.173867
0.144546
0.291861
0.188638
0.282123
0.270407
0.406123
0.306590
0.426774
0.183845
0.217863
0.282347
0.364396
0.239390
0.309860
0.450742
0.246053
0.427306
0.157986
0.141016
0.137997
0.194079
0.238255
0.263879
0.361046
0.326494
0.349372
0.371771
0.328577
0.240483
0.529968
0.336644
0.325697
0.313822
0.255855
0.382642
0.432373
0.365374
0.308190
0.213678
0.216074
0.255860
0.452292
0.217933
0.414821
0.590678
0.530417
0.740942
0.336589
0.270341
0.257595
0.382214
0.224627
0.375687
0.248454
0.429815
0.775183
0.525040
0.424433
0.277686
0.149470
0.192418