000000 0.001617
000001 0.005717
000010 0.008100
000011 0.001467
000100 0.000083
000101 0.007667
000110 0.000600
000111 0.001017
001000 0.002733
001001 0.005650
001010 0.076500
001011 0.012050
001100 0.000400
001101 0.010383
001110 0.002767
001111 0.002217
010000 0.003117
010001 0.003333
010010 0.176750
010011 0.005517
010100 0.004000
010101 0.049767
010110 0.032283
010111 0.016300
011000 0.000650
011001 0.000333
011010 0.059500
011011 0.000883
011100 0.000317
011101 0.004717
011110 0.003150
011111 0.001133
100000 0.001300
100001 0.003083
100010 0.004767
100011 0.000483
100100 0.000883
100101 0.059467
100110 0.000217
100111 0.000750
101000 0.016933
101001 0.032650
101010 0.046467
101011 0.003700
101100 0.005767
101101 0.176000
101110 0.003883
101111 0.003183
110000 0.002400
110001 0.002633
110010 0.009650
110011 0.000567
110100 0.012983
110101 0.075833
110110 0.005567
110111 0.002883
111000 0.001183
111001 0.000283
111010 0.007317
111011 0.000067
111100 0.001317
111101 0.008267
111110 0.005967
111111 0.001767
