0.008097
0.053331
0.007351
0.010020
0.009689
0.051974
0.002688
0.003851
0.000441
0.003232
0.001361
0.003265
0.000438
0.002543
0.000477
0.000879
0.000668
0.002540
0.002860
0.001949
0.002767
0.006791
0.002882
0.001977
0.000170
0.000768
0.005007
0.003184
0.000536
0.001686
0.003292
0.001814
0.004604
0.030932
0.001633
0.002310
0.027660
0.149840
0.003761
0.004450
0.000367
0.002882
0.000213
0.001304
0.001413
0.010050
0.000934
0.001441
0.000217
0.000829
0.000252
0.000395
0.005323
0.013598
0.002216
0.001466
0.000094
0.000526
0.000468
0.000731
0.001002
0.003586
0.001713
0.001716
0.000207
0.001304
0.000826
0.000964
0.000156
0.000806
0.000111
0.000165
0.000080
0.001021
0.003354
0.005899
0.000136
0.000226
0.000206
0.000328
0.000204
0.000472
0.002882
0.001076
0.000709
0.000685
0.002666
0.000722
0.000566
0.001575
0.133215
0.049665
0.001475
0.001784
0.056888
0.011523
0.000590
0.004143
0.000338
0.000447
0.002041
0.009586
0.000401
0.000591
0.000728
0.008299
0.003397
0.008906
0.000758
0.005565
0.001248
0.002466
0.000254
0.000761
0.000720
0.000525
0.003185
0.004155
0.002639
0.001155
0.001656
0.007769
0.032009
0.029765
0.010086
0.018430
0.052810
0.026224