0.000000
0.000002
0.000208
0.000063
0.000146
0.003196
0.008529
0.014539
0.000000
0.000000
0.000020
0.000015
0.001934
0.043872
0.014840
0.037455
0.000106
0.002134
0.000479
0.000774
0.000062
0.001440
0.000572
0.003046
0.000249
0.003704
0.000031
0.000266
0.000565
0.023818
0.000774
0.007788
0.000017
0.000000
0.000384
0.000183
0.000065
0.001266
0.003135
0.005386
0.000017
0.000078
0.000145
0.000061
0.002706
0.075554
0.017964
0.047725
0.000649
0.010191
0.001593
0.002789
0.000031
0.001135
0.000373
0.001505
0.003968
0.106572
0.001967
0.005547
0.002162
0.079988
0.001541
0.014082
0.004619
0.000432
0.178161
0.001769
0.000594
0.000643
0.013725
0.003100
0.001890
0.000138
0.005761
0.000112
0.001884
0.005715
0.008801
0.004658
0.008630
0.005901
0.053493
0.003784
0.000218
0.000317
0.001000
0.000616
0.004549
0.005322
0.003296
0.000523
0.000353
0.002009
0.000360
0.000790
0.000982
0.000135
0.023455
0.000312
0.000130
0.000203
0.001721
0.000481
0.001783
0.000215
0.005093
0.000128
0.000983
0.003859
0.004219
0.002768
0.003312
0.005865
0.010953
0.002015
0.000035
0.000127
0.000125
0.000150
0.009892
0.027713
0.004819
0.001878
0.000397
0.002824
0.000287
0.000577