00000000 0.000000
00000001 0.000000
00000010 0.000000
00000011 0.000013
00000100 0.000037
00000101 0.000025
00000110 0.000037
00000111 0.000600
00001000 0.000000
00001001 0.000000
00001010 0.000000
00001011 0.000000
00001100 0.000100
00001101 0.000138
00001110 0.000050
00001111 0.000037
00010000 0.000013
00010001 0.000000
00010010 0.002250
00010011 0.001988
00010100 0.000150
00010101 0.000000
00010110 0.000212
00010111 0.001863
00011000 0.000338
00011001 0.000175
00011010 0.037875
00011011 0.010063
00011100 0.003587
00011101 0.003938
00011110 0.003075
00011111 0.018425
00100000 0.000000
00100001 0.000000
00100010 0.000050
00100011 0.001550
00100100 0.000037
00100101 0.000287
00100110 0.000000
00100111 0.005562
00101000 0.000013
00101001 0.000013
00101010 0.000000
00101011 0.000212
00101100 0.000000
00101101 0.005750
00101110 0.000000
00101111 0.004200
00110000 0.000000
00110001 0.000000
00110010 0.000175
00110011 0.015338
00110100 0.000000
00110101 0.000025
00110110 0.000000
00110111 0.001300
00111000 0.000037
00111001 0.000375
00111010 0.000713
00111011 0.043375
00111100 0.000025
00111101 0.006938
00111110 0.000000
00111111 0.012238
01000000 0.000538
01000001 0.000000
01000010 0.025175
01000011 0.006137
01000100 0.011388
01000101 0.000100
01000110 0.007875
01000111 0.018138
01001000 0.000000
01001001 0.000000
01001010 0.000112
01001011 0.000000
01001100 0.000375
01001101 0.000000
01001110 0.000075
01001111 0.000000
01010000 0.001350
01010001 0.000000
01010010 0.154012
01010011 0.009325
01010100 0.001737
01010101 0.000000
01010110 0.006350
01010111 0.006600
01011000 0.000100
01011001 0.000063
01011010 0.018038
01011011 0.000775
01011100 0.003275
01011101 0.000287
01011110 0.001437
01011111 0.000675
01100000 0.000212
01100001 0.000013
01100010 0.006025
01100011 0.022787
01100100 0.000138
01100101 0.000013
01100110 0.000188
01100111 0.007963
01101000 0.000013
01101001 0.000000
01101010 0.000000
01101011 0.000100
01101100 0.000000
01101101 0.000000
01101110 0.000000
01101111 0.000000
01110000 0.000000
01110001 0.000000
01110010 0.000275
01110011 0.002425
01110100 0.000000
01110101 0.000000
01110110 0.000000
01110111 0.000287
01111000 0.000000
01111001 0.000000
01111010 0.000138
01111011 0.000037
01111100 0.000000
01111101 0.000000
01111110 0.000000
01111111 0.000000
10000000 0.000000
10000001 0.000000
10000010 0.000000
10000011 0.000000
10000100 0.000100
10000101 0.000112
10000110 0.000000
10000111 0.000000
10001000 0.000262
10001001 0.000000
10001010 0.000000
10001011 0.000000
10001100 0.002437
10001101 0.000300
10001110 0.000000
10001111 0.000000
10010000 0.000000
10010001 0.000000
10010010 0.000000
10010011 0.000000
10010100 0.000075
10010101 0.000013
10010110 0.000000
10010111 0.000000
10011000 0.007888
10011001 0.000087
10011010 0.000075
10011011 0.000212
10011100 0.022838
10011101 0.006075
10011110 0.000050
10011111 0.000237
10100000 0.000600
10100001 0.001700
10100010 0.000250
10100011 0.002887
10100100 0.000612
10100101 0.018225
10100110 0.000013
10100111 0.000125
10101000 0.006100
10101001 0.005700
10101010 0.000050
10101011 0.001912
10101100 0.008800
10101101 0.158238
10101110 0.000000
10101111 0.001213
10110000 0.000000
10110001 0.000075
10110010 0.000000
10110011 0.000450
10110100 0.000000
10110101 0.000112
10110110 0.000000
10110111 0.000000
10111000 0.017900
10111001 0.008488
10111010 0.000063
10111011 0.011200
10111100 0.006613
10111101 0.024625
10111110 0.000000
10111111 0.000638
11000000 0.011925
11000001 0.000013
11000010 0.006625
11000011 0.000037
11000100 0.042037
11000101 0.000713
11000110 0.000362
11000111 0.000100
11001000 0.001388
11001001 0.000000
11001010 0.000000
11001011 0.000000
11001100 0.015125
11001101 0.000175
11001110 0.000000
11001111 0.000000
11010000 0.004500
11010001 0.000000
11010010 0.005812
11010011 0.000000
11010100 0.000275
11010101 0.000000
11010110 0.000025
11010111 0.000000
11011000 0.005550
11011001 0.000013
11011010 0.000287
11011011 0.000063
11011100 0.001788
11011101 0.000075
11011110 0.000000
11011111 0.000000
11100000 0.018888
11100001 0.003050
11100010 0.003750
11100011 0.003775
11100100 0.010250
11100101 0.037425
11100110 0.000225
11100111 0.000362
11101000 0.001713
11101001 0.000150
11101010 0.000000
11101011 0.000100
11101100 0.002087
11101101 0.002400
11101110 0.000000
11101111 0.000100
11110000 0.000013
11110001 0.000050
11110010 0.000162
11110011 0.000087
11110100 0.000000
11110101 0.000013
11110110 0.000000
11110111 0.000000
11111000 0.000800
11111001 0.000063
11111010 0.000013
11111011 0.000037
11111100 0.000000
11111101 0.000000
11111110 0.000000
11111111 0.000000
