000000 0.040300
000001 0.002383
000010 0.003367
000011 0.000200
000100 0.158983
000101 0.006750
000110 0.013850
000111 0.000550
001000 0.012100
001001 0.000117
001010 0.001117
001011 0.000033
001100 0.047433
001101 0.000300
001110 0.003983
001111 0.000050
010000 0.000517
010001 0.007300
010010 0.000150
010011 0.001817
010100 0.001433
010101 0.009217
010110 0.000300
010111 0.004817
011000 0.024167
011001 0.024300
011010 0.004733
011011 0.006067
011100 0.049033
011101 0.039983
011110 0.015383
011111 0.016717
100000 0.015750
100001 0.015517
100010 0.041067
100011 0.050033
100100 0.006400
100101 0.004650
100110 0.025750
100111 0.024517
101000 0.004700
101001 0.000417
101010 0.008383
101011 0.001500
101100 0.001350
101101 0.000067
101110 0.007717
101111 0.000583
110000 0.000033
110001 0.004400
110010 0.000183
110011 0.047767
110100 0.000000
110101 0.001000
110110 0.000067
110111 0.012100
111000 0.000483
111001 0.013867
111010 0.008083
111011 0.158450
111100 0.000217
111101 0.003183
111110 0.003000
111111 0.040250
