00000000 0.001262
00000001 0.000013
00000010 0.000937
00000011 0.000037
00000100 0.000037
00000101 0.000000
00000110 0.000000
00000111 0.000000
00001000 0.000075
00001001 0.000000
00001010 0.000075
00001011 0.000000
00001100 0.000063
00001101 0.000000
00001110 0.000000
00001111 0.000000
00010000 0.000188
00010001 0.000063
00010010 0.001012
00010011 0.000463
00010100 0.001262
00010101 0.000050
00010110 0.000000
00010111 0.000013
00011000 0.000000
00011001 0.000000
00011010 0.000013
00011011 0.000037
00011100 0.000050
00011101 0.000050
00011110 0.000050
00011111 0.000075
00100000 0.000000
00100001 0.000000
00100010 0.000237
00100011 0.000000
00100100 0.000013
00100101 0.000000
00100110 0.000000
00100111 0.000000
00101000 0.000000
00101001 0.000000
00101010 0.000050
00101011 0.000000
00101100 0.000000
00101101 0.000000
00101110 0.000013
00101111 0.000000
00110000 0.000037
00110001 0.000025
00110010 0.005163
00110011 0.070000
00110100 0.003387
00110101 0.002650
00110110 0.009113
00110111 0.121675
00111000 0.000000
00111001 0.000000
00111010 0.000000
00111011 0.002938
00111100 0.000200
00111101 0.000300
00111110 0.000750
00111111 0.053213
01000000 0.000325
01000001 0.000013
01000010 0.000338
01000011 0.000150
01000100 0.000000
01000101 0.000000
01000110 0.000000
01000111 0.000000
01001000 0.016700
01001001 0.001463
01001010 0.006425
01001011 0.004650
01001100 0.012138
01001101 0.001250
01001110 0.000638
01001111 0.000562
01010000 0.000000
01010001 0.000000
01010010 0.000000
01010011 0.000050
01010100 0.000000
01010101 0.000037
01010110 0.000000
01010111 0.000013
01011000 0.000000
01011001 0.000013
01011010 0.000037
01011011 0.000237
01011100 0.000737
01011101 0.001350
01011110 0.000287
01011111 0.001087
01100000 0.000000
01100001 0.000000
01100010 0.000362
01100011 0.000275
01100100 0.000000
01100101 0.000000
01100110 0.000063
01100111 0.000013
01101000 0.000087
01101001 0.000037
01101010 0.001187
01101011 0.004513
01101100 0.001112
01101101 0.000538
01101110 0.001400
01101111 0.002662
01110000 0.000000
01110001 0.000000
01110010 0.000125
01110011 0.002200
01110100 0.000000
01110101 0.000375
01110110 0.000212
01110111 0.005025
01111000 0.000000
01111001 0.000000
01111010 0.000325
01111011 0.008663
01111100 0.003237
01111101 0.009012
01111110 0.004213
01111111 0.126625
10000000 0.127612
10000001 0.004350
10000010 0.008863
10000011 0.002988
10000100 0.008363
10000101 0.000212
10000110 0.000025
10000111 0.000000
10001000 0.004888
10001001 0.000275
10001010 0.000387
10001011 0.000025
10001100 0.002237
10001101 0.000112
10001110 0.000000
10001111 0.000000
10010000 0.002612
10010001 0.001512
10010010 0.000538
10010011 0.000900
10010100 0.004488
10010101 0.000975
10010110 0.000025
10010111 0.000063
10011000 0.000000
10011001 0.000050
10011010 0.000025
10011011 0.000025
10011100 0.000387
10011101 0.000275
10011110 0.000000
10011111 0.000025
10100000 0.001275
10100001 0.000200
10100010 0.001175
10100011 0.000725
10100100 0.000262
10100101 0.000037
10100110 0.000025
10100111 0.000000
10101000 0.000000
10101001 0.000000
10101010 0.000000
10101011 0.000000
10101100 0.000138
10101101 0.000000
10101110 0.000000
10101111 0.000000
10110000 0.000562
10110001 0.000500
10110010 0.001000
10110011 0.012712
10110100 0.004500
10110101 0.006275
10110110 0.001262
10110111 0.017050
10111000 0.000000
10111001 0.000000
10111010 0.000000
10111011 0.000013
10111100 0.000100
10111101 0.000200
10111110 0.000013
10111111 0.000225
11000000 0.055800
11000001 0.000588
11000010 0.000425
11000011 0.000237
11000100 0.003250
11000101 0.000000
11000110 0.000000
11000111 0.000000
11001000 0.123350
11001001 0.009912
11001010 0.002375
11001011 0.003575
11001100 0.069413
11001101 0.005962
11001110 0.000013
11001111 0.000037
11010000 0.000000
11010001 0.000000
11010010 0.000000
11010011 0.000000
11010100 0.000000
11010101 0.000013
11010110 0.000000
11010111 0.000000
11011000 0.000000
11011001 0.000025
11011010 0.000000
11011011 0.000013
11011100 0.000013
11011101 0.000262
11011110 0.000000
11011111 0.000000
11100000 0.000013
11100001 0.000025
11100010 0.000075
11100011 0.000050
11100100 0.000013
11100101 0.000050
11100110 0.000000
11100111 0.000000
11101000 0.000013
11101001 0.000037
11101010 0.000050
11101011 0.001125
11101100 0.000562
11101101 0.000888
11101110 0.000037
11101111 0.000200
11110000 0.000000
11110001 0.000013
11110010 0.000000
11110011 0.000013
11110100 0.000025
11110101 0.000150
11110110 0.000000
11110111 0.000100
11111000 0.000000
11111001 0.000000
11111010 0.000000
11111011 0.000050
11111100 0.000025
11111101 0.000713
11111110 0.000000
11111111 0.001213
