0.008729
0.017008
0.019066
0.021266
0.020310
0.094558
0.003513
0.009640
0.000332
0.000749
0.003161
0.002369
0.005235
0.026116
0.002890
0.006836
0.011648
0.015399
0.013591
0.009178
0.021415
0.055488
0.002419
0.004008
0.004770
0.005597
0.018330
0.010196
0.044896
0.113671
0.014531
0.024686
0.001701
0.001598
0.091610
0.021986
0.000599
0.002193
0.002816
0.003313
0.000236
0.000192
0.040541
0.009579
0.001147
0.004185
0.006892
0.007800
0.000871
0.000702
0.026538
0.005858
0.000567
0.001086
0.001279
0.000938
0.001084
0.000779
0.076085
0.018078
0.005761
0.016298
0.018734
0.017360