0.000032
0.000729
0.000072
0.001991
0.000209
0.001217
0.000244
0.002172
0.000000
0.000026
0.000091
0.000051
0.000589
0.000280
0.000593
0.000373
0.000113
0.001681
0.000431
0.017445
0.000055
0.000359
0.000226
0.002436
0.000028
0.000027
0.000468
0.000263
0.000196
0.000039
0.000339
0.000266
0.000013
0.000497
0.000187
0.008047
0.000066
0.000484
0.000121
0.004748
0.000013
0.000052
0.000318
0.001818
0.000301
0.000287
0.001100
0.002395
0.000044
0.001180
0.001062
0.108832
0.000014
0.000200
0.000325
0.007954
0.000052
0.000173
0.003011
0.021950
0.000114
0.000115
0.001444
0.003627
0.001325
0.002864
0.001287
0.003979
0.003223
0.002776
0.001673
0.002632
0.000320
0.000024
0.000246
0.000042
0.002335
0.000228
0.001044
0.000199
0.003754
0.007027
0.005465
0.022528
0.002210
0.002055
0.002116
0.004046
0.000555
0.000049
0.001177
0.000180
0.001488
0.000105
0.001073
0.000186
0.000153
0.001911
0.000786
0.009614
0.000295
0.000967
0.000836
0.004614
0.000275
0.000099
0.000829
0.001194
0.000835
0.000300
0.001451
0.001241
0.000368
0.004525
0.004394
0.085185
0.000221
0.000984
0.000897
0.007374
0.000391
0.000317
0.005955
0.010293
0.000429
0.000259
0.002136
0.001929
0.000354
0.001181
0.000039
0.000332
0.003824
0.006057
0.000479
0.001402
0.001669
0.000349
0.000310
0.000026
0.073980
0.006014
0.012648
0.001573
0.000174
0.000680
0.000107
0.001340
0.000457
0.001086
0.000214
0.001142
0.000570
0.000121
0.000604
0.000245
0.006221
0.000616
0.003016
0.000522
0.000103
0.000956
0.000028
0.001045
0.000397
0.003223
0.000288
0.002224
0.001382
0.001359
0.000887
0.001508
0.023322
0.011038
0.014152
0.010281
0.000047
0.000732
0.000071
0.005917
0.000041
0.000550
0.000156
0.002312
0.000458
0.000902
0.002346
0.006635
0.002526
0.001628
0.004171
0.005987
0.002703
0.002510
0.000469
0.000527
0.022079
0.009865
0.002282
0.001447
0.004691
0.000217
0.000517
0.000020
0.114598
0.003351
0.012515
0.000546
0.002842
0.002708
0.001031
0.001797
0.005393
0.002955
0.001092
0.001361
0.003608
0.000214
0.001532
0.000133
0.019927
0.000847
0.004809
0.000198
0.000301
0.001499
0.000115
0.000817
0.001316
0.003649
0.000563
0.001725
0.003026
0.000679
0.001417
0.000555
0.028124
0.005975
0.010765
0.003865
0.000418
0.002003
0.000568
0.005096
0.000413
0.001240
0.000491
0.002554
0.002210
0.000898
0.003641
0.003362
0.006507
0.001661
0.005886
0.002990