000000 0.000883
000001 0.000100
000010 0.001533
000011 0.002400
000100 0.010050
000101 0.000117
000110 0.200167
000111 0.007017
001000 0.000133
001001 0.000617
001010 0.000167
001011 0.025117
001100 0.000550
001101 0.001483
001110 0.013567
001111 0.127850
010000 0.003350
010001 0.002200
010010 0.000467
010011 0.001133
010100 0.011583
010101 0.002067
010110 0.003233
010111 0.001383
011000 0.000233
011001 0.026900
011010 0.000017
011011 0.013817
011100 0.001133
011101 0.024783
011110 0.000267
011111 0.015650
100000 0.017250
100001 0.000200
100010 0.024717
100011 0.001017
100100 0.013800
100101 0.000000
100110 0.027500
100111 0.000217
101000 0.001383
101001 0.003233
101010 0.002233
101011 0.012000
101100 0.000800
101101 0.000300
101110 0.001983
101111 0.003667
110000 0.129467
110001 0.011750
110010 0.001667
110011 0.000517
110100 0.025917
110101 0.000133
110110 0.000567
110111 0.000050
111000 0.007800
111001 0.196533
111010 0.000133
111011 0.009817
111100 0.002100
111101 0.001267
111110 0.000150
111111 0.000800
