0.005822
0.000200
0.000130
0.000019
0.134101
0.006271
0.002224
0.000073
0.000322
0.000062
0.000070
0.000006
0.003522
0.000414
0.000237
0.000031
0.000319
0.000000
0.000392
0.000015
0.004860
0.000228
0.001543
0.000094
0.000196
0.000077
0.002383
0.000921
0.001395
0.000362
0.002585
0.000631
0.001510
0.000252
0.000025
0.000031
0.127877
0.183227
0.001819
0.003147
0.000093
0.000045
0.000002
0.000031
0.001825
0.002894
0.000080
0.000266
0.000023
0.000000
0.000139
0.000121
0.005484
0.007807
0.002416
0.004052
0.000051
0.000025
0.000521
0.000910
0.001187
0.001550
0.001568
0.003899
0.002143
0.000201
0.000290
0.000042
0.009198
0.000615
0.000739
0.000068
0.003280
0.001630
0.003037
0.004920
0.003603
0.001234
0.001442
0.001121
0.000028
0.000000
0.000080
0.000021
0.000119
0.000033
0.000124
0.000040
0.000670
0.000293
0.138681
0.148676
0.000251
0.000126
0.001532
0.001211
0.000172
0.000247
0.000023
0.000066
0.005681
0.014102
0.000433
0.001278
0.000140
0.001158
0.000107
0.005934
0.000735
0.005185
0.000205
0.004978
0.000023
0.000000
0.000058
0.000123
0.000179
0.000328
0.000316
0.000867
0.000018
0.000108
0.003726
0.090097
0.000075
0.000503
0.000658
0.014646