0.001034
0.000539
0.000837
0.003805
0.000277
0.000042
0.000930
0.002045
0.000223
0.000266
0.000272
0.003475
0.001068
0.000506
0.008832
0.074531
0.191091
0.036126
0.004983
0.006618
0.005704
0.001066
0.001409
0.001169
0.041832
0.012206
0.001679
0.003347
0.012621
0.004261
0.005882
0.011797
0.002156
0.001067
0.002437
0.007810
0.001615
0.000515
0.015064
0.024266
0.000356
0.000092
0.000545
0.002141
0.003612
0.001299
0.056960
0.207405
0.086552
0.038552
0.004858
0.008615
0.011498
0.002874
0.004720
0.005306
0.011676
0.005134
0.000951
0.002324
0.013578
0.005809
0.010605
0.019136