0.121143
0.003461
0.003191
0.000291
0.080669
0.002011
0.003538
0.000359
0.005247
0.000119
0.000347
0.000022
0.011235
0.000281
0.001331
0.000174
0.007901
0.000621
0.000723
0.000321
0.005566
0.000452
0.000910
0.000452
0.001622
0.000171
0.000246
0.000253
0.003145
0.000438
0.001323
0.001275
0.106352
0.003152
0.004976
0.000740
0.016403
0.000600
0.001077
0.000141
0.005226
0.000170
0.000665
0.000150
0.001223
0.000016
0.000342
0.000079
0.009717
0.001108
0.001371
0.000820
0.001421
0.000168
0.000432
0.000173
0.002334
0.000404
0.000872
0.000863
0.000574
0.000138
0.000436
0.000532
0.026575
0.000711
0.000774
0.000095
0.010311
0.000270
0.000540
0.000045
0.008843
0.000195
0.000549
0.000070
0.008349
0.000218
0.001253
0.000242
0.002257
0.000106
0.000197
0.000092
0.000755
0.000083
0.000194
0.000096
0.003053
0.000426
0.001097
0.000594
0.003330
0.000545
0.002373
0.002884
0.024393
0.000680
0.001206
0.000134
0.002403
0.000052
0.000215
0.000031
0.008486
0.000211
0.001262
0.000280
0.001372
0.000032
0.000330
0.000086
0.002776
0.000381
0.000480
0.000350
0.000369
0.000055
0.000124
0.000099
0.005345
0.000892
0.002749
0.002633
0.000731
0.000212
0.001104
0.001211
0.002689
0.000528
0.000468
0.000361
0.001950
0.000379
0.000413
0.000602
0.000517
0.000075
0.000175
0.000188
0.000863
0.000188
0.000615
0.001836
0.000144
0.000146
0.000006
0.000146
0.000083
0.000143
0.000107
0.000485
0.000081
0.000056
0.000052
0.000405
0.000214
0.000220
0.000314
0.020226
0.003376
0.001138
0.001046
0.001506
0.000595
0.000118
0.000333
0.000531
0.000452
0.000241
0.000501
0.001191
0.000176
0.000061
0.000280
0.001022
0.000251
0.000454
0.000199
0.002396
0.000041
0.000107
0.000097
0.000788
0.000160
0.000351
0.000087
0.008569
0.000052
0.000045
0.000119
0.015089
0.000795
0.000155
0.000123
0.000115
0.000226
0.000096
0.000098
0.000107
0.001160
0.000140
0.000392
0.000438
0.001372
0.000279
0.000979
0.003649
0.000060
0.000072
0.000011
0.000051
0.000023
0.000007
0.000010
0.000097
0.000254
0.000366
0.000198
0.003332
0.000425
0.000447
0.000873
0.101417
0.000933
0.000327
0.000275
0.000461
0.000109
0.000044
0.000072
0.000110
0.001493
0.000478
0.001427
0.004358
0.000272
0.000080
0.000601
0.002580
0.000120
0.000118
0.000094
0.000914
0.000000
0.000001
0.000000
0.000205
0.000544
0.001264
0.001302
0.121713
0.000133
0.000297
0.000539
0.105995