0.014460
0.002994
0.006061
0.001004
0.001318
0.006729
0.000317
0.001694
0.006774
0.001239
0.041782
0.007007
0.000248
0.000661
0.001323
0.002960
0.012636
0.002493
0.005632
0.001002
0.000950
0.005235
0.000257
0.001452
0.009793
0.002065
0.063868
0.011506
0.000367
0.001010
0.001932
0.005387
0.006764
0.002041
0.002858
0.000622
0.002590
0.013877
0.000556
0.003102
0.001477
0.000510
0.006976
0.002277
0.000262
0.000763
0.000750
0.002872
0.020817
0.006419
0.007745
0.002673
0.006973
0.040404
0.001945
0.009054
0.006517
0.001792
0.032288
0.009307
0.000555
0.003058
0.003204
0.010940
0.003335
0.001622
0.001561
0.000653
0.004001
0.028097
0.001330
0.009422
0.006646
0.001466
0.046448
0.013468
0.001039
0.003962
0.004740
0.019108
0.001269
0.000576
0.000567
0.000181
0.001279
0.008975
0.000577
0.003282
0.004255
0.001176
0.034813
0.009946
0.000527
0.002365
0.003621
0.011504
0.001256
0.000735
0.000703
0.000316
0.009653
0.076487
0.003659
0.024627
0.000946
0.000425
0.004688
0.002272
0.000951
0.006502
0.003296
0.021648
0.001590
0.000967
0.000627
0.000250
0.009656
0.075126
0.003089
0.023962
0.001715
0.000733
0.010250
0.003986
0.001444
0.007667
0.005321
0.029503