0.002516
0.000495
0.000725
0.000340
0.011405
0.000677
0.125954
0.012162
0.011904
0.032241
0.001274
0.007798
0.007452
0.005429
0.009788
0.012528
0.002197
0.000564
0.002692
0.002037
0.001847
0.000314
0.031855
0.008323
0.029582
0.115969
0.007317
0.046973
0.007673
0.009481
0.009636
0.030835
0.006511
0.003633
0.000441
0.000616
0.019375
0.005238
0.058871
0.018925
0.005678
0.027190
0.000290
0.002102
0.003023
0.003810
0.002099
0.004668
0.017246
0.014219
0.002594
0.004890
0.012483
0.005856
0.026552
0.020562
0.019793
0.120714
0.001702
0.014682
0.004935
0.009049
0.001959
0.010311