0.000124
0.000013
0.000137
0.000077
0.000053
0.000013
0.000287
0.000334
0.000000
0.000000
0.000000
0.000000
0.000000
0.000000
0.000023
0.000015
0.000268
0.000047
0.000502
0.000365
0.000072
0.000083
0.001454
0.001150
0.000090
0.000028
0.000091
0.000033
0.000024
0.000029
0.000319
0.000213
0.002279
0.001773
0.001521
0.004918
0.000201
0.000224
0.000679
0.002657
0.000048
0.000023
0.000068
0.000071
0.000011
0.000000
0.000025
0.000136
0.012966
0.010764
0.008505
0.030528
0.000782
0.000999
0.003357
0.013028
0.000301
0.000269
0.000261
0.000836
0.000072
0.000042
0.000331
0.000970
0.003361
0.000150
0.000327
0.000079
0.020701
0.002805
0.006915
0.004797
0.024685
0.001105
0.001618
0.000321
0.159064
0.023809
0.040182
0.040511
0.000340
0.000000
0.000112
0.000018
0.001929
0.000335
0.001244
0.001107
0.003225
0.000086
0.000222
0.000021
0.019591
0.003677
0.006558
0.006560
0.000386
0.000144
0.000076
0.000129
0.000654
0.000608
0.000460
0.001641
0.000808
0.000219
0.000061
0.000067
0.003555
0.002971
0.001149
0.005922
0.000105
0.000055
0.000043
0.000058
0.000097
0.000129
0.000180
0.000555
0.000155
0.000078
0.000014
0.000040
0.000491
0.000489
0.000344
0.001186
0.000000
0.000000
0.000013
0.000000
0.000004
0.000000
0.000039
0.000029
0.000000
0.000000
0.000000
0.000000
0.000000
0.000000
0.000000
0.000006
0.000013
0.000000
0.000066
0.000094
0.000041
0.000045
0.000325
0.000405
0.000030
0.000011
0.000153
0.000102
0.000030
0.000006
0.000623
0.001131
0.000625
0.001092
0.000673
0.003226
0.000055
0.000042
0.000333
0.001135
0.000093
0.000070
0.000041
0.000240
0.000005
0.000002
0.000086
0.000223
0.016872
0.037305
0.024486
0.160591
0.000661
0.001641
0.006746
0.033259
0.002719
0.005128
0.005825
0.025125
0.000217
0.000481
0.004430
0.014006
0.000098
0.000013
0.000026
0.000001
0.000308
0.000163
0.000395
0.000558
0.002743
0.000420
0.000227
0.000025
0.017222
0.007585
0.008728
0.017468
0.000045
0.000012
0.000013
0.000028
0.000302
0.000135
0.000233
0.000535
0.001611
0.000148
0.000334
0.000131
0.009252
0.005114
0.007180
0.014006
0.000073
0.000058
0.000067
0.000073
0.000178
0.000324
0.000159
0.000825
0.000530
0.000503
0.000038
0.000148
0.002545
0.004960
0.001225
0.011172
0.000160
0.000176
0.000059
0.000236
0.000159
0.000320
0.000367
0.001548
0.000702
0.000599
0.000311
0.000507
0.002075
0.004624
0.002138
0.014671