0.000068
0.001063
0.000741
0.008702
0.010642
0.019827
0.005472
0.016278
0.000304
0.000499
0.002312
0.004280
0.001965
0.002231
0.001378
0.002051
0.000000
0.000015
0.000252
0.000203
0.000941
0.000366
0.001004
0.000644
0.000763
0.000313
0.010015
0.004491
0.002008
0.000419
0.002620
0.000748
0.000081
0.002197
0.000357
0.023971
0.002739
0.027107
0.001821
0.027751
0.000656
0.004819
0.004002
0.047177
0.001827
0.011577
0.001667
0.015275
0.000000
0.000060
0.000108
0.001343
0.000353
0.000749
0.000502
0.001601
0.005628
0.006350
0.087067
0.093329
0.003806
0.003639
0.007486
0.007592
0.001312
0.001496
0.001693
0.002318
0.101042
0.025711
0.016533
0.006211
0.000473
0.000260
0.001031
0.000557
0.005903
0.001242
0.000960
0.000421
0.001229
0.000278
0.002794
0.000806
0.069555
0.003506
0.015206
0.001416
0.004540
0.000538
0.010331
0.001754
0.023689
0.001313
0.006853
0.000431
0.000324
0.003042
0.000496
0.005244
0.008767
0.027452
0.002033
0.008716
0.000281
0.001861
0.000876
0.003929
0.001997
0.006615
0.000537
0.002735
0.000375
0.000473
0.001235
0.001579
0.007957
0.003706
0.002661
0.001551
0.012675
0.006201
0.030654
0.017647
0.015974
0.005671
0.006293
0.003786