0.006773
0.008751
0.001849
0.002268
0.001494
0.002138
0.000234
0.000403
0.078427
0.034357
0.098488
0.040064
0.037489
0.015794
0.018716
0.007520
0.035104
0.077238
0.002120
0.006156
0.006379
0.017049
0.000308
0.001598
0.003353
0.003345
0.004167
0.003473
0.002359
0.002625
0.001333
0.001404
0.001050
0.001224
0.002312
0.002688
0.002259
0.002403
0.001569
0.002502
0.002104
0.001211
0.031082
0.014104
0.013021
0.006235
0.062354
0.028984
0.019362
0.040521
0.017018
0.035167
0.024796
0.059698
0.013517
0.048777
0.000172
0.000233
0.002607
0.002884
0.001723
0.002742
0.014087
0.018819