0.073600
0.014107
0.013332
0.001034
0.005157
0.005906
0.001790
0.000785
0.002473
0.002399
0.000509
0.000084
0.000289
0.002109
0.000071
0.000169
0.016616
0.001890
0.012761
0.000573
0.000689
0.000890
0.000885
0.000177
0.006640
0.008082
0.006585
0.001330
0.000344
0.005058
0.000552
0.001095
0.091919
0.020730
0.037935
0.003480
0.007899
0.011970
0.010002
0.005206
0.003051
0.003388
0.001265
0.000381
0.000275
0.003904
0.000336
0.000710
0.020084
0.002890
0.030523
0.001621
0.001047
0.001376
0.004911
0.001411
0.006113
0.006469
0.010591
0.003180
0.000531
0.006856
0.001380
0.003759
0.005977
0.003138
0.004621
0.000435
0.001590
0.006060
0.006881
0.006325
0.000594
0.001829
0.000603
0.000110
0.000242
0.012411
0.000733
0.005932
0.001304
0.000561
0.008411
0.000383
0.000298
0.000938
0.007959
0.004102
0.002384
0.008593
0.012927
0.003207
0.000847
0.032587
0.013406
0.083774
0.003467
0.002057
0.008790
0.001345
0.001275
0.005427
0.018459
0.019207
0.000232
0.000844
0.000748
0.000201
0.000282
0.007905
0.001726
0.011562
0.000770
0.000258
0.010235
0.000688
0.000181
0.000855
0.012271
0.008427
0.000882
0.002812
0.009643
0.003265
0.000360
0.018263
0.014729
0.100498