0.011145
0.019880
0.014048
0.053208
0.013164
0.018617
0.005761
0.018231
0.004893
0.053840
0.001023
0.063099
0.004733
0.045037
0.000480
0.019949
0.005086
0.002026
0.006981
0.005378
0.038398
0.010478
0.019586
0.010728
0.001132
0.002861
0.000829
0.004363
0.009926
0.015778
0.002257
0.009399
0.000907
0.000859
0.010475
0.014502
0.001302
0.000809
0.004322
0.004008
0.005519
0.012106
0.005430
0.036408
0.007043
0.012015
0.002503
0.012947
0.003345
0.000364
0.029282
0.008431
0.028962
0.002104
0.062856
0.012466
0.008562
0.003364
0.019716
0.014861
0.079335
0.019031
0.052892
0.030957