0.001227
0.008448
0.000343
0.002939
0.003952
0.000463
0.001033
0.000187
0.000134
0.005023
0.000397
0.019979
0.000177
0.000071
0.000538
0.000260
0.000845
0.002666
0.000268
0.001142
0.051570
0.001334
0.011625
0.000563
0.000171
0.001569
0.000796
0.009073
0.002449
0.000472
0.007649
0.001839
0.002080
0.012913
0.000866
0.007740
0.007396
0.001155
0.003685
0.000494
0.000900
0.030257
0.003419
0.153258
0.001885
0.000769
0.006736
0.003553
0.000238
0.001494
0.000253
0.000955
0.024255
0.001154
0.010480
0.000714
0.000548
0.004184
0.001793
0.022072
0.006277
0.001378
0.023658
0.006391
0.000716
0.014015
0.000114
0.005549
0.006913
0.003775
0.001670
0.001385
0.000010
0.006526
0.000153
0.027328
0.000298
0.000819
0.001219
0.002873
0.000387
0.006030
0.000170
0.002109
0.113207
0.013523
0.026711
0.005692
0.000071
0.003177
0.000219
0.014118
0.006346
0.003730
0.019023
0.014592
0.000426
0.006247
0.000159
0.004163
0.004632
0.002555
0.002110
0.001558
0.000143
0.011341
0.000515
0.055621
0.001446
0.001795
0.004910
0.008114
0.000058
0.001401
0.000070
0.000767
0.020278
0.004446
0.008287
0.002314
0.000080
0.002906
0.000488
0.015011
0.006429
0.004934
0.022961
0.019214