0000000 0.000029
0000001 0.002586
0000010 0.000000
0000011 0.000700
0000100 0.000043
0000101 0.000214
0000110 0.000014
0000111 0.000014
0001000 0.000029
0001001 0.000814
0001010 0.000014
0001011 0.000314
0001100 0.000029
0001101 0.000157
0001110 0.000000
0001111 0.000014
0010000 0.012086
0010001 0.086186
0010010 0.000129
0010011 0.002429
0010100 0.004486
0010101 0.003114
0010110 0.000086
0010111 0.000000
0011000 0.019714
0011001 0.050200
0011010 0.000271
0011011 0.001729
0011100 0.007914
0011101 0.002057
0011110 0.000414
0011111 0.000029
0100000 0.000143
0100001 0.003057
0100010 0.000286
0100011 0.060914
0100100 0.000757
0100101 0.000200
0100110 0.006600
0100111 0.011843
0101000 0.000229
0101001 0.002886
0101010 0.001400
0101011 0.078586
0101100 0.001414
0101101 0.000743
0101110 0.037029
0101111 0.021171
0110000 0.001300
0110001 0.016514
0110010 0.000386
0110011 0.008029
0110100 0.000900
0110101 0.000057
0110110 0.000243
0110111 0.000014
0111000 0.005257
0111001 0.027329
0111010 0.001886
0111011 0.010857
0111100 0.002743
0111101 0.000200
0111110 0.001429
0111111 0.000043
1000000 0.000086
1000001 0.001600
1000010 0.000143
1000011 0.003029
1000100 0.010529
1000101 0.002400
1000110 0.025886
1000111 0.005914
1001000 0.000000
1001001 0.000343
1001010 0.000114
1001011 0.000800
1001100 0.008286
1001101 0.000371
1001110 0.016071
1001111 0.001300
1010000 0.021200
1010001 0.038729
1010010 0.000843
1010011 0.001500
1010100 0.077800
1010101 0.001400
1010110 0.002200
1010111 0.000157
1011000 0.011486
1011001 0.006543
1011010 0.000414
1011011 0.000971
1011100 0.060086
1011101 0.000243
1011110 0.002843
1011111 0.000114
1100000 0.000057
1100001 0.000329
1100010 0.002100
1100011 0.008143
1100100 0.001357
1100101 0.000271
1100110 0.049614
1100111 0.020043
1101000 0.000000
1101001 0.000171
1101010 0.002757
1101011 0.004643
1101100 0.002943
1101101 0.000071
1101110 0.084643
1101111 0.012357
1110000 0.000000
1110001 0.000000
1110010 0.000114
1110011 0.000000
1110100 0.000300
1110101 0.000000
1110110 0.000900
1110111 0.000000
1111000 0.000100
1111001 0.000029
1111010 0.000271
1111011 0.000014
1111100 0.000757
1111101 0.000000
1111110 0.002529
1111111 0.000043
