00000000 0.000075
00000001 0.000175
00000010 0.000200
00000011 0.000513
00000100 0.000037
00000101 0.000000
00000110 0.000025
00000111 0.000000
00001000 0.000013
00001001 0.000025
00001010 0.000013
00001011 0.000612
00001100 0.000063
00001101 0.000000
00001110 0.000013
00001111 0.000000
00010000 0.022225
00010001 0.012025
00010010 0.000788
00010011 0.000475
00010100 0.005112
00010101 0.000000
00010110 0.000575
00010111 0.000013
00011000 0.000013
00011001 0.000025
00011010 0.000100
00011011 0.000262
00011100 0.000138
00011101 0.000025
00011110 0.000350
00011111 0.000063
00100000 0.003100
00100001 0.006613
00100010 0.001262
00100011 0.006488
00100100 0.000737
00100101 0.000188
00100110 0.000063
00100111 0.000013
00101000 0.000000
00101001 0.000313
00101010 0.000075
00101011 0.000900
00101100 0.000025
00101101 0.000013
00101110 0.000000
00101111 0.000000
00110000 0.173338
00110001 0.063488
00110010 0.004975
00110011 0.003087
00110100 0.018187
00110101 0.000175
00110110 0.002037
00110111 0.000037
00111000 0.000000
00111001 0.000087
00111010 0.000138
00111011 0.000338
00111100 0.000125
00111101 0.000037
00111110 0.000225
00111111 0.000000
01000000 0.000013
01000001 0.000037
01000010 0.000125
01000011 0.000237
01000100 0.000013
01000101 0.000000
01000110 0.000025
01000111 0.000013
01001000 0.000000
01001001 0.000162
01001010 0.001288
01001011 0.013338
01001100 0.000063
01001101 0.000050
01001110 0.010812
01001111 0.021063
01010000 0.000000
01010001 0.000000
01010010 0.000175
01010011 0.000025
01010100 0.000063
01010101 0.000000
01010110 0.000150
01010111 0.000000
01011000 0.000013
01011001 0.000013
01011010 0.000675
01011011 0.000513
01011100 0.000250
01011101 0.000013
01011110 0.001713
01011111 0.000125
01100000 0.001488
01100001 0.001112
01100010 0.003462
01100011 0.003950
01100100 0.000588
01100101 0.000000
01100110 0.000237
01100111 0.000000
01101000 0.000087
01101001 0.000438
01101010 0.002962
01101011 0.028587
01101100 0.000275
01101101 0.000138
01101110 0.028000
01101111 0.035875
01110000 0.001175
01110001 0.000037
01110010 0.002625
01110011 0.000350
01110100 0.001238
01110101 0.000000
01110110 0.000937
01110111 0.000025
01111000 0.000125
01111001 0.000025
01111010 0.000687
01111011 0.000612
01111100 0.000538
01111101 0.000025
01111110 0.001538
01111111 0.000162
10000000 0.000100
10000001 0.001425
10000010 0.000000
10000011 0.000513
10000100 0.000612
10000101 0.000675
10000110 0.000037
10000111 0.000100
10001000 0.000013
10001001 0.001012
10001010 0.000000
10001011 0.001250
10001100 0.000188
10001101 0.002338
10001110 0.000112
10001111 0.001337
10010000 0.035650
10010001 0.026763
10010010 0.000150
10010011 0.000362
10010100 0.028712
10010101 0.003063
10010110 0.000513
10010111 0.000125
10011000 0.000025
10011001 0.000250
10011010 0.000037
10011011 0.000650
10011100 0.003925
10011101 0.003087
10011110 0.001087
10011111 0.001125
10100000 0.000212
10100001 0.001863
10100010 0.000013
10100011 0.000237
10100100 0.000500
10100101 0.000737
10100110 0.000013
10100111 0.000063
10101000 0.000000
10101001 0.000138
10101010 0.000000
10101011 0.000037
10101100 0.000063
10101101 0.000200
10101110 0.000000
10101111 0.000000
10110000 0.021038
10110001 0.011525
10110010 0.000025
10110011 0.000125
10110100 0.013175
10110101 0.001112
10110110 0.000125
10110111 0.000050
10111000 0.000000
10111001 0.000000
10111010 0.000000
10111011 0.000000
10111100 0.000412
10111101 0.000212
10111110 0.000063
10111111 0.000000
11000000 0.000000
11000001 0.000200
11000010 0.000013
11000011 0.000125
11000100 0.000350
11000101 0.000188
11000110 0.000087
11000111 0.000013
11001000 0.000025
11001001 0.001600
11001010 0.000075
11001011 0.017925
11001100 0.003263
11001101 0.005137
11001110 0.063950
11001111 0.175487
11010000 0.000013
11010001 0.000000
11010010 0.000025
11010011 0.000000
11010100 0.001125
11010101 0.000000
11010110 0.000362
11010111 0.000013
11011000 0.000037
11011001 0.000087
11011010 0.000075
11011011 0.000875
11011100 0.005913
11011101 0.001275
11011110 0.006675
11011111 0.002662
11100000 0.000025
11100001 0.000463
11100010 0.000000
11100011 0.000100
11100100 0.000162
11100101 0.000112
11100110 0.000000
11100111 0.000000
11101000 0.000025
11101001 0.000562
11101010 0.000000
11101011 0.004638
11101100 0.000500
11101101 0.000750
11101110 0.012462
11101111 0.022825
11110000 0.000037
11110001 0.000013
11110010 0.000000
11110011 0.000000
11110100 0.000425
11110101 0.000013
11110110 0.000013
11110111 0.000025
11111000 0.000000
11111001 0.000037
11111010 0.000013
11111011 0.000013
11111100 0.000487
11111101 0.000125
11111110 0.000087
11111111 0.000063
