0000000 0.000114
0000001 0.000129
0000010 0.000771
0000011 0.000143
0000100 0.000114
0000101 0.079429
0000110 0.016914
0000111 0.032657
0001000 0.000000
0001001 0.000014
0001010 0.000000
0001011 0.000000
0001100 0.000000
0001101 0.000086
0001110 0.000000
0001111 0.000000
0010000 0.000243
0010001 0.000657
0010010 0.000100
0010011 0.000043
0010100 0.000014
0010101 0.027871
0010110 0.000086
0010111 0.000214
0011000 0.000057
0011001 0.000357
0011010 0.000043
0011011 0.000000
0011100 0.000000
0011101 0.003371
0011110 0.000014
0011111 0.000114
0100000 0.000186
0100001 0.000114
0100010 0.005357
0100011 0.000243
0100100 0.000057
0100101 0.010700
0100110 0.030486
0100111 0.021371
0101000 0.000129
0101001 0.000071
0101010 0.002814
0101011 0.000043
0101100 0.000129
0101101 0.000429
0101110 0.001514
0101111 0.001071
0110000 0.000700
0110001 0.000857
0110010 0.000243
0110011 0.000143
0110100 0.000086
0110101 0.013929
0110110 0.000229
0110111 0.000914
0111000 0.041914
0111001 0.084100
0111010 0.063386
0111011 0.000100
0111100 0.001057
0111101 0.050143
0111110 0.001000
0111111 0.001471
1000000 0.001571
1000001 0.001029
1000010 0.052614
1000011 0.001014
1000100 0.000086
1000101 0.062600
1000110 0.082557
1000111 0.041743
1001000 0.000857
1001001 0.000157
1001010 0.014143
1001011 0.000014
1001100 0.000200
1001101 0.000214
1001110 0.000829
1001111 0.000486
1010000 0.000871
1010001 0.001643
1010010 0.000486
1010011 0.000171
1010100 0.000071
1010101 0.002686
1010110 0.000114
1010111 0.000157
1011000 0.020800
1011001 0.029029
1011010 0.011586
1011011 0.000057
1011100 0.000129
1011101 0.005557
1011110 0.000143
1011111 0.000143
1100000 0.000071
1100001 0.000000
1100010 0.003357
1100011 0.000043
1100100 0.000029
1100101 0.000014
1100110 0.000600
1100111 0.000157
1101000 0.000357
1101001 0.000086
1101010 0.029943
1101011 0.000014
1101100 0.000043
1101101 0.000071
1101110 0.000671
1101111 0.000157
1110000 0.000000
1110001 0.000014
1110010 0.000043
1110011 0.000014
1110100 0.000000
1110101 0.000000
1110110 0.000000
1110111 0.000000
1111000 0.034314
1111001 0.015671
1111010 0.078757
1111011 0.000086
1111100 0.000129
1111101 0.001086
1111110 0.000100
1111111 0.000114
