0000000 0.006071
0000001 0.041057
0000010 0.027329
0000011 0.013229
0000100 0.006471
0000101 0.038457
0000110 0.004071
0000111 0.000057
0001000 0.000914
0001001 0.003157
0001010 0.018929
0001011 0.004157
0001100 0.000229
0001101 0.000357
0001110 0.000314
0001111 0.000014
0010000 0.000157
0010001 0.000514
0010010 0.001257
0010011 0.000143
0010100 0.003129
0010101 0.003429
0010110 0.002529
0010111 0.000143
0011000 0.000029
0011001 0.000186
0011010 0.005900
0011011 0.000200
0011100 0.000157
0011101 0.000043
0011110 0.001700
0011111 0.000043
0100000 0.000100
0100001 0.004329
0100010 0.000029
0100011 0.000043
0100100 0.009457
0100101 0.235557
0100110 0.000429
0100111 0.000000
0101000 0.000157
0101001 0.000443
0101010 0.000143
0101011 0.000057
0101100 0.000986
0101101 0.001729
0101110 0.000243
0101111 0.000000
0110000 0.000000
0110001 0.000143
0110010 0.000014
0110011 0.000014
0110100 0.013629
0110101 0.039057
0110110 0.000386
0110111 0.000000
0111000 0.000029
0111001 0.000129
0111010 0.000029
0111011 0.000014
0111100 0.006071
0111101 0.001071
0111110 0.000100
0111111 0.000000
1000000 0.000029
1000001 0.000057
1000010 0.001029
1000011 0.006057
1000100 0.000000
1000101 0.000029
1000110 0.000043
1000111 0.000000
1001000 0.000000
1001001 0.000443
1001010 0.040786
1001011 0.013186
1001100 0.000000
1001101 0.000000
1001110 0.000000
1001111 0.000014
1010000 0.000071
1010001 0.000257
1010010 0.001843
1010011 0.001100
1010100 0.000071
1010101 0.000071
1010110 0.000500
1010111 0.000071
1011000 0.000000
1011001 0.000429
1011010 0.239014
1011011 0.008914
1011100 0.000029
1011101 0.000057
1011110 0.004571
1011111 0.000157
1100000 0.000000
1100001 0.001629
1100010 0.000029
1100011 0.000129
1100100 0.000157
1100101 0.006443
1100110 0.000229
1100111 0.000029
1101000 0.000100
1101001 0.002343
1101010 0.003214
1101011 0.002957
1101100 0.000357
1101101 0.001571
1101110 0.000329
1101111 0.000329
1110000 0.000100
1110001 0.000557
1110010 0.000400
1110011 0.000271
1110100 0.004514
1110101 0.018243
1110110 0.002557
1110111 0.000971
1111000 0.000057
1111001 0.003786
1111010 0.037371
1111011 0.006986
1111100 0.012571
1111101 0.026829
1111110 0.039443
1111111 0.006129
