000000 0.015750
000001 0.000517
000010 0.000000
000011 0.000000
000100 0.093183
000101 0.000500
000110 0.001067
000111 0.000150
001000 0.012433
001001 0.012533
001010 0.000083
001011 0.003200
001100 0.090983
001101 0.024683
001110 0.011617
001111 0.009083
010000 0.013367
010001 0.000083
010010 0.008333
010011 0.000483
010100 0.073833
010101 0.000033
010110 0.063233
010111 0.000850
011000 0.000167
011001 0.000200
011010 0.000383
011011 0.004433
011100 0.001967
011101 0.000167
011110 0.049200
011111 0.005750
100000 0.005867
100001 0.049717
100010 0.000150
100011 0.001617
100100 0.003883
100101 0.000417
100110 0.000200
100111 0.000267
101000 0.000517
101001 0.065967
101010 0.000083
101011 0.073967
101100 0.000400
101101 0.007633
101110 0.000200
101111 0.014100
110000 0.009283
110001 0.012100
110010 0.024717
110011 0.089733
110100 0.003500
110101 0.000033
110110 0.012583
110111 0.012117
111000 0.000033
111001 0.000983
111010 0.000333
111011 0.092883
111100 0.000033
111101 0.000017
111110 0.000467
111111 0.016883
