00000000 0.001437
00000001 0.000237
00000010 0.000087
00000011 0.000150
00000100 0.000000
00000101 0.000013
00000110 0.000000
00000111 0.000000
00001000 0.001100
00001001 0.000625
00001010 0.000050
00001011 0.000050
00001100 0.000000
00001101 0.000000
00001110 0.000000
00001111 0.000000
00010000 0.144675
00010001 0.002612
00010010 0.002988
00010011 0.000125
00010100 0.003737
00010101 0.001488
00010110 0.000000
00010111 0.000000
00011000 0.000900
00011001 0.000112
00011010 0.000200
00011011 0.000037
00011100 0.000075
00011101 0.000100
00011110 0.000000
00011111 0.000000
00100000 0.000262
00100001 0.000025
00100010 0.003838
00100011 0.000025
00100100 0.000000
00100101 0.000000
00100110 0.000000
00100111 0.000000
00101000 0.000063
00101001 0.000125
00101010 0.001450
00101011 0.000200
00101100 0.000037
00101101 0.000063
00101110 0.000000
00101111 0.000063
00110000 0.071225
00110001 0.000100
00110010 0.020625
00110011 0.000025
00110100 0.004475
00110101 0.000138
00110110 0.008600
00110111 0.000550
00111000 0.001125
00111001 0.000100
00111010 0.000888
00111011 0.000000
00111100 0.002338
00111101 0.000112
00111110 0.000750
00111111 0.000812
01000000 0.000050
01000001 0.000013
01000010 0.000013
01000011 0.000013
01000100 0.000013
01000101 0.000013
01000110 0.000000
01000111 0.000037
01001000 0.000262
01001001 0.000150
01001010 0.000063
01001011 0.000100
01001100 0.000000
01001101 0.000063
01001110 0.000050
01001111 0.000075
01010000 0.000638
01010001 0.000000
01010010 0.000075
01010011 0.000000
01010100 0.001275
01010101 0.000138
01010110 0.000338
01010111 0.000000
01011000 0.000050
01011001 0.000000
01011010 0.000138
01011011 0.000000
01011100 0.000287
01011101 0.000138
01011110 0.000188
01011111 0.000000
01100000 0.000050
01100001 0.000000
01100010 0.004712
01100011 0.000025
01100100 0.000362
01100101 0.000050
01100110 0.001675
01100111 0.000138
01101000 0.000037
01101001 0.000013
01101010 0.029125
01101011 0.000913
01101100 0.000612
01101101 0.001087
01101110 0.049550
01101111 0.039450
01110000 0.001250
01110001 0.000000
01110010 0.002400
01110011 0.000000
01110100 0.004213
01110101 0.000025
01110110 0.047012
01110111 0.004025
01111000 0.000338
01111001 0.000000
01111010 0.001587
01111011 0.000000
01111100 0.005325
01111101 0.000313
01111110 0.014438
01111111 0.008725
10000000 0.008762
10000001 0.014350
10000010 0.000300
10000011 0.004613
10000100 0.000000
10000101 0.001575
10000110 0.000000
10000111 0.000188
10001000 0.003462
10001001 0.046387
10001010 0.000013
10001011 0.004250
10001100 0.000000
10001101 0.002338
10001110 0.000000
10001111 0.000937
10010000 0.039500
10010001 0.048325
10010010 0.001238
10010011 0.000737
10010100 0.000713
10010101 0.030662
10010110 0.000000
10010111 0.000025
10011000 0.000125
10011001 0.001650
10011010 0.000000
10011011 0.000400
10011100 0.000000
10011101 0.004900
10011110 0.000000
10011111 0.000000
10100000 0.000013
10100001 0.000138
10100010 0.000087
10100011 0.000275
10100100 0.000000
10100101 0.000125
10100110 0.000000
10100111 0.000075
10101000 0.000063
10101001 0.000325
10101010 0.000162
10101011 0.001087
10101100 0.000000
10101101 0.000200
10101110 0.000000
10101111 0.000550
10110000 0.000100
10110001 0.000013
10110010 0.000075
10110011 0.000037
10110100 0.000050
10110101 0.000025
10110110 0.000225
10110111 0.000338
10111000 0.000025
10111001 0.000000
10111010 0.000000
10111011 0.000013
10111100 0.000013
10111101 0.000000
10111110 0.000000
10111111 0.000125
11000000 0.000800
11000001 0.000687
11000010 0.000162
11000011 0.002325
11000100 0.000037
11000101 0.000875
11000110 0.000075
11000111 0.001350
11001000 0.000625
11001001 0.008625
11001010 0.000112
11001011 0.004325
11001100 0.000013
11001101 0.020350
11001110 0.000125
11001111 0.070450
11010000 0.000000
11010001 0.000013
11010010 0.000000
11010011 0.000000
11010100 0.000250
11010101 0.001613
11010110 0.000138
11010111 0.000237
11011000 0.000000
11011001 0.000013
11011010 0.000000
11011011 0.000025
11011100 0.000063
11011101 0.003687
11011110 0.000050
11011111 0.000150
11100000 0.000000
11100001 0.000000
11100010 0.000087
11100011 0.000037
11100100 0.000025
11100101 0.000237
11100110 0.000075
11100111 0.000562
11101000 0.000000
11101001 0.000013
11101010 0.001337
11101011 0.003625
11101100 0.000087
11101101 0.003162
11101110 0.002363
11101111 0.145075
11110000 0.000000
11110001 0.000000
11110010 0.000000
11110011 0.000000
11110100 0.000087
11110101 0.000025
11110110 0.000550
11110111 0.001150
11111000 0.000000
11111001 0.000000
11111010 0.000000
11111011 0.000000
11111100 0.000075
11111101 0.000063
11111110 0.000212
11111111 0.001313
