0.038246
0.123579
0.198680
0.093430
0.127859
0.093084
0.133274
0.084403
0.086281
0.153094
0.135058
0.139645
0.175721
0.118324
0.127869
0.236983
0.304855
0.116396
0.199119
0.165387
0.306183
0.160409
0.371173
0.209576
0.115643
0.221316
0.151129
0.150304
0.324654
0.186570
0.191297
0.333249
0.340033
0.179028
0.332397
0.109418
0.070205
0.230851
0.121587
0.089995
0.124450
0.164783
0.323724
0.349739
0.167139
0.248749
0.244926
0.328530
0.345521
0.147420
0.156205
0.214493
0.124115
0.128901
0.084332
0.109832
0.244941
0.329758
0.631745
0.353160
0.160784
0.244527
0.251085
0.405208
0.379330
0.210091
0.179806
0.246622
0.543067
0.238171
0.554203
0.202750
0.092690
0.374638
0.202357
0.373503
0.736064
0.279104
0.295309
0.266115
0.301764
0.124690
0.134980
0.109780
0.204038
0.124541
0.152801
0.089394
0.095897
0.092477
0.139172
0.132530
0.306757
0.249831
0.396604
0.279225
0.332680
0.141775
0.167029
0.196190
0.141245
0.195675
0.136612
0.110545
0.211061
0.160950
0.310351
0.110448
0.153953
0.262334
0.418622
0.262381
0.273224
0.135488
0.275745
0.156072
0.168668
0.149269
0.179219
0.105406
0.104290
0.240180
0.170297
0.274605
0.164436
0.072096
0.057816