0.135439
0.232368
0.321230
0.195983
0.101749
0.128347
0.212598
0.362773
0.355246
0.241297
0.141796
0.253495
0.271010
0.446732
0.175806
0.325408
0.121444
0.172319
0.536576
0.352481
0.094324
0.102729
0.129751
0.279051
0.216535
0.254534
0.209456
0.236535
0.315717
0.180468
0.268625
0.287330
0.157039
0.235014
0.162890
0.438697
0.230934
0.295578
0.269896
0.534268
0.083348
0.084601
0.248284
0.269806
0.473755
0.285099
0.325940
0.179376
0.270167
0.319152
0.498374
0.259199
0.469948
0.202741
0.203423
0.229241
0.175408
0.178009
0.120718
0.118000
0.094252
0.129337
0.368685
0.214907
0.136282
0.263284
0.217993
0.257887
0.217887
0.343743
0.165828
0.173256
0.424132
0.267501
0.189603
0.193625
0.119546
0.130339
0.212250
0.212460
0.095408
0.124540
0.128556
0.141665
0.174007
0.289940
0.177680
0.181012
0.175922
0.179637
0.221194
0.215061
0.174137
0.192638
0.131105
0.129882
0.354311
0.550890
0.183305
0.220684
0.096188
0.100192
0.518209
0.326568
0.194001
0.172458
0.198384
0.156875
0.121249
0.108465
0.130498
0.119267
0.100286
0.161028
0.127312
0.141653
0.098250
0.119559
0.079308
0.102869
0.101274
0.207099
0.132487
0.110819
0.220000
0.134604
0.196122
0.242915
0.146460
0.211312
0.254749
0.124129
0.200772
0.260123
0.212352
0.205278
0.308721
0.149579
0.304630
0.429856
0.088138
0.105096
0.216885
0.141222
0.168814
0.239689
0.119457
0.188202
0.207214
0.106000
0.214394
0.173775
0.193880
0.153472
0.155137
0.275455
0.222388
0.267478
0.208922
0.134311
0.071290
0.131216