0.123071
0.169747
0.461777
0.844680
0.275752
0.158002
0.464493
0.303397
0.123958
0.376054
0.213818
0.460805
0.600934
0.842439
0.192756
0.420899
0.167359
0.206014
0.376957
0.505276
0.170664
0.132752
0.120218
0.315144
0.119655
0.113723
0.141660
0.201524
0.284956
0.196574
0.315592
0.204334
0.448980
0.113480
0.148036
0.139886
0.157432
0.120641
0.395985
0.320704
0.664417
0.203319
0.233137
0.520766
0.073131
0.102032
0.302758
0.253561
0.421545
0.867611
0.188743
0.505825
0.250447
0.595077
0.079735
0.174709
0.226817
0.421260
0.400436
0.524867
0.291753
0.181969
0.338314
0.330414
0.144142
0.173648
0.110381
0.175467
0.350458
0.220650
0.401394
0.276491
0.457375
0.375880
0.350728
0.201721
0.280268
0.166005
0.379602
0.414400
0.123301
0.176365
0.379346
0.202933
0.088880
0.109249
0.191001
0.234291
0.082791
0.246954
0.389476
0.130287
0.457853
0.219856
0.339860
0.142896
0.181369
0.115719
0.440617
0.310538
0.134982
0.151903
0.278420
0.195682
0.095283
0.127817
0.185159
0.165449
0.236685
0.170350
0.114442
0.255111
0.328081
0.215579
0.116438
0.134896
0.148850
0.116783
0.635771
0.400861
0.378878
0.158381
0.287730
0.111351
0.207459
0.110480
0.136290
0.246061
0.190898
0.210432
0.270629
0.213365
0.156393
0.440633
0.131618
0.156477
0.122517
0.196564
0.359291
0.276738
0.138509
0.213616
0.439974
0.253448
0.134019
0.296470
0.254037
0.276586
0.354372
0.148410
0.820441
0.482817
0.520551
0.274462
0.094158
0.116121
0.431757
0.217582
0.503267
0.326090
0.233443
0.601702
0.493947
0.256485
0.130515
0.285871
0.445338
0.274583
0.458964
0.130932
0.479335
0.204710
0.573235
0.294707
0.198918
0.102210
0.073774
0.076980
0.489713
0.397360
0.125213
0.152634
0.238587
0.201108
0.089988
0.118469
0.303130
0.143858
0.238585
0.158557
0.184279
0.409697
0.277633
0.260592
0.134737
0.123505
0.153439
0.086059
0.157670
0.396536