0.091237
0.145598
0.245516
0.294181
0.218607
0.130532
0.271973
0.468320
0.172389
0.182129
0.342615
0.243427
0.203134
0.161063
0.201217
0.238200
0.228129
0.364009
0.177409
0.219817
0.335450
0.193882
0.198844
0.348881
0.256665
0.162454
0.308449
0.303545
0.096867
0.163107
0.393004
0.208684
0.376962
0.257718
0.322899
0.284531
0.176681
0.180110
0.531736
0.302132
0.202238
0.338979
0.121321
0.251755
0.310824
0.156027
0.289856
0.531258
0.535075
0.316409
0.412961
0.232035
0.440716
0.336762
0.236114
0.231119
0.074814
0.119294
0.266669
0.383745
0.346006
0.217148
0.139111
0.248278
0.171576
0.149703
0.167494
0.267819
0.092490
0.134053
0.082552
0.159902