0.131369
0.211779
0.222997
0.199190
0.361733
0.202779
0.197743
0.154779
0.153348
0.101398
0.175281
0.316062
0.249643
0.209522
0.064095
0.191435
0.262602
0.374872
0.188321
0.190609
0.130765
0.142436
0.158019
0.257079
0.186537
0.285153
0.112253
0.161716
0.146609
0.437370
0.139732
0.064729
0.076465
0.130199
0.179265
0.062798
0.296613
0.323534
0.617000
0.486547
0.160554
0.098742
0.163974
0.431273
0.195534
0.361283
0.169102
0.358867
0.260162
0.244173
0.349468
0.856831
0.520107
0.778402
0.308022
0.138344
0.104185
0.646939
0.403434
0.520511
0.346230
0.230998
0.276322
0.427703
0.177565
0.302970
0.149290
0.322719
0.175338
0.122493
0.184409