0.073529
0.215948
0.246969
0.178013
0.135979
0.184493
0.195520
0.298659
0.243045
0.342313
0.334683
0.278096
0.317422
0.273217
0.345174
0.254541
0.172892
0.239425
0.264779
0.236245
0.288212
0.134174
0.114121
0.175572
0.168692
0.201985
0.229695
0.275786
0.282436
0.421039
0.397893
0.267159
0.385942
0.216093
0.404431
0.305039
0.284758
0.491199
0.294893
0.247591
0.352896
0.292486
0.334067
0.287290
0.364708
0.246220
0.428138
0.246553
0.451526
0.471105
0.534904
0.320516
0.528628
0.262882
0.479428
0.421292
0.321037
0.316506
0.494672
0.846524
0.518898
0.278075
0.501305
0.214137
0.446523
0.189365
0.186660
0.322484
0.322398
0.378048
0.406663
0.254431
0.372732
0.212389
0.621850
0.465556
0.217311
0.269747
0.299200
0.199646
0.257102
0.196304
0.174085
0.227591
0.172258
0.179954
0.244971
0.218016
0.152849
0.262912
0.273331
0.321831
0.273215
0.292533
0.261624
0.288786
0.260712
0.432638
0.279969
0.225992
0.259084
0.166950
0.216088
0.173120
0.186059
0.282260
0.449787
0.192582
0.346323
0.259867
0.196030
0.347985
0.393979
0.255549
0.397875
0.506250
0.191736
0.238592
0.357469
0.191822
0.194001
0.156256
0.217356
0.254834
0.122725
0.079844
0.212047
0.111549
0.229748
0.270134
0.306518
0.093401
0.135375
0.336955
0.240101
0.235662
0.177259
0.150324
0.177346
0.116667
0.160139
0.152773
0.341704
0.209127
0.127635
0.119501
0.126414
0.180344
0.291806
0.525968
0.282716
0.204445
0.354383
0.204546
0.208731
0.376410
0.163203
0.150642
0.147663
0.197023
0.288528
0.512485
0.234534
0.209732
0.212832
0.166695
0.283574
0.241241
0.335962
0.346365
0.311812
0.352594
0.307175
0.330870
0.324333
0.335117
0.143913
0.155278
0.249541
0.285411
0.220882
0.322954
0.268145
0.497486
0.125955
0.370168
0.356028
0.623557
0.393417
0.439076
0.470171
0.760605
0.467452
0.743161
0.407613
0.350004
0.277578
0.266493
0.131323
0.274470