0.130771
0.203301
0.371188
0.274925
0.252665
0.234504
0.150700
0.158820
0.213140
0.182955
0.191464
0.227143
0.430853
0.255017
0.232558
0.175739
0.205837
0.158650
0.204915
0.351137
0.303067
0.452720
0.163441
0.294507
0.191021
0.296103
0.153421
0.317965
0.360373
0.166391
0.173923
0.177657
0.219582
0.203127
0.188063
0.156672
0.213897
0.176153
0.216757
0.467422
0.274393
0.273671
0.188073
0.411036
0.147728
0.218942
0.174045
0.154567
0.192959
0.222763
0.206210
0.435108
0.197080
0.434643
0.310089
0.202970
0.201767
0.256992
0.243919
0.164525
0.336344
0.352696
0.230851
0.547408
0.693400
0.403026
0.331821
0.197901
0.204646
0.310911
0.302788
0.696053
0.222523
0.298442
0.229256
0.314161
0.219776
0.284485
0.624340
0.314086
0.614370
0.384714
0.456449
0.264789
0.257561
0.313051
0.142640
0.201251
0.091526
0.121202
0.238418
0.221755
0.250260
0.190749
0.485449
0.334696
0.264691
0.146172
0.158655
0.244699
0.278780
0.248010
0.672285
0.337096
0.165310
0.309224
0.115432
0.173514
0.425316
0.201098
0.128635
0.312996
0.389540
0.168626
0.273548
0.189847
0.218426
0.157943
0.104635
0.209780
0.273697
0.227882
0.288619
0.206344
0.262073
0.283332
0.252415
0.146993
0.160147
0.191036
0.181512
0.248263
0.116225
0.220939
0.179934
0.158037
0.375642
0.190127
0.203180
0.201441
0.369273
0.237378
0.483963
0.330877
0.294474
0.303104
0.213361
0.389166
0.522369
0.308458
0.286109
0.246515
0.270851
0.245129
0.431224
0.318933
0.600340
0.294624
0.238697
0.279362
0.275074
0.211299
0.307286
0.250459
0.431813
0.287802
0.146493
0.148322
0.189581
0.173149
0.203611
0.218556
0.175173
0.216939
0.147438
0.223201
0.117251
0.214325
0.196780
0.198924
0.229536
0.253343
0.145439
0.301239
0.274873
0.192428
0.163650
0.136852
0.282105
0.181365
0.143342
0.175456
0.128938
0.183021
0.235439
0.156020
0.159786
0.365481
0.111070
0.264647