0.108666
0.153482
0.316201
0.201229
0.255336
0.345198
0.646363
0.181812
0.329776
0.379819
0.656696
0.472776
0.274223
0.160558
0.251591
0.373351
0.484065
0.307114
0.203334
0.120603
0.258340
0.158501
0.241888
0.230874
0.400662
0.256675
0.191681
0.156159
0.165486
0.261724
0.272049
0.471205
0.306484
0.334644
0.248581
0.164076
0.182544
0.318224
0.202346
0.202273
0.200406
0.121688
0.212742
0.173946
0.265441
0.145589
0.347181
0.345311
0.219316
0.183206
0.289641
0.225209
0.206204
0.235570
0.283673
0.121655
0.246265
0.305813
0.280826
0.201100
0.226534
0.325815
0.661111
0.314485
0.442820
0.165435
0.364353
0.501526
0.295544
0.245572
0.262638