0.075254
0.128852
0.197406
0.161639
0.301969
0.154601
0.194705
0.194813
0.174516
0.129114
0.295774
0.262781
0.227821
0.410192
0.327934
0.163268
0.174527
0.225092
0.092012
0.087273
0.235383
0.230876
0.514633
0.280596
0.122880
0.178651
0.355541
0.166981
0.313011
0.374258
0.175791
0.170196
0.229266
0.110555
0.185207
0.189220
0.127294
0.146419
0.191678
0.215740
0.339576
0.120727
0.263857
0.262161
0.452380
0.667171
0.317227
0.144666
0.179843
0.204351
0.514064
0.203822
0.264718
0.214350
0.104250
0.171713
0.162389
0.327827
0.622330
0.339052
0.260094
0.398734
0.176678
0.154589
0.408126
0.157753
0.499214
0.255697
0.328105
0.184428
0.481963
0.235099
0.210711
0.159494
0.352537
0.272243
0.266145
0.453323
0.199388
0.112504
0.147522
0.172158
0.161403
0.116788
0.180138
0.353489
0.173907
0.192113
0.130708
0.269731
0.150665
0.269451
0.281855
0.469220
0.132065
0.146814
0.097014
0.151129
0.115602
0.108419
0.257952
0.144496
0.154209
0.122219
0.106645
0.145721
0.425466
0.220603
0.122398
0.319172
0.102456
0.109427
0.427162
0.209520
0.230245
0.362649
0.621943
0.378226
0.206940
0.273158
0.428525
0.190474
0.294264
0.316305
0.211714
0.454343
0.096342
0.088718