0.316134
0.482689
0.265869
0.185270
0.166245
0.343086
0.307838
0.260613
0.318611
0.313548
0.257319
0.321582
0.265455
0.261389
0.151449
0.341130
0.424987
0.335356
0.194878
0.278384
0.330372
0.262931
0.303008
0.447533
0.454630
0.206873
0.301188
0.224313
0.482182
0.250170
0.256475
0.327837
0.468862
0.323463
0.230944
0.262066
0.338845
0.294445
0.314157
0.373192
0.646945
0.512362
0.597856
0.368409
0.595603
0.308832
0.440486
0.222508
0.321757
0.403112
0.239110
0.416893
0.406252
0.507661
0.214230
0.315873
0.190506
0.283813
0.250695
0.267977
0.236355
0.417752
0.233686
0.300153
0.509222
0.284057
0.503757
0.250283
0.377171
0.299365
0.527276
0.752480
0.381615
0.218069
0.356724
0.236949
0.260268
0.299205
0.558854
0.374105
0.476990
0.270469
0.493327
0.194469
0.333622
0.314705
0.324353
0.448700
0.413284
0.172876
0.299305
0.342789
0.282066
0.390458
0.464826
0.279221
0.361282
0.293851
0.162491
0.229004
0.336207
0.210412
0.460807
0.300279
0.257748
0.307805
0.335713
0.180035
0.260991
0.398105
0.303000
0.237946
0.744458
0.481505
0.287822
0.386818
0.295049
0.509921
0.373023
0.451339
0.448923
0.352227
0.378989
0.397323
0.300817
0.346089
0.255925
0.388242