0.112058
0.193766
0.134275
0.244724
0.290091
0.165394
0.092502
0.098087
0.183384
0.157892
0.197148
0.210969
0.125906
0.132526
0.232089
0.116130
0.138992
0.315141
0.146644
0.255863
0.120926
0.233166
0.155139
0.265338
0.102599
0.085637
0.167050
0.149276
0.225177
0.300121
0.107684
0.123245
0.108815
0.109423
0.169719
0.128077
0.210908
0.249190
0.249686
0.209492
0.100565
0.083371
0.122056
0.233167
0.176369
0.190001
0.233942
0.235458
0.177804
0.145563
0.142800
0.141767
0.244767
0.364167
0.264102
0.318107
0.295458
0.253714
0.309942
0.509412
0.130109
0.069494
0.219969
0.278638
0.307944
0.263793
0.230526
0.429037
0.191660
0.365359
0.265921
0.201939
0.229716
0.261569
0.246453
0.223652
0.206399
0.205664
0.132729
0.254849
0.062111
0.085849
0.271755
0.212403
0.155118
0.174690
0.306386
0.144377
0.190874
0.210495
0.183621
0.388616
0.403412
0.124150
0.134672
0.142351
0.162565
0.080801
0.137381
0.118503
0.079572
0.202447
0.071863
0.093326
0.114163
0.102893
0.110858
0.105481
0.725649
0.358485
0.272570
0.708520
0.300576
0.425468
0.151005
0.156299
0.242928
0.251403
0.343590
0.639149
0.368506
0.199120
0.169323
0.172423
0.255312
0.498694
0.240227
0.281455
0.256502
0.231953
0.234592
0.363460
0.122933
0.139380
0.522954
0.269857
0.281979
0.229115
0.196932
0.350114
0.073142
0.080218
0.202267
0.228121
0.329926
0.219879
0.241073
0.160741
0.144589
0.172985
0.125258
0.114029
0.357021
0.178009
0.487000
0.205132
0.109541
0.134869
0.328233
0.178149
0.118670
0.167311