0.154813
0.319564
0.365284
0.176280
0.419784
0.302921
0.330434
0.200286
0.151684
0.128750
0.334260
0.201514
0.124031
0.310475
0.210129
0.391226
0.120897
0.201602
0.085156
0.168009
0.062504
0.106704
0.140949
0.148116
0.141937
0.314529
0.671733
0.388021
0.161173
0.260264
0.187004
0.282483
0.314364
0.214601
0.324397
0.298908
0.213666
0.605109
0.414582
0.265723
0.598674
0.245094
0.090899
0.209112
0.384047
0.622354
0.440845
0.142688
0.270568
0.204533
0.373763
0.252916
0.253485
0.273794
0.259072
0.447005
0.127231
0.079058
0.464689
0.700348
0.185657
0.559636
0.348769
0.272573
0.235107
0.165678
0.390864
0.144409
0.114427
0.220281
0.094335
0.205674