0.075030
0.105286
0.318836
0.228090
0.250954
0.345610
0.217949
0.437619
0.246631
0.475550
0.341339
0.236277
0.345433
0.241363
0.167761
0.143834
0.242728
0.214441
0.510721
0.319315
0.244249
0.388984
0.196680
0.187685
0.305913
0.512787
0.627161
0.324898
0.160076
0.311778
0.266961
0.273390
0.081278
0.153851
0.338466
0.299397
0.241766
0.133910
0.154343
0.337622
0.272257
0.185548
0.082176
0.102521
0.320470
0.265858
0.149981
0.136674
0.176607
0.390160
0.089383
0.125767
0.136705
0.163209
0.189478
0.200474
0.194237
0.360796
0.338229
0.596836
0.352265
0.299212
0.755748
0.395260
0.122132
0.178388
0.270703
0.381883
0.244915
0.344030
0.166504
0.109396
0.270805
0.258492
0.158328
0.328178
0.272737
0.352292
0.177356
0.383871
0.096992
0.174822
0.184655
0.262213
0.334853
0.162010
0.275193
0.160579
0.373112
0.484138
0.240806
0.352748
0.142453
0.229452
0.504928
0.393545
0.185448
0.232074