0.074800
0.204634
0.210517
0.220564
0.114908
0.171645
0.115746
0.228920
0.126697
0.119025
0.146878
0.124250
0.166397
0.176799
0.243128
0.159601
0.066320
0.121843
0.158742
0.130524
0.262295
0.189038
0.197289
0.087225
0.277638
0.133326
0.160008
0.179684
0.225066
0.337522
0.351658
0.498276
0.120165
0.116430
0.440624
0.230963
0.168247
0.150512
0.317949
0.187134
0.647816
0.294879
0.279324
0.297620
0.528242
0.433692
0.399183
0.195251
0.116744
0.106551
0.348210
0.181628
0.197157
0.132540
0.329596
0.168265
0.314599
0.212201
0.356813
0.177720
0.170889
0.162341
0.169541
0.150617
0.050514
0.075533
0.365696
0.124294
0.254156
0.192367
0.301554
0.209113
0.317474
0.198760
0.166012
0.154195
0.153068
0.139454
0.302840
0.140571
0.055344
0.112605
0.247160
0.177903
0.322973
0.608130
0.245770
0.273890
0.370257
0.194665
0.204126
0.165864
0.167583
0.310639
0.205993
0.378706
0.123631
0.169936