0.183711
0.175087
0.397606
0.214055
0.220366
0.216554
0.324708
0.620946
0.420566
0.207104
0.244268
0.217256
0.815059
0.425038
0.186768
0.136583
0.310116
0.228845
0.334549
0.227514
0.395424
0.213324
0.249991
0.204500
0.271422
0.426622
0.271396
0.376328
0.226636
0.197827
0.306004
0.227227
0.490000
0.267055
0.174422
0.200483
0.362484
0.262633
0.371085
0.264065
0.430284
0.532440
0.165059
0.189334
0.136724
0.151195
0.309705
0.253437
0.186422
0.370207
0.197751
0.240728
0.259968
0.409090
0.191762
0.127327
0.202977
0.300454
0.245829
0.355958
0.203415
0.345478
0.099279
0.143207
0.173583
0.172687
0.107912
0.246920
0.131953
0.175028
0.147660
0.293828
0.180601
0.367549
0.264508
0.115787
0.181610
0.314470
0.189026
0.291133
0.363492
0.286941
0.211190
0.206603
0.215531
0.246113
0.269697
0.312550
0.106679
0.174015
0.262607
0.203188
0.388114
0.309877
0.153372
0.216996
0.291033
0.217731
0.634763
0.357270
0.221643
0.286230
0.164294
0.264909
0.194885
0.227916
0.461299
0.235350
0.190995
0.170262
0.103898
0.288276
0.261726
0.328952
0.216694
0.134471
0.233533
0.227584
0.227456
0.206503
0.221152
0.108608
0.133078
0.085905
0.149087
0.122411
0.089200
0.219590
0.120309
0.104058
0.157047
0.144096
0.083853
0.304176
0.174879
0.101775
0.173187
0.138205
0.212800
0.146405
0.360505
0.371144
0.269920
0.214312
0.299021
0.209217
0.289266
0.373662
0.267901
0.478490
0.267270
0.680671
0.429786
0.381293
0.371522
0.219089
0.417645
0.812987
0.305144
0.395679
0.338655
0.526598
0.180245
0.237504
0.285180
0.423556
0.325735
0.218337
0.228541
0.166904
0.511346
0.125616
0.290933
0.404359
0.245060
0.430171
0.123376
0.231875
0.297844
0.260624
0.223024
0.253290
0.175083
0.194762
0.363829
0.207385
0.241999
0.250422
0.372249
0.239012
0.210147
0.243453
0.309393
0.325958
0.252695
0.144404
0.221408
0.298615
0.184836
0.262208