0.072670
0.063426
0.274947
0.210903
0.297232
0.340515
0.473829
0.268563
0.174859
0.163125
0.306080
0.380501
0.274112
0.497505
0.219475
0.216566
0.167171
0.212759
0.489327
0.385279
0.213457
0.187115
0.469743
0.211771
0.433026
0.717417
0.236275
0.205980
0.141253
0.130504
0.112049
0.206040
0.086971
0.198382
0.234313
0.132468
0.097936
0.097792
0.202468
0.229650
0.149298
0.249259
0.545877
0.203054
0.310076
0.218802
0.307765
0.350483
0.085318
0.102769
0.404801
0.204708
0.306661
0.411277
0.145029
0.292006
0.242647
0.215718
0.658960
0.295128
0.469144
0.566871
0.270412
0.202522
0.129932
0.102780
0.225096
0.464047
0.236946
0.246349
0.125042
0.106419
0.173267
0.123750
0.156761
0.164244
0.188768
0.108745
0.135620
0.080979
0.171177
0.406190
0.120665
0.221800
0.155646
0.217887
0.227072
0.198583
0.263457
0.320391
0.136212
0.220377
0.329271
0.206259
0.349460
0.285366
0.054386
0.126123