0.075414
0.129598
0.173949
0.172597
0.160623
0.157982
0.163781
0.236634
0.168547
0.152981
0.105228
0.089227
0.194591
0.207054
0.184787
0.242297
0.189546
0.310568
0.258824
0.439794
0.109086
0.106385
0.197502
0.179729
0.267157
0.199669
0.190766
0.196427
0.140845
0.282483
0.230357
0.224353
0.527769
0.359274
0.319069
0.286500
0.216587
0.218844
0.226394
0.212698
0.126202
0.139264
0.406876
0.259067
0.195290
0.160684
0.145884
0.152377
0.281576
0.523845
0.289001
0.491576
0.329180
0.273422
0.288519
0.481254
0.219213
0.221935
0.189718
0.200653
0.153020
0.164662
0.204701
0.202458
0.150239
0.326830
0.246282
0.216444
0.258970
0.262580
0.649358
0.380909
0.235287
0.254112
0.242099
0.245122
0.453607
0.263223
0.281131
0.233541
0.296338
0.257263
0.151324
0.168300
0.216374
0.283865
0.270948
0.299633
0.364528
0.313916
0.337025
0.217215
0.247038
0.270123
0.423672
0.241416
0.384120
0.588040
0.238949
0.437077
0.276076
0.157429
0.238620
0.303664
0.267243
0.313088
0.259622
0.415303
0.220467
0.152236
0.250150
0.444999
0.200997
0.392898
0.192966
0.235890
0.161659
0.162966
0.141696
0.133001
0.101923
0.166618
0.239791
0.257935
0.266436
0.333005
0.295506
0.173329
0.398012
0.240336
0.140917
0.141213
0.196692
0.164414
0.131764
0.158671
0.200745
0.108364
0.201539
0.140777
0.106903
0.210384
0.214421
0.240804
0.353657
0.215522
0.154775
0.174437
0.146037
0.165398
0.227410
0.213061
0.150351
0.153078
0.237211
0.129806
0.343061
0.205443
0.182955
0.210279
0.166765
0.276348