0.135602
0.177768
0.376836
0.163785
0.170624
0.196437
0.314375
0.161825
0.200178
0.348648
0.369474
0.267860
0.320300
0.174771
0.187212
0.213505
0.504885
0.285923
0.242125
0.136477
0.137008
0.253139
0.153398
0.315902
0.147010
0.175121
0.165407
0.191452
0.668336
0.333213
0.128029
0.147312
0.349400
0.186430
0.212101
0.129594
0.165960
0.258966
0.231316
0.318853
0.065354
0.128914
0.168933
0.132578
0.207718
0.180206
0.233264
0.365995
0.154875
0.111342
0.198836
0.382461
0.167830
0.201028
0.289908
0.263670
0.372254
0.328901
0.383268
0.219568
0.269528
0.178322
0.460506
0.269154
0.409198
0.339746
0.210672
0.206005
0.297879
0.561653
0.257177
0.230088
0.289434
0.168746
0.303935
0.251263
0.131134
0.173337
0.152597
0.120104
0.086632
0.159268
0.349144
0.267123
0.110432
0.136992
0.169758
0.219979
0.316361
0.179524
0.237601
0.099870
0.124257
0.159513
0.071549
0.088324
0.095891
0.186408
0.086579
0.119431
0.137553
0.315936
0.072880
0.085326
0.101173
0.088577
0.118925
0.091480
0.232181
0.322815
0.320277
0.390434
0.458748
0.230784
0.209975
0.206354
0.254859
0.431426
0.339497
0.422500
0.191160
0.100921
0.247585
0.240030
0.246683
0.236065
0.156017
0.203252
0.195356
0.285561
0.149983
0.133467
0.074229
0.115996
0.163140
0.278803
0.264127
0.260723
0.111915
0.119597
0.069360
0.181990
0.127151
0.156099
0.589052
0.276259
0.736588
0.393102
0.197342
0.406505
0.186787
0.185352
0.198160
0.221052
0.415199
0.242325
0.205601
0.411848
0.271323
0.418914
0.133134
0.118922