0.090402
0.205899
0.134674
0.151163
0.250726
0.199333
0.264437
0.128073
0.099165
0.135863
0.238863
0.418009
0.138433
0.139021
0.202761
0.196798
0.201444
0.242123
0.150944
0.123018
0.202449
0.225700
0.092158
0.134694
0.281588
0.205101
0.322462
0.181465
0.157297
0.279698
0.269822
0.503555
0.154808
0.182599
0.237825
0.505411
0.182719
0.301045
0.142522
0.268069
0.196095
0.158446
0.275431
0.153424
0.071871
0.129914
0.153967
0.127313
0.111758
0.122093
0.163169
0.226799
0.148333
0.160433
0.179998
0.241889
0.181891
0.248424
0.146158
0.146095
0.251532
0.237522
0.152576
0.203321
0.333239
0.511616
0.266702
0.172179
0.171830
0.196496
0.254937
0.284358
0.374364
0.206186
0.296297
0.220855
0.540030
0.327614
0.141091
0.124495
0.258543
0.538744
0.201828
0.198251
0.370636
0.582621
0.171634
0.212240
0.286237
0.169652
0.304057
0.221730
0.211913
0.204216
0.276601
0.266799
0.299472
0.277675
0.201225
0.301063
0.208207
0.399187
0.151892
0.155480
0.220592
0.255689
0.144725
0.176393
0.159310
0.149768
0.128485
0.157474
0.166253
0.159299
0.250474
0.161187
0.486455
0.316904
0.249341
0.131612
0.224415
0.242994
0.191902
0.381520
0.226483
0.291190
0.190450
0.192765
0.315866
0.171675
0.279492
0.227360
0.229060
0.184523
0.283252
0.216172
0.310498
0.233583
0.314459
0.181495
0.186410
0.166867
0.117903
0.138079
0.174357
0.216740
0.121916
0.141510
0.119237
0.100957
0.205659
0.139271
0.262179
0.121110
0.078686
0.197460
0.237814
0.167180
0.130615
0.123496
0.198900
0.175338
0.160259
0.308076
0.208564
0.248607
0.137365
0.160037
0.130871
0.136648
0.215684
0.190045
0.171876
0.152320
0.452577
0.207799
0.098161
0.143611
0.150405
0.127002
0.483699
0.298075
0.219300
0.396565
0.293072
0.276137
0.431398
0.232537
0.213429
0.379993
0.288120
0.276412
0.211943
0.189738
0.317358
0.219136
0.305966
0.239958
0.212809
0.160976