0.190073
0.415950
0.152581
0.137496
0.144093
0.137144
0.209353
0.124454
0.160090
0.153304
0.342134
0.201538
0.129284
0.134222
0.268328
0.146581
0.185382
0.301328
0.205638
0.337958
0.110988
0.190136
0.285214
0.399174
0.371144
0.182600
0.332675
0.199183
0.220207
0.380247
0.171504
0.256556
0.285769
0.190255
0.209272
0.270155
0.509291
0.332168
0.237264
0.165201
0.143702
0.280160
0.184611
0.125866
0.249348
0.191847
0.249486
0.507302
0.175356
0.179872
0.181124
0.156275
0.125173
0.190399
0.197456
0.368413
0.279288
0.186338
0.252761
0.247479
0.098494
0.143732
0.325544
0.239482
0.286114
0.352303
0.190679
0.283957
0.639808
0.404584
0.214860
0.300090
0.296058
0.291540
0.476831
0.259562
0.255676
0.185414
0.214445
0.145670
0.181090
0.195867
0.299003
0.668070
0.191814
0.309242
0.242355
0.214327
0.271746
0.498359
0.125507
0.177430
0.093878
0.145507
0.134725
0.121992
0.090500
0.168793
0.262711
0.172037
0.155271
0.429838
0.111747
0.128956
0.225236
0.150195
0.118582
0.119480
0.289430
0.309988
0.087531
0.229851
0.247823
0.532762
0.091984
0.193573
0.388015
0.651021
0.325598
0.106934
0.146874
0.293826
0.179033
0.262528
0.181317
0.241264
0.360681
0.617797
0.461823
0.241878
0.256645
0.207665
0.362093
0.186506
0.318380
0.182389
0.238944
0.342693
0.241216
0.439944
0.139620
0.153410
0.306610
0.504468
0.312819
0.295230
0.163027
0.267971
0.250526
0.493793
0.126496
0.204887
0.188368
0.306813
0.319802
0.202005
0.454457
0.208155
0.183440
0.235801
0.117853
0.130583