0.095292
0.128476
0.341759
0.507136
0.174863
0.343944
0.127268
0.317465
0.235908
0.299045
0.437678
0.276135
0.201272
0.204664
0.408745
0.280697
0.182281
0.456887
0.101495
0.100065
0.757841
0.393961
0.617982
0.299195
0.279804
0.263085
0.491675
0.398666
0.210194
0.231898
0.245604
0.270732
0.178543
0.397545
0.287891
0.135250
0.131359
0.239985
0.470182
0.147442
0.287804
0.198181
0.219337
0.232464
0.359862
0.140708
0.419539
0.296956
0.124386
0.173535
0.264923
0.162223
0.292904
0.172636
0.076923
0.291535
0.281310
0.160988
0.217244
0.366816
0.325411
0.138089
0.253280
0.189769
0.156824
0.114325
0.149627
0.147751
0.187264
0.278415
0.157761
0.292571
0.093191
0.209284
0.167063
0.242040
0.186036
0.157988
0.185243
0.129308
0.157192
0.201240
0.362195
0.223439
0.334627
0.215241
0.332388
0.152598
0.258209
0.491395
0.179882
0.172521
0.145502
0.213259
0.241843
0.445046
0.322501
0.198139
0.253078
0.181133
0.237037
0.297503
0.189063
0.319754
0.465117
0.261925
0.177637
0.259342
0.102016
0.151721
0.243610
0.149734
0.148762
0.138211
0.157750
0.175330
0.185606
0.316251
0.170752
0.308847
0.251668
0.171552
0.184840
0.258462
0.436165
0.276751
0.074250
0.123199