0.102070
0.223672
0.332137
0.265807
0.117348
0.151416
0.148446
0.173138
0.263163
0.159505
0.255209
0.244214
0.261386
0.176040
0.306435
0.149745
0.243112
0.441994
0.186161
0.156541
0.301398
0.526564
0.391322
0.729454
0.228338
0.233516
0.259430
0.449238
0.058930
0.117366
0.432942
0.240694
0.253791
0.209671
0.351783
0.187938
0.426771
0.190048
0.435110
0.318529
0.199805
0.186754
0.076305
0.153623
0.278480
0.212402
0.296356
0.320577
0.236376
0.444658
0.172673
0.510656
0.401467
0.244344
0.166378
0.339556
0.095644
0.272785
0.411993
0.176283
0.160004
0.295206
0.157572
0.525692
0.265128
0.361970
0.154322
0.368467
0.457516
0.141144
0.120221
0.276426