0.081336
0.193086
0.241183
0.130939
0.108998
0.157729
0.136087
0.262618
0.116557
0.179644
0.101784
0.132386
0.246266
0.298618
0.210323
0.108676
0.245608
0.106004
0.231870
0.132283
0.090705
0.127604
0.150361
0.331191
0.220610
0.473599
0.138024
0.283313
0.113772
0.215226
0.355625
0.377253
0.209279
0.126363
0.255512
0.124854
0.160367
0.433982
0.131778
0.234700
0.075194
0.142978
0.213762
0.123184
0.297406
0.120819
0.241516
0.110884
0.464439
0.303663
0.137627
0.370569
0.133553
0.358749
0.120462
0.221888
0.146635
0.248361
0.265891
0.121907
0.071922
0.209048
0.167335
0.110057
0.127602
0.102937
0.290997
0.271050
0.138555
0.165561
0.116533
0.229904
0.118586
0.245564
0.121318
0.253051
0.167397
0.104405
0.264076
0.126724
0.060828
0.144309
0.139702
0.090837
0.339730
0.285280
0.116409
0.205673
0.113228
0.244607
0.206188
0.585701
0.280840
0.776280
0.197517
0.091873
0.316190
0.090787
0.387384
0.126222
0.080646
0.086337
0.482792
0.423540
0.158326
0.509962
0.241381
0.539922
0.191955
0.171175
0.203037
0.227464
0.243840
0.140375
0.207715
0.190290
0.142851
0.147058
0.140475
0.131854
0.127621
0.077382
0.175781
0.174100
0.186812
0.186141
0.265327
0.112518
0.297125
0.135467
0.101131
0.178338
0.218067
0.480115
0.122902
0.182020
0.115924
0.262996
0.332864
0.389185
0.086182
0.152547
0.273375
0.115458
0.242995
0.107186
0.268400
0.153669
0.142458
0.289616
0.151820
0.284742
0.117639
0.180299
0.102626
0.146995
0.283938
0.327817
0.216578
0.113494
0.094974
0.185526