0.089734
0.255839
0.111444
0.127716
0.155228
0.125267
0.098646
0.173576
0.090895
0.170381
0.124281
0.191656
0.192219
0.175338
0.097495
0.093254
0.279601
0.228901
0.265819
0.217075
0.085335
0.092804
0.453392
0.210144
0.179792
0.190009
0.144504
0.173927
0.154861
0.142401
0.600068
0.295195
0.345564
0.156344
0.376603
0.132464
0.522176
0.198046
0.155297
0.186563
0.076718
0.114446
0.217607
0.419258
0.169802
0.370540
0.294320
0.141014
0.249460
0.227345
0.149193
0.138418
0.323370
0.260068
0.174901
0.258897
0.121858
0.141593
0.146695
0.195384
0.075182
0.160182
0.156433
0.094997
0.112612
0.133498
0.257377
0.495262
0.113320
0.131551
0.206679
0.320222
0.093531
0.284698
0.216864
0.165537
0.217427
0.501370
0.261974
0.154339
0.084585
0.115396
0.131540
0.319103
0.251064
0.223710
0.305792
0.169163
0.298278
0.305291
0.621259
0.261555
0.416767
0.209698
0.260881
0.116517
0.224971
0.492061
0.218279
0.492522
0.167595
0.106316
0.300872
0.482397
0.394185
0.192314
0.382727
0.284277
0.169852
0.187669
0.292940
0.150504
0.162169
0.284687
0.171844
0.135427
0.118988
0.192103
0.103530
0.105931
0.126796
0.270442
0.114643
0.085711
0.475981
0.182235
0.287145
0.271197
0.471543
0.238914
0.224937
0.214524
0.232632
0.369015
0.186399
0.201784
0.162816
0.170488
0.327202
0.204348
0.219875
0.141351
0.767657
0.361179
0.193170
0.139172
0.131198
0.213949
0.138724
0.114790
0.113880
0.114456
0.108098
0.214098
0.109809
0.087559
0.192467
0.355865
0.140490
0.252915
0.140431
0.329917