0.072790
0.168364
0.180234
0.212586
0.272690
0.479731
0.253299
0.228749
0.080704
0.224831
0.210305
0.278226
0.695928
0.368509
0.155494
0.082117
0.054173
0.139512
0.171949
0.141578
0.099471
0.112969
0.312468
0.239082
0.324403
0.590449
0.125802
0.145015
0.316320
0.706308
0.386038
0.247438
0.217636
0.158157
0.131247
0.191530
0.256493
0.083786
0.112589
0.088966
0.093994
0.263650
0.134192
0.143206
0.059230
0.102885
0.109322
0.171269
0.214729
0.179338
0.305947
0.160355
0.089331
0.143854
0.131474
0.142174
0.143914
0.171060
0.313234
0.484241
0.105597
0.150453
0.097600
0.105108
0.263495
0.159031
0.227707
0.319695
0.148159
0.160239
0.163468
0.132209
0.173317
0.528019
0.260063
0.490818
0.347146
0.475367
0.317453
0.299893
0.193956
0.101845
0.385675
0.247021
0.203614
0.511438
0.279034
0.570285
0.514580
0.185658
0.154512
0.157743
0.294368
0.363879
0.196762
0.283432
0.266730
0.139950
0.125623
0.131292
0.136319
0.140008
0.282483
0.318560
0.172510
0.188569
0.173871
0.139304
0.139570
0.136962
0.152356
0.155087
0.170990
0.215066
0.402526
0.254600
0.104842
0.112188
0.188245
0.217362
0.155033
0.279417
0.181846
0.155820
0.140710
0.272262
0.486083
0.220058
0.208796
0.243812
0.306124
0.545174
0.266953
0.253923
0.136947
0.146634
0.236408
0.286435
0.397659
0.217834
0.255889
0.211076
0.167792
0.415902
0.103470
0.158957
0.173584
0.158951
0.256213
0.242890
0.191564
0.217811
0.103379
0.080083
0.235761
0.178721
0.182112
0.331075
0.133463
0.174187
0.049306
0.145656