0.052554
0.123571
0.199310
0.424426
0.236234
0.191112
0.188362
0.365552
0.154148
0.150664
0.256509
0.244740
0.150942
0.224336
0.262725
0.509434
0.322358
0.179644
0.245967
0.482204
0.732034
0.411364
0.141533
0.202267
0.287600
0.284305
0.217957
0.162300
0.216746
0.147480
0.221118
0.457932
0.070316
0.154198
0.211516
0.342112
0.301160
0.145542
0.208584
0.291121
0.137580
0.213212
0.190551
0.252599
0.543019
0.188233
0.126791
0.274302
0.110689
0.288976
0.169874
0.371985
0.574563
0.298986
0.457403
0.200972
0.392121
0.244075
0.309730
0.437590
0.287407
0.151778
0.294450
0.317936
0.090668
0.146849
0.211179
0.343096
0.251470
0.494407
0.181924
0.178754
0.369541
0.248640
0.165449
0.229189
0.235443
0.283053
0.120368
0.184954
0.068401
0.174268
0.210924
0.148750
0.335050
0.242231
0.444549
0.274852
0.261077
0.416937
0.257873
0.273695
0.099098
0.214657
0.315904
0.146806
0.097761
0.209858