0.209149
0.302248
0.137577
0.321818
0.433440
0.285707
0.146880
0.267776
0.257698
0.281431
0.206664
0.192697
0.495950
0.282112
0.255194
0.246167
0.127222
0.220977
0.199927
0.229127
0.120040
0.107335
0.180070
0.287957
0.213147
0.365919
0.318400
0.159003
0.150298
0.283377
0.278828
0.423802
0.157784
0.292006
0.203333
0.107099
0.293506
0.141677
0.128861
0.099787
0.130941
0.255175
0.400472
0.391508
0.399938
0.338967
0.340812
0.329734
0.318254
0.163614
0.415501
0.264508
0.551148
0.301181
0.241465
0.271898
0.660072
0.399490
0.268343
0.335488
0.339004
0.418273
0.164884
0.162850
0.219451
0.282593
0.241182
0.200637
0.517428
0.231448
0.395184
0.341143
0.295290
0.348416
0.529957
0.366895
0.164670
0.148323
0.657421
0.376736
0.099684
0.134352
0.218545
0.246342
0.321624
0.124883
0.289656
0.446626
0.208146
0.223177
0.110594
0.180580
0.194122
0.285501
0.166499
0.166173
0.102633
0.257892