0.080994
0.147503
0.354599
0.201179
0.332960
0.318976
0.227816
0.369999
0.467515
0.360561
0.531438
0.278039
0.255211
0.191698
0.375007
0.184772
0.108507
0.161252
0.320307
0.289461
0.136823
0.204252
0.470853
0.308374
0.521468
0.243443
0.564569
0.236222
0.239590
0.162384
0.567370
0.344892
0.294829
0.225163
0.190927
0.373034
0.562785
0.153385
0.429137
0.372776
0.534610
0.297234
0.232552
0.395597
0.216021
0.354575
0.244400
0.404879
0.079718
0.135419
0.255966
0.554784
0.382397
0.458451
0.207571
0.252716
0.207658
0.348175
0.283493
0.467457
0.456165
0.214670
0.183581
0.197739
0.324676
0.341206
0.516495
0.631205
0.216601
0.380151
0.186675
0.115445
0.256454
0.186444
0.673486
0.339118
0.140875
0.312930
0.651192
0.525717
0.230117
0.388336
0.187936
0.264149
0.170630
0.102576
0.250414
0.117369
0.216699
0.302120
0.133951
0.175033
0.334577
0.339244
0.452378
0.185724
0.048011
0.149159