0.089432
0.097462
0.190495
0.196081
0.197301
0.392747
0.265039
0.238645
0.169116
0.180354
0.301659
0.283013
0.354448
0.506048
0.416868
0.257408
0.225823
0.293340
0.172278
0.227604
0.156707
0.293203
0.083196
0.122114
0.338747
0.238351
0.243900
0.217913
0.154939
0.148531
0.230762
0.286221
0.261202
0.180775
0.135145
0.212102
0.256461
0.204739
0.206925
0.164243
0.119880
0.152897
0.144677
0.162759
0.084222
0.245669
0.119775
0.227305
0.119245
0.232705
0.267470
0.175471
0.191214
0.107641
0.181014
0.175955
0.208241
0.176232
0.183351
0.109680
0.176126
0.137235
0.181697
0.271590
0.194138
0.341024
0.106727
0.185247
0.152643
0.128857
0.177368
0.303875
0.161579
0.231826
0.192859
0.215716
0.289210
0.476971
0.156019
0.336007
0.191892
0.329869
0.403276
0.211837
0.282497
0.326497
0.502026
0.267540
0.103349
0.178839
0.310568
0.689465
0.223087
0.236358
0.125424
0.212685
0.274986
0.249390
0.203238
0.369956
0.163461
0.154248
0.186087
0.348266
0.299187
0.303866
0.194161
0.266224
0.177380
0.321688
0.150765
0.203697
0.207170
0.244870
0.423229
0.199854
0.312795
0.505187
0.214258
0.312893
0.218462
0.436904
0.363411
0.216605
0.758760
0.406873
0.277046
0.550617
0.148033
0.184543
0.337761
0.263347
0.160949
0.121389
0.225389
0.241036
0.299699
0.257794
0.423811
0.211353
0.154912
0.167471
0.144436
0.193147
0.307961
0.269696
0.171324
0.255688
0.179368
0.349371
0.280795
0.155090
0.372535
0.242080
0.079558
0.112809
0.213013
0.255949
0.188837
0.171695
0.151932
0.165950
0.194806
0.308320
0.293972
0.260023
0.230787
0.180863
0.151365
0.140701
0.261406
0.212862
0.200793
0.182676
0.188215
0.198283
0.087154
0.154233
0.182426
0.165286
0.209777
0.376726
0.217200
0.362741
0.370719
0.221299
0.163828
0.240460
0.161903
0.299837
0.333427
0.209311
0.233180
0.161146
0.397671
0.235597
0.295314
0.191017
0.094226
0.144378