0.109216
0.185541
0.223706
0.159048
0.220539
0.157579
0.176046
0.150777
0.228681
0.381532
0.300145
0.250065
0.212460
0.185379
0.139815
0.208293
0.168281
0.181246
0.231573
0.195848
0.090233
0.126107
0.218777
0.192665
0.192965
0.167152
0.255746
0.426964
0.310726
0.229051
0.199454
0.179245
0.150128
0.241707
0.152477
0.174438
0.271530
0.380470
0.231289
0.218591
0.116494
0.177873
0.210208
0.166308
0.221230
0.191183
0.255195
0.289880
0.156819
0.196713
0.185205
0.240787
0.227535
0.367497
0.545302
0.287856
0.520625
0.333955
0.267848
0.170211
0.141369
0.118470
0.425181
0.286702
0.307446
0.325058
0.168776
0.242536
0.369619
0.536106
0.156349
0.227160
0.253151
0.203843
0.197610
0.248964
0.244731
0.212888
0.212512
0.208746
0.128546
0.166347
0.322346
0.636430
0.213350
0.443039
0.406314
0.262807
0.166339
0.382879
0.158683
0.235562
0.230391
0.217064
0.185000
0.220849
0.231137
0.353602
0.177913
0.203353
0.118332
0.209391
0.213373
0.130770
0.249804
0.222301
0.346688
0.154734
0.231039
0.408981
0.254891
0.233557
0.249882
0.473122
0.169853
0.195337
0.203834
0.232099
0.323377
0.218493
0.097041
0.169532
0.266885
0.193542
0.193280
0.132662
0.204575
0.261384
0.189097
0.293288
0.247804
0.508574
0.283358
0.510452
0.238664
0.225166
0.266004
0.338961
0.414589
0.245303
0.113824
0.119787
0.224169
0.188024
0.206325
0.246438
0.488415
0.336180
0.193328
0.245711
0.192318
0.210364
0.167525
0.235750
0.339308
0.188969
0.441286
0.205142
0.259930
0.221455
0.095955
0.132099