0.269505
0.183359
0.558878
0.371729
0.333716
0.493437
0.436896
0.501977
0.350650
0.336333
0.318551
0.281743
0.378176
0.382793
0.528038
0.603847
0.639592
0.359331
0.301704
0.282531
0.361131
0.189575
0.107517
0.107826
0.310688
0.331809
0.351286
0.352956
0.267272
0.253028
0.222645
0.209440
0.282365
0.279038
0.480409
0.476931
0.219828
0.201710
0.223347
0.209036
0.131855
0.156328
0.302486
0.330670
0.207314
0.308191
0.306157
0.282721
0.175240
0.236145
0.390418
0.228069
0.236613
0.230673
0.429719
0.385157
0.367412
0.196927
0.157737
0.210729
0.186398
0.202651
0.422028
0.420367
0.378983
0.330807
0.275559
0.161910
0.281118
0.298397
0.213215
0.266723
0.653555
0.410765
0.550074
0.321289
0.242435
0.248285
0.240748
0.238248
0.172861
0.165524
0.400843
0.393642
0.302529
0.396030
0.356045
0.393656
0.206335
0.203173
0.222830
0.237783
0.288444
0.302526
0.454453
0.510155
0.252794
0.481853
0.451455
0.300597
0.156227
0.156577
0.403914
0.377229
0.273170
0.347497
0.317255
0.403719
0.215205
0.318431
0.135794
0.193794
0.273986
0.278124
0.430728
0.488896
0.261536
0.436603
0.230383
0.434015
0.156053
0.151915
0.378488
0.374099
0.347837
0.302059
0.422478
0.222063
0.267001
0.233442
0.260362
0.463652
0.115952
0.232708
0.545531
0.335004
0.255205
0.227894
0.239637
0.201160
0.114371
0.207418
0.190383
0.190426
0.137391
0.131796
0.351277
0.185267
0.126876
0.129911
0.103915
0.102744
0.138246
0.225984
0.351338
0.522784
0.091391
0.093928
0.103153
0.103067
0.155947
0.123982
0.397079
0.287086
0.334376
0.567484
0.321216
0.340598
0.397485
0.242263
0.381393
0.239473
0.247660
0.249600
0.396626
0.454888
0.162564
0.239452
0.191455
0.176446
0.142736
0.262766
0.372201
0.396675
0.313277
0.309714
0.361162
0.342698
0.498198
0.322985
0.170978
0.202251
0.261366
0.266494
0.444197
0.467489
0.189491
0.229012
0.129187
0.223079