0.097426
0.190683
0.242412
0.249915
0.214590
0.229411
0.326220
0.229245
0.216693
0.167566
0.150721
0.202741
0.221450
0.279821
0.196020
0.364075
0.213077
0.199872
0.369941
0.352258
0.223160
0.201938
0.122991
0.266966
0.113203
0.242097
0.289689
0.190500
0.173120
0.325017
0.123381
0.174580
0.214331
0.298005
0.124310
0.198475
0.140171
0.204077
0.248973
0.372690
0.297691
0.397874
0.316342
0.373411
0.129278
0.249297
0.243652
0.404324
0.274551
0.260787
0.249280
0.189152
0.643167
0.357480
0.277219
0.197425
0.497149
0.233077
0.603662
0.268245
0.233080
0.159829
0.238950
0.188005
0.101437
0.170872
0.103301
0.303908
0.161386
0.102993
0.098365
0.147969
0.160245
0.223465
0.101954
0.117341
0.107862
0.162075
0.215818
0.356507
0.461169
0.580345
0.305260
0.373414
0.566802
0.307547
0.430828
0.786812
0.166482
0.235642
0.269408
0.171662
0.372907
0.289260
0.293366
0.150663
0.285918
0.172068
0.580725
0.374964
0.406858
0.306567
0.281024
0.394165
0.345305
0.214432
0.268605
0.462176
0.344319
0.172888
0.132932
0.132948
0.376846
0.295139
0.586899
0.383097
0.580878
0.321824
0.580692
0.332234
0.271526
0.301349
0.482045
0.349156
0.224473
0.271146
0.308877
0.315467
0.232163
0.249283
0.202651
0.188857
0.179551
0.283406
0.213457
0.207152
0.229730
0.233945
0.427592
0.255974
0.511914
0.404748
0.290984
0.354815
0.321564
0.218357
0.218745
0.438407
0.609262
0.324713
0.504440
0.297469
0.347293
0.291788
0.200207
0.167244
0.315113
0.153389
0.521895
0.368283
0.289853
0.253707
0.243070
0.330701
0.256681
0.217585
0.240983
0.356015
0.253127
0.186111
0.190676
0.165227
0.308300
0.176123
0.250031
0.134750
0.084021
0.222170
0.449713
0.216504
0.299219
0.289733
0.347728
0.523158
0.523553
0.283714
0.260804
0.319854
0.264756
0.213988
0.446220
0.239366
0.330491
0.215607
0.267681
0.180106
0.234495
0.155459
0.337771
0.232207