0.091955
0.196023
0.209527
0.134424
0.311315
0.258896
0.249253
0.146716
0.273175
0.445824
0.396602
0.252654
0.213373
0.203461
0.213863
0.179087
0.314916
0.316620
0.243534
0.245994
0.318512
0.247417
0.320761
0.289707
0.185679
0.362341
0.408947
0.411613
0.419352
0.398055
0.530534
0.314231
0.213775
0.405592
0.364871
0.347897
0.254463
0.478914
0.243238
0.352526
0.201332
0.247083
0.216602
0.131584
0.474407
0.282458
0.433858
0.563489
0.241257
0.229835
0.205270
0.155915
0.653779
0.462486
0.246593
0.308634
0.464516
0.257105
0.412159
0.231637
0.390118
0.225183
0.477522
0.446091
0.420796
0.507615
0.321985
0.269323
0.610497
0.339572
0.471324
0.359184
0.194773
0.406058
0.166650
0.199294
0.261478
0.308183
0.158782
0.163817
0.304756
0.365089
0.219977
0.441842
0.213697
0.411988
0.161769
0.209491
0.341928
0.505190
0.206251
0.448426
0.172382
0.185651
0.477786
0.238907
0.118723
0.147712
0.595310
0.406893
0.317148
0.386648
0.373784
0.249431
0.159753
0.172838
0.274679
0.301707
0.184639
0.230725
0.162643
0.185734
0.241382
0.229257
0.156048
0.141276
0.408547
0.270011
0.400123
0.313036
0.096390
0.157107
0.171938
0.176801
0.340728
0.295973
0.216836
0.286693
0.398905
0.235757
0.724648
0.415252
0.469669
0.228119
0.455961
0.403427
0.370834
0.461801
0.283788
0.260761
0.142837
0.137773
0.445061
0.282057
0.143751
0.160763
0.143556
0.155850
0.230083
0.150937
0.139795
0.103124
0.351224
0.281173
0.469333
0.379728
0.194534
0.165478
0.364779
0.142005
0.189416
0.355195