0.317646
0.226653
0.219286
0.191583
0.147321
0.170678
0.509643
0.279590
0.211718
0.222180
0.496557
0.294042
0.226674
0.206892
0.266378
0.320372
0.190033
0.403688
0.246261
0.215832
0.232732
0.210077
0.239370
0.170915
0.303791
0.162764
0.283465
0.224945
0.228262
0.430539
0.298301
0.223771
0.182694
0.242868
0.267710
0.336836
0.177069
0.188078
0.214158
0.224216
0.231726
0.235812
0.194785
0.190235
0.092709
0.087969
0.279660
0.219876
0.191601
0.229730
0.272992
0.413143
0.231966
0.555680
0.423385
0.585622
0.186129
0.192846
0.245563
0.515858
0.174460
0.271384
0.132556
0.240884
0.111662
0.112144
0.107162
0.219642
0.170115
0.170530
0.162355
0.142775
0.167585
0.144569
0.169300
0.208082
0.118534
0.129014
0.154695
0.165931
0.135532
0.336779
0.101683
0.159344
0.116200
0.112436
0.174680
0.369992
0.083777
0.192016
0.234574
0.373399
0.172070
0.151548
0.250969
0.170577
0.112503
0.098101
0.156186
0.177086
0.234623
0.175968
0.194273
0.163062
0.166211
0.316311
0.249265
0.246339
0.214714
0.202887
0.136480
0.196833
0.412146
0.186338
0.310840
0.418632
0.187307
0.366762
0.437644
0.247498
0.189778
0.171230
0.176043
0.153563
0.148244
0.291889
0.253194
0.439372
0.204121
0.187312
0.228321
0.225422
0.081839
0.133110
0.321393
0.227022
0.161589
0.175876
0.240758
0.119880
0.178172
0.192722
0.156637
0.161535
0.138195
0.235129
0.197464
0.221386
0.183744
0.164724
0.207149
0.217787
0.191524
0.161163
0.096537
0.127808
0.321618
0.160417
0.204433
0.150693
0.145835
0.206211
0.147667
0.178218
0.143728
0.126418
0.179402
0.248327
0.374872
0.220321
0.157327
0.240442
0.188222
0.197888
0.284278
0.200904
0.076701
0.113523
0.343603
0.217286
0.180199
0.188159
0.140466
0.330712
0.099797
0.125759
0.168639
0.230486
0.364765
0.174838
0.198603
0.261878
0.210395
0.141424
0.307634
0.204147
0.291574
0.166958
0.085001
0.164754