0.197183
0.322458
0.200579
0.184876
0.514035
0.315470
0.328471
0.198066
0.350133
0.213703
0.253995
0.366602
0.312231
0.162190
0.272301
0.354024
0.266079
0.366672
0.111970
0.081625
0.349202
0.316712
0.298567
0.351395
0.546180
0.373184
0.414082
0.313675
0.445301
0.160451
0.212222
0.491397
0.282660
0.298147
0.227164
0.374475
0.220065
0.257835
0.593037
0.300107
0.201971
0.237663
0.303693
0.323777
0.174661
0.170059
0.314013
0.329590
0.271819
0.256918
0.180904
0.179826
0.286313
0.235297
0.104086
0.208976
0.159292
0.182697
0.265308
0.305640
0.156235
0.284441
0.356556
0.255379
0.314471
0.388655
0.541098
0.358681
0.394326
0.271237
0.366885
0.298363
0.108969
0.091349
0.399189
0.343326
0.441476
0.170783
0.205191
0.504018
0.325086
0.537097
0.165845
0.182412
0.189318
0.315595
0.234213
0.287422
0.184507
0.162598
0.254340
0.215543
0.140993
0.151523
0.408848
0.172500
0.340573
0.628802
0.302379
0.124153
0.343829
0.295829
0.292817
0.308268
0.289720
0.144229
0.393279
0.335625
0.087435
0.145757
0.433875
0.746394
0.263107
0.092779
0.099948
0.206327
0.196555
0.254592
0.188221
0.207162
0.110868
0.190838
0.241026
0.360538
0.110123
0.088692
0.164410
0.430256