0.060630
0.163840
0.309925
0.137645
0.128809
0.144271
0.217715
0.112554
0.241954
0.144410
0.123253
0.120578
0.259889
0.122132
0.104934
0.223393
0.112003
0.115351
0.099395
0.101588
0.192539
0.154911
0.083993
0.082972
0.303687
0.201319
0.289236
0.260937
0.276473
0.217269
0.275857
0.141550
0.489420
0.276130
0.209926
0.167555
0.738157
0.340556
0.719317
0.191488
0.206622
0.188916
0.100703
0.596732
0.282253
0.212013
0.212256
0.245513
0.108551
0.263093
0.131963
0.123961
0.230151
0.125797
0.091917
0.091916
0.219316
0.086405
0.113452
0.295221
0.274103
0.305643
0.325351
0.446844
0.232582
0.165680
0.160141
0.264204
0.248918
0.144785
0.060374