0.139248
0.097560
0.195617
0.406354
0.421918
0.825199
0.537052
0.342837
0.193251
0.161972
0.336533
0.805362
0.308827
0.116929
0.171203
0.206031
0.743425
0.393210
0.225148
0.131708
0.195947
0.318338
0.233037
0.266647
0.187995
0.316923
0.229022
0.136190
0.209573
0.251196
0.243932
0.149039
0.223391
0.133015
0.481578
0.290336
0.086187
0.126571
0.321307
0.137365
0.091197
0.258548
0.231995
0.255093
0.121128
0.153283
0.274820
0.125623
0.166322
0.398609
0.174381
0.131320
0.189939
0.308201
0.142925
0.128437
0.281170
0.282024
0.226149
0.312556
0.127194
0.171220
0.148178
0.305315
0.194188
0.257270
0.211192
0.194841
0.378495
0.190266
0.243112
0.222015
0.141294
0.136492
0.243692
0.331520
0.302364
0.280237
0.235820
0.324901
0.065760
0.105578
0.259650
0.216943
0.213444
0.236014
0.174415
0.383707
0.310472
0.248996
0.183545
0.387769
0.359842
0.155599
0.391109
0.131340
0.263790
0.295275
0.139385
0.178584
0.107653
0.172034
0.228789
0.479314
0.366259
0.169160
0.197351
0.350455
0.385161
0.187032
0.301106
0.611890
0.220919
0.313394
0.283320
0.231940
0.312656
0.178485
0.189721
0.269306
0.097224
0.207023
0.135844
0.185748
0.336555
0.222027
0.243759
0.141402
0.296491
0.281983
0.260233
0.317374
0.213427
0.216110
0.171436
0.317221
0.202910
0.304469
0.245155
0.190776
0.083172
0.135609
0.266583
0.239658
0.135396
0.107340
0.247338
0.567585
0.129530
0.286863
0.338846
0.404328
0.284181
0.143895
0.126124
0.214165
0.226050
0.119330
0.112243
0.173993
0.105375
0.225832