0.106687
0.107260
0.252087
0.286453
0.470706
0.349012
0.257315
0.265035
0.172658
0.310555
0.303178
0.211281
0.207704
0.321881
0.254081
0.295500
0.634138
0.347970
0.190943
0.255127
0.228844
0.148814
0.380867
0.433822
0.278144
0.195515
0.296388
0.185404
0.579282
0.337930
0.464067
0.355241
0.253188
0.281166
0.194399
0.293667
0.180640
0.300955
0.165696
0.220227
0.340660
0.426783
0.198371
0.415502
0.198805
0.187134
0.243555
0.464619
0.323015
0.185483
0.253192
0.478934
0.182476
0.231374
0.193881
0.219673
0.227264
0.378498
0.406006
0.364644
0.152817
0.222740
0.254591
0.247931
0.232096
0.289284
0.229997
0.204201
0.240440
0.145162
0.222401
0.208539
0.155410
0.221067
0.237303
0.208211
0.339774
0.425848
0.498004
0.259946
0.105407
0.219235
0.241510
0.254749
0.284220
0.192962
0.256173
0.215252
0.209283
0.257125
0.199449
0.461037
0.297904
0.205631
0.384642
0.393953
0.448255
0.222854
0.225004
0.170232
0.176316
0.274566
0.300980
0.200228
0.509940
0.206467
0.217338
0.460439
0.223792
0.245295
0.571448
0.374842
0.264150
0.530668
0.299705
0.242733
0.590368
0.320199
0.321969
0.243635
0.270164
0.160640
0.304058
0.531314
0.214431
0.346197
0.372693
0.224028
0.349539
0.245073
0.675585
0.500579
0.255562
0.262708
0.256615
0.284300
0.263825
0.311577
0.264639
0.413464
0.144710
0.259796
0.328885
0.222003
0.650416
0.300312
0.255564
0.259731
0.410199
0.398198
0.238979
0.244394
0.312733
0.520518
0.541414
0.283393
0.225541
0.324529
0.260759
0.498473
0.171575
0.220626