0.229989
0.268907
0.406581
0.296040
0.327002
0.192615
0.268801
0.283319
0.163342
0.335865
0.442538
0.260079
0.243120
0.240464
0.653279
0.470971
0.301235
0.248463
0.219017
0.388401
0.427442
0.247388
0.238708
0.255012
0.174989
0.149865
0.444468
0.310094
0.280120
0.161125
0.259183
0.221449
0.226030
0.203300
0.416543
0.309231
0.272664
0.194269
0.188429
0.299168
0.278785
0.248963
0.369458
0.242782
0.093255
0.153847
0.241889
0.268711
0.190112
0.295589
0.249308
0.196910
0.226620
0.228793
0.417516
0.218399
0.290245
0.220733
0.176118
0.358851
0.301579
0.468357
0.275511
0.288979
0.169495
0.196240
0.204776
0.224563
0.225801
0.215330
0.262603
0.473435
0.197903
0.207361
0.380798
0.350357
0.303674
0.392709
0.255219
0.242544
0.369153
0.548288
0.369000
0.389867
0.216727
0.232010
0.370508
0.530371
0.486816
0.386555
0.546379
0.326744
0.293183
0.273100
0.419855
0.498398
0.299014
0.348535
0.279788
0.455771
0.238313
0.293477
0.259701
0.305062
0.149978
0.178905
0.320471
0.234249
0.290966
0.172894
0.166932
0.236682
0.229942
0.329677
0.340914
0.322395
0.193297
0.295486
0.329576
0.215374
0.316713
0.196648
0.589515
0.460873
0.442839
0.189863
0.340105
0.286468
0.202131
0.338391
0.284170
0.272888
0.198540
0.198665
0.491703
0.357875
0.546038
0.317021
0.395618
0.498920
0.271989
0.304337
0.283472
0.495075
0.169194
0.184967
0.231466
0.281489
0.280872
0.181053
0.226048
0.249510
0.232477
0.373711
0.272049
0.412528
0.238985
0.401316
0.395840
0.247905
0.311479
0.166069
0.397298
0.221218
0.390755
0.166643
0.336071
0.474628
0.166482
0.311591
0.292842
0.224473
0.239583
0.234926
0.455017
0.343963
0.192852
0.205928
0.194366
0.352712
0.300588
0.500625
0.442712
0.322810
0.152830
0.204257
0.341938
0.467866
0.273533
0.246759
0.435847
0.275058
0.274371
0.460612
0.331184
0.456835
0.241189
0.311396
0.201777
0.221347