0.179527
0.159336
0.198542
0.293441
0.205601
0.392251
0.153419
0.175664
0.177192
0.275506
0.281606
0.402429
0.235597
0.207697
0.162178
0.177079
0.111336
0.167080
0.324428
0.170007
0.134020
0.118105
0.123482
0.247558
0.179118
0.191153
0.181896
0.203533
0.355806
0.196316
0.233815
0.262169
0.132581
0.203403
0.269211
0.153397
0.169517
0.127841
0.172203
0.275875
0.399755
0.250635
0.247405
0.218255
0.415634
0.548376
0.386252
0.240679
0.095467
0.095810
0.384500
0.166791
0.160817
0.329931
0.312228
0.164084
0.287261
0.423424
0.469862
0.340054
0.227005
0.184539
0.385298
0.180936
0.123438
0.121138
0.341495
0.517892
0.293341
0.192390
0.179776
0.228136
0.286376
0.223377
0.394332
0.218566
0.175484
0.339411
0.134857
0.173640
0.123247
0.140284
0.287472
0.518328
0.443123
0.291035
0.261543
0.268117
0.149326
0.214424
0.167707
0.125505
0.358500
0.180785
0.127047
0.255053
0.092166
0.140936