0.105277
0.088700
0.209225
0.458732
0.404025
0.226476
0.271828
0.607251
0.262492
0.529443
0.475625
0.258745
0.075277
0.078922
0.181521
0.384257
0.074653
0.137494
0.154620
0.197768
0.075892
0.127052
0.102486
0.094158
0.153763
0.157515
0.361022
0.303810
0.087388
0.072488
0.189978
0.174715
0.211193
0.194832
0.308353
0.420423
0.143364
0.310637
0.403092
0.241001
0.207969
0.169654
0.050213
0.045697
0.244948
0.132630
0.169567
0.196796
0.139935
0.281014
0.608703
0.367736
0.216824
0.140511
0.174843
0.120974
0.086438
0.209120
0.124995
0.157809
0.172058
0.129543
0.228596
0.413958
0.343583
0.473754
0.172013
0.214653
0.208925
0.468186
0.081563
0.088197