0.062668
0.166741
0.155195
0.166232
0.119080
0.146915
0.184202
0.227111
0.165192
0.127257
0.141707
0.226235
0.177029
0.138397
0.255761
0.159325
0.181590
0.340225
0.142173
0.215048
0.079442
0.127765
0.162277
0.127411
0.228957
0.201899
0.135621
0.168314
0.181961
0.176104
0.212057
0.313233
0.193964
0.252967
0.308991
0.165683
0.270294
0.549304
0.238317
0.191833
0.264887
0.175991
0.614548
0.357199
0.198875
0.234354
0.291529
0.218065
0.237635
0.439919
0.347917
0.585273
0.230973
0.211029
0.183897
0.199745
0.163729
0.150298
0.145723
0.143418
0.079758
0.139124
0.267095
0.164173
0.198776
0.190547
0.146713
0.151438
0.185133
0.231185
0.170256
0.152957
0.534911
0.264644
0.199732
0.229966
0.176014
0.341372
0.284390
0.292866
0.237753
0.158956
0.277540
0.555454
0.226269
0.176896
0.338792
0.220172
0.240419
0.451000
0.134223
0.229169
0.400277
0.153170
0.154220
0.119043
0.241566
0.247361
0.120329
0.183096
0.085643
0.169723
0.116218
0.184976
0.269473
0.476838
0.206389
0.314114
0.251166
0.150190
0.210032
0.453372
0.163535
0.333739
0.182964
0.286422
0.394889
0.196309
0.241754
0.485333
0.111175
0.101554
0.269342
0.347554
0.146292
0.186571
0.195293
0.160774
0.137797
0.172908
0.134214
0.132050
0.409284
0.305953
0.142877
0.129377
0.190856
0.177894
0.178808
0.139722
0.120049
0.198737
0.329255
0.202249
0.170568
0.166597
0.187786
0.313517
0.126085
0.108981
0.220867
0.170402
0.131706
0.147868
0.216335
0.133557
0.164723
0.163138
0.200550
0.244599
0.070674
0.105390