0.105002
0.163101
0.190804
0.344822
0.208420
0.161740
0.272264
0.184069
0.255833
0.245459
0.211253
0.157699
0.174138
0.218111
0.225648
0.256601
0.087582
0.124927
0.253551
0.197975
0.306613
0.175494
0.174310
0.320380
0.169918
0.165333
0.176304
0.191827
0.249375
0.441148
0.287454
0.116149
0.088538
0.217133
0.272739
0.107396
0.141517
0.308600
0.162836
0.232916
0.226848
0.168294
0.222016
0.254194
0.421040
0.195259
0.491306
0.329140
0.132282
0.132997
0.357989
0.650895
0.382482
0.238764
0.198765
0.444556
0.258836
0.455188
0.164457
0.183191
0.151042
0.225858
0.132518
0.153952
0.116156
0.242224
0.153237
0.177532
0.324762
0.141282
0.332110
0.231622
0.212373
0.232371
0.305653
0.593552
0.225471
0.396533
0.385895
0.310665
0.510525
0.342891
0.346291
0.489645
0.148824
0.241627
0.162396
0.151360
0.209251
0.198239
0.169446
0.124663
0.266762
0.256785
0.086472
0.195691
0.121067
0.147068