0.073922
0.135107
0.149841
0.290848
0.357678
0.143063
0.214707
0.210454
0.283282
0.134070
0.247572
0.166931
0.266901
0.106603
0.214358
0.189633
0.111864
0.094375
0.332609
0.311084
0.285996
0.235610
0.144697
0.144229
0.228466
0.224475
0.239376
0.244967
0.145304
0.089667
0.085145
0.086990
0.129813
0.300833
0.163253
0.281994
0.132462
0.087274
0.369413
0.173029
0.181396
0.093719
0.429128
0.190765
0.143298
0.131458
0.376832
0.148267
0.127448
0.154844
0.269155
0.117968
0.376448
0.210970
0.526544
0.215839
0.560449
0.224352
0.147057
0.153280
0.801296
0.416547
0.280189
0.236317
0.079137
0.103487
0.277359
0.156100
0.624013
0.249402
0.217026
0.123441
0.348628
0.165765
0.366052
0.172758
0.544323
0.374356
0.290026
0.127024
0.084005
0.075365
0.243933
0.121114
0.194590
0.103462
0.111114
0.115762
0.281997
0.144098
0.176820
0.290772
0.123923
0.107115
0.216537
0.146288
0.090656
0.213309