0.187851
0.198928
0.422529
0.273363
0.196998
0.241226
0.124780
0.219058
0.125096
0.236854
0.157345
0.148990
0.206858
0.355730
0.297015
0.199703
0.119401
0.207053
0.245421
0.259912
0.211990
0.353086
0.109370
0.245656
0.204265
0.168140
0.437920
0.246329
0.242355
0.244613
0.171068
0.242059
0.079520
0.132690
0.152764
0.173156
0.127905
0.269705
0.150357
0.143289
0.151792
0.222453
0.429514
0.326813
0.322135
0.134380
0.169993
0.305173
0.117686
0.191401
0.174263
0.138998
0.367994
0.163816
0.244568
0.183859
0.319940
0.303645
0.303297
0.237673
0.274763
0.332232
0.439920
0.234222
0.215907
0.154357
0.213269
0.220752
0.252344
0.244394
0.339172
0.433652
0.576417
0.331135
0.396614
0.586885
0.391338
0.257866
0.169245
0.151827
0.168694
0.126589
0.553284
0.285549
0.368024
0.274600
0.206003
0.139215
0.372998
0.310670
0.174119
0.163070
0.110040
0.110927
0.329832
0.161157
0.106544
0.228295