0.053290
0.079080
0.148673
0.185758
0.180782
0.262210
0.220466
0.167902
0.199214
0.295919
0.193823
0.229298
0.214552
0.432139
0.368813
0.129615
0.430495
0.226775
0.277894
0.537030
0.811869
0.429533
0.340229
0.192179
0.137876
0.276694
0.177298
0.111104
0.092635
0.153707
0.092712
0.208019
0.286872
0.202352
0.224927
0.151702
0.165496
0.309488
0.135239
0.203276
0.148580
0.188155
0.086832
0.135215
0.183316
0.296002
0.227954
0.440960
0.097136
0.119854
0.192193
0.060527
0.233734
0.079692
0.072007
0.208758
0.080966
0.268717
0.326313
0.149941
0.316618
0.146627
0.173936
0.166474
0.284820
0.173083
0.243025
0.366789
0.226353
0.273206
0.135087
0.165155