0.149034
0.288182
0.398054
0.265316
0.385881
0.177643
0.449401
0.380016
0.301176
0.235472
0.222587
0.280134
0.329279
0.618337
0.562749
0.367592
0.205535
0.271308
0.373221
0.270302
0.396311
0.304407
0.326888
0.620961
0.176796
0.312587
0.287944
0.147196
0.144331
0.167276
0.372858
0.116717
0.577781
0.469862
0.159999
0.321998
0.197031
0.313841
0.255160
0.164956
0.499751
0.218638
0.229500
0.212386
0.278924
0.449351
0.331412
0.555505
0.250399
0.490152
0.190512
0.180765
0.147658
0.175169
0.469971
0.290135
0.149044
0.267126
0.214283
0.251479
0.253397
0.170299
0.337742
0.226203
0.309305
0.190204
0.278469
0.261648
0.289801
0.134770
0.141572
0.311519