0.099678
0.159330
0.202426
0.194772
0.227557
0.401295
0.117610
0.138707
0.473730
0.287505
0.250014
0.184758
0.200542
0.467949
0.160163
0.131443
0.204558
0.238937
0.051431
0.055123
0.228975
0.177402
0.230082
0.154296
0.221408
0.223818
0.160365
0.247922
0.230298
0.206023
0.145061
0.163605
0.221287
0.246578
0.273636
0.408866
0.083776
0.156408
0.292886
0.148138
0.213755
0.192107
0.134338
0.199775
0.255761
0.146396
0.271665
0.159956
0.185159
0.261211
0.535498
0.312570
0.259507
0.150062
0.068663
0.088792
0.267824
0.236862
0.355269
0.528773
0.280052
0.152571
0.149924
0.168822
0.206793
0.197093
0.184302
0.199406
0.353261
0.197404
0.142300
0.120496
0.092777
0.101008
0.175537
0.200290
0.159649
0.219450
0.282218
0.147818
0.461268
0.289624
0.189025
0.220422
0.192515
0.444782
0.115434
0.251143
0.211255
0.232107
0.097210
0.119231
0.260172
0.503602
0.288893
0.161129
0.173286
0.228346
0.185403
0.179839
0.208192
0.100263
0.255650
0.119351
0.417338
0.289003
0.137249
0.229117
0.075631
0.179073
0.139082
0.149259
0.548825
0.314300
0.226976
0.235842
0.218056
0.248256
0.178862
0.141147
0.283701
0.200909
0.224834
0.429292
0.254172
0.260110
0.224627
0.156493