0.103389
0.103437
0.446673
0.367847
0.557283
0.355218
0.128073
0.311120
0.188840
0.364771
0.207427
0.421633
0.335220
0.274248
0.305618
0.141845
0.205254
0.293097
0.180502
0.100529
0.178039
0.391420
0.217741
0.319518
0.124786
0.211188
0.338994
0.186229
0.196573
0.231952
0.269165
0.170639
0.185365
0.105587
0.153847
0.251600
0.150559
0.094151
0.353341
0.291491
0.159334
0.380101
0.127532
0.167013
0.281368
0.405652
0.131327
0.248714
0.198754
0.295534
0.100228
0.085375
0.182318
0.125579
0.212425
0.440466
0.391242
0.428394
0.255392
0.348710
0.101240
0.139115
0.389108
0.234934
0.754416
0.426046
0.234488
0.377839
0.111091
0.255865
0.452296
0.308667
0.141916
0.159431
0.434434
0.650363
0.323705
0.239121
0.251948
0.161118
0.201594
0.237946
0.288234
0.245798
0.245682
0.331040
0.104146
0.123878
0.230229
0.372130
0.213898
0.140959
0.319306
0.382623
0.235017
0.315591
0.167646
0.208799
0.305413
0.218401
0.121391
0.287905
0.326834
0.500903
0.114904
0.126529
0.218831
0.172670
0.225533
0.113126
0.322876
0.335249
0.260828
0.206669
0.189318
0.157964
0.230130
0.251553
0.265214
0.228736
0.153993
0.248734
0.110808
0.099766
0.279049
0.184762
0.497971
0.221870
0.452914
0.387535
0.362722
0.288637
0.331460
0.779160
0.392879
0.582399
0.192291
0.451824
0.386453
0.261953
0.078141
0.070233
0.221167
0.311629
0.149831
0.171188
0.474007
0.278972
0.356233
0.613110
0.224897
0.245302
0.315618
0.495325
0.378709
0.253058
0.311094
0.549683
0.134861
0.137716
0.374614
0.269460