0.140433
0.261890
0.173620
0.311269
0.152513
0.085949
0.268926
0.233039
0.123539
0.299798
0.099834
0.186792
0.221224
0.141229
0.135850
0.153786
0.207690
0.247868
0.195843
0.317119
0.214277
0.232002
0.143693
0.221504
0.198559
0.177545
0.247510
0.259429
0.192085
0.342760
0.157948
0.140112
0.230724
0.150463
0.128235
0.179062
0.350164
0.218716
0.305044
0.213175
0.310399
0.247740
0.250772
0.264460
0.320151
0.213593
0.587131
0.425835
0.429295
0.612399
0.192203
0.260289
0.386798
0.222136
0.212623
0.230628
0.278009
0.326133
0.479207
0.821023
0.213266
0.219906
0.208773
0.180985
0.158241
0.159089
0.139945
0.157454
0.222089
0.239318
0.145677
0.284160
0.155476
0.268505
0.171900
0.157503
0.231791
0.206407
0.161708
0.368892
0.268286
0.453570
0.420322
0.208720
0.147214
0.195968
0.286628
0.299366
0.257489
0.174143
0.206425
0.163766
0.162130
0.177871
0.174220
0.371190
0.288147
0.391578
0.378720
0.190923
0.275849
0.470660
0.255820
0.258725
0.299881
0.494090
0.280875
0.383151
0.373716
0.261923
0.291544
0.211777
0.206629
0.233497
0.241873
0.219821
0.306983
0.277036
0.438875
0.306416
0.265552
0.260115
0.209344
0.262362
0.225515
0.247334
0.298305
0.309232
0.248803
0.376070
0.186271
0.200063
0.280223
0.197761
0.202005
0.187718
0.289523
0.489287
0.269804
0.386480
0.280281
0.252006
0.303889
0.518337
0.247782
0.240973
0.348166
0.295918
0.262102
0.332372
0.219816
0.207611
0.376131
0.224903
0.300130
0.203577
0.259955
0.312349
0.295061
0.405962
0.430108
0.258253
0.190891
0.241748
0.364640
0.220134
0.269607
0.431156
0.253524
0.430775
0.169252
0.198163
0.198712
0.197146
0.184590
0.198323
0.195699
0.254661
0.275257
0.369023
0.216651
0.239157
0.207903
0.210931
0.220019
0.198123
0.364839
0.311707
0.341864
0.210163
0.175956
0.143388
0.141800
0.165498
0.310346
0.158760
0.396261
0.224486
0.187434
0.321631