0.075419
0.095738
0.131575
0.155141
0.179133
0.189785
0.190352
0.365464
0.214165
0.253659
0.299198
0.299610
0.147732
0.153406
0.203448
0.145997
0.472442
0.293717
0.334633
0.183252
0.332075
0.671845
0.150990
0.301331
0.377282
0.196662
0.831823
0.527089
0.274313
0.534016
0.595753
0.203134
0.200241
0.231898
0.135347
0.398256
0.075223
0.100044
0.507034
0.240109
0.182295
0.332118
0.168599
0.416777
0.203970
0.178523
0.169184
0.459001
0.118314
0.141587
0.117551
0.120862
0.162503
0.126187
0.071702
0.175418
0.146085
0.231902
0.177780
0.321514
0.144154
0.234087
0.110002
0.189448
0.125735
0.155124
0.139788
0.167399
0.308887
0.206008
0.169469
0.191111
0.091749
0.255605
0.269804
0.313932
0.155910
0.164567
0.187065
0.171421
0.333211
0.196877
0.156005
0.231801
0.140366
0.181512
0.108477
0.177386
0.381484
0.179700
0.166859
0.332635
0.123436
0.155096
0.181046
0.150956
0.492755
0.288628
0.178842
0.180925
0.258655
0.209871
0.501605
0.280313
0.332808
0.640321
0.282066
0.419058
0.277923
0.178193
0.195489
0.232964
0.216491
0.363904
0.137362
0.096129
0.125542
0.213883
0.144957
0.245080
0.287567
0.155159
0.383838
0.132551
0.113811
0.168709
0.070650
0.175654