00000000 0.000050
00000001 0.000162
00000010 0.000000
00000011 0.000025
00000100 0.000000
00000101 0.000013
00000110 0.000000
00000111 0.000000
00001000 0.000000
00001001 0.001138
00001010 0.000000
00001011 0.000050
00001100 0.000000
00001101 0.000000
00001110 0.000000
00001111 0.000000
00010000 0.000538
00010001 0.000663
00010010 0.000087
00010011 0.001925
00010100 0.000262
00010101 0.000000
00010110 0.001425
00010111 0.001050
00011000 0.000175
00011001 0.018950
00011010 0.000025
00011011 0.005788
00011100 0.000125
00011101 0.000225
00011110 0.000138
00011111 0.004437
00100000 0.000075
00100001 0.000087
00100010 0.000025
00100011 0.000900
00100100 0.000013
00100101 0.000000
00100110 0.012350
00100111 0.014150
00101000 0.000000
00101001 0.000112
00101010 0.000000
00101011 0.000225
00101100 0.000000
00101101 0.000013
00101110 0.000150
00101111 0.002175
00110000 0.000063
00110001 0.000013
00110010 0.000075
00110011 0.000300
00110100 0.000100
00110101 0.000000
00110110 0.009900
00110111 0.003838
00111000 0.000000
00111001 0.000387
00111010 0.000000
00111011 0.000862
00111100 0.000000
00111101 0.000000
00111110 0.001400
00111111 0.015075
01000000 0.002387
01000001 0.000300
01000010 0.000000
01000011 0.000000
01000100 0.001112
01000101 0.000013
01000110 0.000013
01000111 0.000000
01001000 0.003325
01001001 0.007275
01001010 0.000000
01001011 0.000000
01001100 0.003075
01001101 0.001000
01001110 0.000000
01001111 0.000100
01010000 0.000612
01010001 0.000100
01010010 0.000000
01010011 0.000000
01010100 0.000463
01010101 0.000000
01010110 0.000112
01010111 0.000000
01011000 0.018662
01011001 0.032175
01011010 0.000000
01011011 0.000025
01011100 0.020987
01011101 0.010313
01011110 0.000350
01011111 0.004938
01100000 0.001138
01100001 0.000212
01100010 0.000037
01100011 0.000100
01100100 0.018925
01100101 0.000075
01100110 0.137687
01100111 0.005163
01101000 0.001638
01101001 0.003488
01101010 0.000000
01101011 0.000562
01101100 0.024387
01101101 0.004475
01101110 0.025212
01101111 0.019688
01110000 0.000075
01110001 0.000013
01110010 0.000000
01110011 0.000000
01110100 0.001150
01110101 0.000000
01110110 0.008388
01110111 0.000100
01111000 0.000063
01111001 0.000687
01111010 0.000000
01111011 0.000075
01111100 0.002437
01111101 0.000638
01111110 0.015187
01111111 0.019512
10000000 0.020025
10000001 0.014700
10000010 0.000500
10000011 0.002625
10000100 0.000150
10000101 0.000013
10000110 0.000550
10000111 0.000050
10001000 0.000100
10001001 0.008100
10001010 0.000000
10001011 0.000975
10001100 0.000025
10001101 0.000000
10001110 0.000000
10001111 0.000100
10010000 0.020137
10010001 0.024762
10010010 0.005025
10010011 0.024487
10010100 0.000500
10010101 0.000013
10010110 0.003687
10010111 0.001437
10011000 0.005437
10011001 0.138225
10011010 0.000075
10011011 0.019225
10011100 0.000075
10011101 0.000050
10011110 0.000100
10011111 0.001525
10100000 0.005650
10100001 0.000400
10100010 0.010037
10100011 0.021812
10100100 0.000025
10100101 0.000000
10100110 0.030325
10100111 0.017925
10101000 0.000000
10101001 0.000162
10101010 0.000000
10101011 0.000400
10101100 0.000000
10101101 0.000000
10101110 0.000100
10101111 0.000487
10110000 0.000188
10110001 0.000000
10110010 0.001025
10110011 0.002863
10110100 0.000000
10110101 0.000000
10110110 0.007313
10110111 0.003788
10111000 0.000000
10111001 0.000050
10111010 0.000025
10111011 0.001187
10111100 0.000000
10111101 0.000000
10111110 0.000250
10111111 0.002500
11000000 0.014575
11000001 0.001488
11000010 0.000100
11000011 0.000000
11000100 0.000850
11000101 0.000000
11000110 0.000200
11000111 0.000013
11001000 0.004313
11001001 0.009288
11001010 0.000000
11001011 0.000037
11001100 0.000275
11001101 0.000037
11001110 0.000000
11001111 0.000050
11010000 0.002150
11010001 0.000125
11010010 0.000000
11010011 0.000000
11010100 0.000100
11010101 0.000000
11010110 0.000325
11010111 0.000000
11011000 0.013787
11011001 0.012275
11011010 0.000037
11011011 0.000112
11011100 0.001025
11011101 0.000100
11011110 0.000063
11011111 0.000050
11100000 0.004650
11100001 0.000138
11100010 0.000350
11100011 0.000200
11100100 0.006375
11100101 0.000000
11100110 0.019488
11100111 0.000075
11101000 0.001388
11101001 0.001450
11101010 0.000000
11101011 0.000225
11101100 0.001725
11101101 0.000112
11101110 0.000687
11101111 0.000700
11110000 0.000013
11110001 0.000000
11110010 0.000000
11110011 0.000000
11110100 0.000075
11110101 0.000000
11110110 0.000963
11110111 0.000000
11111000 0.000000
11111001 0.000013
11111010 0.000000
11111011 0.000000
11111100 0.000000
11111101 0.000000
11111110 0.000087
11111111 0.000075
