000000 0.003483
000001 0.009300
000010 0.003333
000011 0.000100
000100 0.000167
000101 0.001283
000110 0.000117
000111 0.000067
001000 0.046233
001001 0.059000
001010 0.142533
001011 0.009400
001100 0.000150
001101 0.002717
001110 0.002883
001111 0.001767
010000 0.001667
010001 0.015983
010010 0.000333
010011 0.000017
010100 0.000600
010101 0.031967
010110 0.000083
010111 0.000017
011000 0.023117
011001 0.078933
011010 0.021500
011011 0.002917
011100 0.000333
011101 0.030483
011110 0.003250
011111 0.005383
100000 0.005850
100001 0.003283
100010 0.031600
100011 0.000367
100100 0.002983
100101 0.020250
100110 0.079733
100111 0.024150
101000 0.000017
101001 0.000033
101010 0.031800
101011 0.000467
101100 0.000067
101101 0.000400
101110 0.015117
101111 0.001517
110000 0.002017
110001 0.002550
110010 0.003450
110011 0.000067
110100 0.009217
110101 0.141333
110110 0.058267
110111 0.046933
111000 0.000050
111001 0.000217
111010 0.001017
111011 0.000300
111100 0.000133
111101 0.003383
111110 0.009733
111111 0.003517
