0.000022
0.000000
0.000002
0.000000
0.000099
0.000041
0.000038
0.000009
0.000078
0.000000
0.000068
0.000000
0.000343
0.000027
0.000334
0.000016
0.000241
0.000066
0.000007
0.000000
0.000576
0.000205
0.000041
0.000010
0.002446
0.000051
0.000712
0.000047
0.004520
0.000499
0.001293
0.000149
0.000328
0.000889
0.000150
0.000293
0.003250
0.018879
0.001031
0.006346
0.000177
0.000157
0.000286
0.000209
0.001050
0.002068
0.001502
0.003627
0.001121
0.001831
0.000148
0.000388
0.004003
0.012611
0.000465
0.002344
0.002027
0.001129
0.000854
0.000504
0.005907
0.006491
0.003003
0.003623
0.000552
0.000032
0.002449
0.000166
0.001667
0.000445
0.008456
0.002549
0.000651
0.000015
0.008055
0.000309
0.002281
0.000181
0.028995
0.002897
0.000180
0.000013
0.000991
0.000036
0.000452
0.000063
0.001286
0.000210
0.001988
0.000064
0.007433
0.000270
0.003670
0.000216
0.013723
0.001057
0.000938
0.000973
0.005631
0.007294
0.006025
0.015835
0.036727
0.105320
0.000527
0.000195
0.006531
0.003998
0.002900
0.003186
0.035556
0.044792
0.000310
0.000188
0.000915
0.000782
0.000661
0.001167
0.002674
0.004339
0.000872
0.000346
0.004142
0.001615
0.002426
0.001184
0.011151
0.008478
0.000902
0.001465
0.000382
0.000594
0.000144
0.001493
0.000075
0.000557
0.001387
0.000573
0.002655
0.001089
0.000487
0.000539
0.000831
0.000758
0.036209
0.039632
0.002864
0.003403
0.003207
0.012413
0.000268
0.001174
0.078772
0.032827
0.036238
0.012334
0.009045
0.010684
0.004569
0.004875
0.000509
0.003192
0.000233
0.001877
0.000482
0.005412
0.000199
0.002397
0.000147
0.000716
0.000248
0.001180
0.000153
0.000663
0.000253
0.001591
0.004031
0.023895
0.000672
0.004510
0.001241
0.011575
0.000276
0.002322
0.003650
0.014972
0.001893
0.006785
0.001228
0.006451
0.000650
0.004118
0.000177
0.000207
0.001502
0.001263
0.000158
0.000308
0.000764
0.001721
0.000359
0.000193
0.005392
0.001893
0.000209
0.000158
0.002437
0.001938
0.000594
0.000570
0.001428
0.001150
0.000102
0.000217
0.000267
0.000669
0.003324
0.001188
0.012774
0.004370
0.000611
0.000601
0.002204
0.002230
0.000119
0.000378
0.000674
0.002664
0.000254
0.001100
0.001285
0.007067
0.000068
0.000103
0.000738
0.002113
0.000116
0.000297
0.001261
0.003845
0.000075
0.000385
0.000136
0.000907
0.000030
0.000252
0.000197
0.000796
0.000236
0.000496
0.000800
0.002197
0.000142
0.000362
0.000614
0.001694