00000000 0.000287
00000001 0.000400
00000010 0.000075
00000011 0.000037
00000100 0.001713
00000101 0.000950
00000110 0.004888
00000111 0.000588
00001000 0.000225
00001001 0.000200
00001010 0.002188
00001011 0.002037
00001100 0.000013
00001101 0.000000
00001110 0.032650
00001111 0.003375
00010000 0.000650
00010001 0.000100
00010010 0.000025
00010011 0.000000
00010100 0.006488
00010101 0.000275
00010110 0.003250
00010111 0.000000
00011000 0.002812
00011001 0.001087
00011010 0.009662
00011011 0.001213
00011100 0.002162
00011101 0.000075
00011110 0.175288
00011111 0.000425
00100000 0.000963
00100001 0.001750
00100010 0.000162
00100011 0.000125
00100100 0.000325
00100101 0.000475
00100110 0.000063
00100111 0.000037
00101000 0.000513
00101001 0.001087
00101010 0.002000
00101011 0.001687
00101100 0.000000
00101101 0.000000
00101110 0.000087
00101111 0.000050
00110000 0.001125
00110001 0.000313
00110010 0.000000
00110011 0.000000
00110100 0.000162
00110101 0.000025
00110110 0.000000
00110111 0.000000
00111000 0.003700
00111001 0.001075
00111010 0.002213
00111011 0.000550
00111100 0.000125
00111101 0.000025
00111110 0.000162
00111111 0.000000
01000000 0.000050
01000001 0.000000
01000010 0.000025
01000011 0.000000
01000100 0.001038
01000101 0.000150
01000110 0.004425
01000111 0.000125
01001000 0.000000
01001001 0.000000
01001010 0.000000
01001011 0.000000
01001100 0.000000
01001101 0.000000
01001110 0.000162
01001111 0.000000
01010000 0.000112
01010001 0.000000
01010010 0.000000
01010011 0.000000
01010100 0.003175
01010101 0.000000
01010110 0.002400
01010111 0.000000
01011000 0.000050
01011001 0.000000
01011010 0.000550
01011011 0.000000
01011100 0.000188
01011101 0.000000
01011110 0.003275
01011111 0.000000
01100000 0.032675
01100001 0.056813
01100010 0.000900
01100011 0.000412
01100100 0.007075
01100101 0.002700
01100110 0.005100
01100111 0.000325
01101000 0.001737
01101001 0.003900
01101010 0.002087
01101011 0.002563
01101100 0.000000
01101101 0.000000
01101110 0.000287
01101111 0.000000
01110000 0.059987
01110001 0.006975
01110010 0.000025
01110011 0.000000
01110100 0.005987
01110101 0.000225
01110110 0.001100
01110111 0.000000
01111000 0.011125
01111001 0.002037
01111010 0.003600
01111011 0.000338
01111100 0.000125
01111101 0.000000
01111110 0.000788
01111111 0.000000
10000000 0.000000
10000001 0.000812
10000010 0.000000
10000011 0.000275
10000100 0.000162
10000101 0.003838
10000110 0.002363
10000111 0.010050
10001000 0.000000
10001001 0.001162
10001010 0.000313
10001011 0.005888
10001100 0.000000
10001101 0.000013
10001110 0.006975
10001111 0.060000
10010000 0.000063
10010001 0.000463
10010010 0.000000
10010011 0.000037
10010100 0.002525
10010101 0.002125
10010110 0.004075
10010111 0.001988
10011000 0.000475
10011001 0.004738
10011010 0.002413
10011011 0.007200
10011100 0.000350
10011101 0.000838
10011110 0.058362
10011111 0.033287
10100000 0.000000
10100001 0.002838
10100010 0.000000
10100011 0.000150
10100100 0.000000
10100101 0.000625
10100110 0.000000
10100111 0.000050
10101000 0.000000
10101001 0.002687
10101010 0.000000
10101011 0.003087
10101100 0.000000
10101101 0.000000
10101110 0.000000
10101111 0.000063
10110000 0.000000
10110001 0.000175
10110010 0.000000
10110011 0.000000
10110100 0.000000
10110101 0.000000
10110110 0.000000
10110111 0.000000
10111000 0.000225
10111001 0.004225
10111010 0.000125
10111011 0.001225
10111100 0.000013
10111101 0.000025
10111110 0.000000
10111111 0.000013
11000000 0.000000
11000001 0.000237
11000010 0.000000
11000011 0.000150
11000100 0.000612
11000101 0.002200
11000110 0.001437
11000111 0.004275
11001000 0.000000
11001001 0.000000
11001010 0.000000
11001011 0.000200
11001100 0.000000
11001101 0.000000
11001110 0.000450
11001111 0.000937
11010000 0.000037
11010001 0.000063
11010010 0.000013
11010011 0.000000
11010100 0.001725
11010101 0.001437
11010110 0.001087
11010111 0.000450
11011000 0.000037
11011001 0.000063
11011010 0.000313
11011011 0.000387
11011100 0.000162
11011101 0.000100
11011110 0.001512
11011111 0.000913
11100000 0.000425
11100001 0.178737
11100010 0.000150
11100011 0.002063
11100100 0.001500
11100101 0.009838
11100110 0.001250
11100111 0.003312
11101000 0.000000
11101001 0.003050
11101010 0.000225
11101011 0.006063
11101100 0.000000
11101101 0.000013
11101110 0.000125
11101111 0.000638
11110000 0.003338
11110001 0.032600
11110010 0.000000
11110011 0.000000
11110100 0.002037
11110101 0.001788
11110110 0.000438
11110111 0.000225
11111000 0.000525
11111001 0.004375
11111010 0.000875
11111011 0.001662
11111100 0.000000
11111101 0.000025
11111110 0.000338
11111111 0.000175
