0.003000
0.012668
0.028271
0.076144
0.008689
0.015730
0.008608
0.021555
0.011756
0.014606
0.013144
0.020599
0.010261
0.006130
0.002072
0.003078
0.000905
0.002178
0.010799
0.025839
0.009842
0.012338
0.015504
0.029926
0.000746
0.000893
0.001888
0.001987
0.003941
0.001941
0.001508
0.001629
0.000040
0.000379
0.000061
0.000624
0.000351
0.000988
0.000140
0.000462
0.005867
0.008320
0.002083
0.004306
0.004876
0.004064
0.000554
0.000880
0.000012
0.000107
0.000089
0.000475
0.001434
0.002497
0.000696
0.001894
0.000686
0.000811
0.000570
0.000793
0.003272
0.002335
0.000731
0.001329
0.000181
0.000784
0.002266
0.006225
0.001038
0.001784
0.000408
0.001475
0.001253
0.001187
0.002040
0.002682
0.001724
0.000949
0.000249
0.000278
0.000193
0.000960
0.004522
0.011097
0.009922
0.009009
0.009579
0.018840
0.000503
0.000327
0.001279
0.001873
0.003801
0.001637
0.001009
0.000856
0.000130
0.000610
0.000272
0.001595
0.000875
0.002704
0.000195
0.000839
0.038662
0.049207
0.011113
0.022745
0.023530
0.018291
0.001369
0.002486
0.000277
0.001096
0.002020
0.005615
0.026771
0.031480
0.010612
0.024533
0.016426
0.017807
0.011498
0.019283
0.066824
0.037624
0.011218
0.012462