000000 0.044883
000001 0.104350
000010 0.000250
000011 0.000667
000100 0.020067
000101 0.146050
000110 0.012717
000111 0.053683
001000 0.013317
001001 0.000983
001010 0.000100
001011 0.000100
001100 0.001317
001101 0.002150
001110 0.001517
001111 0.002050
010000 0.000033
010001 0.000133
010010 0.000150
010011 0.000667
010100 0.000067
010101 0.000533
010110 0.006250
010111 0.072600
011000 0.000533
011001 0.000183
011010 0.000067
011011 0.000150
011100 0.000150
011101 0.001283
011110 0.001967
011111 0.010450
100000 0.010933
100001 0.001917
100010 0.001150
100011 0.000133
100100 0.000183
100101 0.000133
100110 0.000200
100111 0.000350
101000 0.075600
101001 0.006467
101010 0.000667
101011 0.000050
101100 0.000550
101101 0.000200
101110 0.000200
101111 0.000050
110000 0.002333
110001 0.001000
110010 0.002517
110011 0.001217
110100 0.000000
110101 0.000183
110110 0.001317
110111 0.013133
111000 0.052250
111001 0.012617
111010 0.145667
111011 0.020367
111100 0.000817
111101 0.000200
111110 0.104083
111111 0.043033
