0.000155
0.001202
0.000156
0.001034
0.000206
0.000930
0.000429
0.002172
0.001449
0.000966
0.000912
0.000759
0.000627
0.000476
0.001343
0.001545
0.001545
0.010697
0.000634
0.004339
0.000283
0.001454
0.000378
0.001774
0.036159
0.019063
0.011984
0.006153
0.002415
0.001841
0.002598
0.001735
0.001742
0.001567
0.005909
0.005338
0.019482
0.009419
0.087401
0.058136
0.000838
0.000241
0.002767
0.000659
0.003807
0.000943
0.023101
0.007326
0.004006
0.004648
0.008933
0.009828
0.005391
0.004173
0.017077
0.015423
0.005057
0.002192
0.012831
0.003726
0.003245
0.001134
0.011150
0.003991
0.001218
0.009048
0.001115
0.006845
0.000673
0.005108
0.001988
0.012302
0.004821
0.004973
0.003521
0.003428
0.002354
0.003176
0.005057
0.005777
0.005793
0.048643
0.002474
0.016930
0.001353
0.008422
0.001146
0.007581
0.067752
0.056501
0.021933
0.018233
0.008021
0.008312
0.006912
0.006559
0.000830
0.002144
0.003387
0.005899
0.004562
0.004809
0.027591
0.031936
0.001136
0.000541
0.003195
0.001543
0.001936
0.000872
0.013043
0.006884
0.001669
0.003591
0.004150
0.008443
0.001776
0.002668
0.006911
0.010127
0.004163
0.001966
0.008210
0.004240
0.002370
0.001324
0.007564
0.003653