0.001162
0.001121
0.000851
0.000047
0.000202
0.001352
0.004792
0.002181
0.000529
0.007288
0.000617
0.000763
0.000154
0.022106
0.012884
0.037970
0.000102
0.000632
0.000044
0.000026
0.000000
0.000442
0.000310
0.000668
0.000119
0.004132
0.000240
0.000216
0.000029
0.006661
0.001064
0.010439
0.009946
0.001297
0.012298
0.000305
0.000269
0.000183
0.026775
0.000554
0.002269
0.001659
0.004282
0.000754
0.000063
0.000414
0.019531
0.003999
0.002642
0.002469
0.001681
0.000381
0.000096
0.000606
0.003707
0.000526
0.000945
0.005988
0.000770
0.001136
0.000031
0.002271
0.004038
0.005561
0.015324
0.003184
0.001819
0.000069
0.001455
0.002582
0.006298
0.001151
0.005434
0.007598
0.001398
0.000446
0.002007
0.019751
0.011947
0.012105
0.000789
0.000501
0.000096
0.000014
0.000117
0.000414
0.000262
0.000140
0.000343
0.001470
0.000162
0.000066
0.000057
0.003332
0.000497
0.002110
0.054051
0.003105
0.016089
0.000246
0.001545
0.000338
0.015235
0.000202
0.005652
0.001294
0.003984
0.000337
0.000333
0.000431
0.010200
0.000806
0.007507
0.001391
0.001770
0.000107
0.000206
0.000174
0.001420
0.000070
0.001133
0.001556
0.000509
0.000223
0.000046
0.000535
0.001208
0.000637
0.000058
0.000189
0.000065
0.000015
0.000031
0.000243
0.000625
0.000947
0.000012
0.000963
0.000055
0.000049
0.000016
0.004063
0.001816
0.008433
0.000177
0.001873
0.000116
0.000059
0.000014
0.001925
0.000784
0.002791
0.000117
0.011750
0.000112
0.001200
0.000005
0.022718
0.002500
0.040397
0.001013
0.000352
0.002124
0.000064
0.000049
0.000058
0.006236
0.000149
0.000146
0.000266
0.000522
0.000176
0.000014
0.000104
0.003553
0.000880
0.005871
0.014895
0.003804
0.001655
0.000105
0.003787
0.008323
0.003102
0.001600
0.027395
0.001931
0.005738
0.000099
0.012330
0.010810
0.032283
0.004684
0.001940
0.000661
0.000060
0.000476
0.002386
0.002864
0.001043
0.000983
0.002545
0.000229
0.000128
0.000335
0.011231
0.004047
0.006651
0.004016
0.004081
0.000526
0.000060
0.000387
0.003440
0.001090
0.001277
0.001125
0.010288
0.000264
0.000623
0.000312
0.020503
0.002561
0.012994
0.023688
0.001768
0.008167
0.000177
0.000779
0.000238
0.010859
0.000199
0.001503
0.000643
0.001202
0.000120
0.000121
0.000222
0.004361
0.000629
0.037958
0.014641
0.008596
0.001164
0.001288
0.002852
0.008633
0.001281
0.003427
0.013835
0.001609
0.002061
0.000414
0.005660
0.005531
0.007152