000000 0.001783
000001 0.000000
000010 0.041167
000011 0.001650
000100 0.003483
000101 0.000033
000110 0.000333
000111 0.000000
001000 0.003900
001001 0.000150
001010 0.057933
001011 0.003900
001100 0.002000
001101 0.000250
001110 0.000083
001111 0.000017
010000 0.000417
010001 0.000633
010010 0.022150
010011 0.104017
010100 0.011950
010101 0.082033
010110 0.005067
010111 0.025350
011000 0.000683
011001 0.000850
011010 0.035717
011011 0.061900
011100 0.007483
011101 0.017817
011110 0.002067
011111 0.007100
100000 0.006067
100001 0.002250
100010 0.017750
100011 0.007783
100100 0.062033
100101 0.034033
100110 0.000817
100111 0.000733
101000 0.025933
101001 0.005633
101010 0.080567
101011 0.011033
101100 0.102183
101101 0.022033
101110 0.000533
101111 0.000367
110000 0.000000
110001 0.000017
110010 0.000150
110011 0.001400
110100 0.004133
110101 0.057600
110110 0.000300
110111 0.003733
111000 0.000033
111001 0.000383
111010 0.000033
111011 0.003200
111100 0.001617
111101 0.043200
111110 0.000017
111111 0.001450
