00000000 0.000287
00000001 0.017913
00000010 0.000087
00000011 0.036550
00000100 0.165563
00000101 0.096475
00000110 0.006837
00000111 0.020438
00001000 0.000000
00001001 0.000075
00001010 0.000000
00001011 0.001150
00001100 0.000150
00001101 0.000112
00001110 0.000013
00001111 0.000000
00010000 0.000025
00010001 0.000175
00010010 0.000063
00010011 0.001538
00010100 0.001063
00010101 0.000150
00010110 0.000438
00010111 0.000325
00011000 0.000000
00011001 0.000013
00011010 0.000063
00011011 0.003250
00011100 0.000150
00011101 0.000013
00011110 0.000100
00011111 0.000013
00100000 0.000000
00100001 0.000675
00100010 0.000000
00100011 0.004600
00100100 0.000087
00100101 0.005050
00100110 0.000000
00100111 0.003475
00101000 0.000000
00101001 0.000125
00101010 0.000000
00101011 0.001000
00101100 0.000000
00101101 0.000063
00101110 0.000000
00101111 0.000025
00110000 0.000000
00110001 0.000000
00110010 0.000000
00110011 0.000438
00110100 0.000025
00110101 0.000025
00110110 0.000013
00110111 0.000138
00111000 0.000000
00111001 0.000013
00111010 0.000013
00111011 0.002612
00111100 0.000000
00111101 0.000000
00111110 0.000013
00111111 0.000112
01000000 0.003800
01000001 0.002462
01000010 0.000188
01000011 0.007712
01000100 0.051475
01000101 0.002325
01000110 0.001675
01000111 0.000362
01001000 0.000125
01001001 0.000025
01001010 0.000013
01001011 0.000037
01001100 0.000250
01001101 0.000000
01001110 0.000013
01001111 0.000013
01010000 0.001337
01010001 0.000487
01010010 0.002325
01010011 0.002650
01010100 0.008637
01010101 0.000225
01010110 0.003825
01010111 0.000125
01011000 0.004237
01011001 0.000438
01011010 0.017325
01011011 0.003363
01011100 0.001625
01011101 0.000000
01011110 0.001737
01011111 0.000000
01100000 0.000000
01100001 0.000025
01100010 0.000000
01100011 0.000400
01100100 0.000500
01100101 0.000250
01100110 0.000000
01100111 0.000000
01101000 0.000000
01101001 0.000000
01101010 0.000000
01101011 0.000087
01101100 0.000000
01101101 0.000013
01101110 0.000000
01101111 0.000013
01110000 0.000000
01110001 0.000000
01110010 0.000087
01110011 0.000463
01110100 0.000275
01110101 0.000000
01110110 0.000100
01110111 0.000000
01111000 0.000000
01111001 0.000025
01111010 0.001450
01111011 0.004575
01111100 0.000225
01111101 0.000000
01111110 0.000975
01111111 0.000025
10000000 0.000037
10000001 0.000888
10000010 0.000025
10000011 0.000188
10000100 0.004412
10000101 0.001388
10000110 0.000025
10000111 0.000037
10001000 0.000000
10001001 0.000087
10001010 0.000000
10001011 0.000200
10001100 0.000487
10001101 0.000162
10001110 0.000000
10001111 0.000000
10010000 0.000000
10010001 0.000000
10010010 0.000000
10010011 0.000025
10010100 0.000188
10010101 0.000000
10010110 0.000000
10010111 0.000000
10011000 0.000000
10011001 0.000000
10011010 0.000375
10011011 0.000513
10011100 0.000412
10011101 0.000000
10011110 0.000013
10011111 0.000000
10100000 0.000000
10100001 0.001750
10100010 0.000000
10100011 0.001750
10100100 0.002938
10100101 0.016200
10100110 0.000225
10100111 0.004900
10101000 0.000162
10101001 0.003687
10101010 0.000175
10101011 0.008563
10101100 0.002675
10101101 0.002175
10101110 0.000463
10101111 0.001262
10110000 0.000000
10110001 0.000000
10110010 0.000000
10110011 0.000125
10110100 0.000138
10110101 0.000037
10110110 0.000013
10110111 0.000050
10111000 0.000450
10111001 0.001800
10111010 0.002475
10111011 0.049725
10111100 0.007812
10111101 0.000212
10111110 0.002775
10111111 0.003863
11000000 0.000200
11000001 0.000050
11000010 0.000000
11000011 0.000050
11000100 0.002363
11000101 0.000025
11000110 0.000013
11000111 0.000000
11001000 0.000125
11001001 0.000000
11001010 0.000063
11001011 0.000000
11001100 0.000463
11001101 0.000000
11001110 0.000000
11001111 0.000000
11010000 0.000050
11010001 0.000000
11010010 0.000075
11010011 0.000000
11010100 0.000800
11010101 0.000000
11010110 0.000063
11010111 0.000000
11011000 0.003750
11011001 0.000013
11011010 0.005050
11011011 0.000138
11011100 0.004500
11011101 0.000000
11011110 0.000687
11011111 0.000000
11100000 0.000025
11100001 0.000025
11100010 0.000000
11100011 0.000188
11100100 0.002925
11100101 0.000075
11100110 0.000000
11100111 0.000000
11101000 0.000375
11101001 0.000650
11101010 0.000175
11101011 0.001063
11101100 0.001750
11101101 0.000037
11101110 0.000087
11101111 0.000013
11110000 0.000000
11110001 0.000013
11110010 0.000175
11110011 0.000075
11110100 0.001138
11110101 0.000000
11110110 0.000037
11110111 0.000000
11111000 0.020400
11111001 0.007050
11111010 0.096537
11111011 0.165225
11111100 0.036950
11111101 0.000037
11111110 0.017937
11111111 0.000287
