0.051775
0.002046
0.025138
0.000533
0.016371
0.001462
0.056463
0.001649
0.007402
0.007917
0.001797
0.000536
0.001278
0.004942
0.002773
0.002372
0.019018
0.001458
0.039250
0.001617
0.008050
0.002021
0.097282
0.006682
0.004024
0.007722
0.005206
0.004306
0.001153
0.007079
0.009599
0.018291
0.020404
0.011201
0.009808
0.002297
0.003652
0.006978
0.018216
0.008172
0.005529
0.078502
0.001720
0.007155
0.000517
0.036134
0.001836
0.022105
0.004699
0.005686
0.010428
0.005503
0.001231
0.005348
0.020766
0.022809
0.002626
0.059100
0.004613
0.032556
0.000369
0.040941
0.007492
0.124396