0000000 0.006786
0000001 0.014900
0000010 0.000071
0000011 0.002271
0000100 0.055357
0000101 0.131457
0000110 0.000157
0000111 0.005900
0001000 0.004614
0001001 0.000400
0001010 0.003943
0001011 0.000700
0001100 0.015614
0001101 0.000657
0001110 0.012800
0001111 0.001271
0010000 0.003629
0010001 0.000029
0010010 0.000043
0010011 0.000029
0010100 0.008014
0010101 0.000043
0010110 0.000071
0010111 0.000057
0011000 0.004429
0011001 0.000100
0011010 0.003657
0011011 0.000114
0011100 0.007843
0011101 0.000057
0011110 0.008586
0011111 0.000214
0100000 0.002700
0100001 0.058986
0100010 0.000143
0100011 0.013714
0100100 0.004814
0100101 0.056571
0100110 0.000129
0100111 0.013886
0101000 0.000000
0101001 0.000086
0101010 0.000629
0101011 0.000686
0101100 0.000000
0101101 0.000014
0101110 0.000829
0101111 0.000471
0110000 0.004214
0110001 0.002400
0110010 0.000386
0110011 0.003829
0110100 0.004900
0110101 0.001857
0110110 0.000200
0110111 0.002757
0111000 0.000200
0111001 0.000029
0111010 0.017700
0111011 0.001071
0111100 0.000243
0111101 0.000000
0111110 0.012414
0111111 0.000614
1000000 0.000471
1000001 0.012043
1000010 0.000029
1000011 0.000157
1000100 0.000986
1000101 0.017286
1000110 0.000157
1000111 0.000057
1001000 0.002500
1001001 0.000443
1001010 0.001971
1001011 0.004486
1001100 0.004000
1001101 0.000486
1001110 0.002614
1001111 0.004043
1010000 0.000257
1010001 0.000643
1010010 0.000043
1010011 0.000000
1010100 0.000600
1010101 0.000643
1010110 0.000057
1010111 0.000014
1011000 0.015171
1011001 0.000286
1011010 0.055529
1011011 0.004986
1011100 0.013471
1011101 0.000143
1011110 0.058429
1011111 0.002871
1100000 0.000114
1100001 0.008957
1100010 0.000086
1100011 0.007514
1100100 0.000100
1100101 0.004300
1100110 0.000129
1100111 0.004286
1101000 0.000057
1101001 0.000086
1101010 0.000086
1101011 0.007600
1101100 0.000029
1101101 0.000029
1101110 0.000157
1101111 0.003886
1110000 0.001029
1110001 0.013171
1110010 0.000386
1110011 0.015486
1110100 0.000714
1110101 0.003943
1110110 0.000329
1110111 0.004114
1111000 0.005543
1111001 0.000157
1111010 0.132657
1111011 0.054729
1111100 0.002000
1111101 0.000086
1111110 0.014686
1111111 0.006571
