0000000 0.007686
0000001 0.000029
0000010 0.000029
0000011 0.000014
0000100 0.086529
0000101 0.000429
0000110 0.000000
0000111 0.000000
0001000 0.002229
0001001 0.000114
0001010 0.000086
0001011 0.000029
0001100 0.002400
0001101 0.000171
0001110 0.000000
0001111 0.000029
0010000 0.000971
0010001 0.000000
0010010 0.002257
0010011 0.000071
0010100 0.013800
0010101 0.000000
0010110 0.002557
0010111 0.000029
0011000 0.006100
0011001 0.000114
0011010 0.017700
0011011 0.000629
0011100 0.006900
0011101 0.000071
0011110 0.003086
0011111 0.000086
0100000 0.000057
0100001 0.000229
0100010 0.000057
0100011 0.000443
0100100 0.118814
0100101 0.177771
0100110 0.000000
0100111 0.001529
0101000 0.000029
0101001 0.000100
0101010 0.000000
0101011 0.000200
0101100 0.000014
0101101 0.000357
0101110 0.000000
0101111 0.000100
0110000 0.000000
0110001 0.000000
0110010 0.001600
0110011 0.003329
0110100 0.012571
0110101 0.001071
0110110 0.004971
0110111 0.010943
0111000 0.000043
0111001 0.000086
0111010 0.000786
0111011 0.004729
0111100 0.000400
0111101 0.000471
0111110 0.000771
0111111 0.005200
1000000 0.005286
1000001 0.000857
1000010 0.000429
1000011 0.000571
1000100 0.004371
1000101 0.001000
1000110 0.000100
1000111 0.000086
1001000 0.010557
1001001 0.004829
1001010 0.001057
1001011 0.012929
1001100 0.003471
1001101 0.001300
1001110 0.000000
1001111 0.000014
1010000 0.000071
1010001 0.000014
1010010 0.000257
1010011 0.000057
1010100 0.000114
1010101 0.000014
1010110 0.000071
1010111 0.000000
1011000 0.001771
1011001 0.000000
1011010 0.177857
1011011 0.118429
1011100 0.000443
1011101 0.000057
1011110 0.000229
1011111 0.000029
1100000 0.000000
1100001 0.002971
1100010 0.000086
1100011 0.007100
1100100 0.000443
1100101 0.017814
1100110 0.000043
1100111 0.005800
1101000 0.000071
1101001 0.002529
1101010 0.000000
1101011 0.013629
1101100 0.000043
1101101 0.002186
1101110 0.000029
1101111 0.001086
1110000 0.000000
1110001 0.000029
1110010 0.000143
1110011 0.002429
1110100 0.000029
1110101 0.000086
1110110 0.000171
1110111 0.001786
1111000 0.000000
1111001 0.000000
1111010 0.000286
1111011 0.084586
1111100 0.000014
1111101 0.000086
1111110 0.000071
1111111 0.007643
