0000000 0.028714
0000001 0.011843
0000010 0.010414
0000011 0.007300
0000100 0.002586
0000101 0.039571
0000110 0.003414
0000111 0.072829
0001000 0.016114
0001001 0.012786
0001010 0.002557
0001011 0.004086
0001100 0.000343
0001101 0.013100
0001110 0.000086
0001111 0.047771
0010000 0.000043
0010001 0.000114
0010010 0.002014
0010011 0.002800
0010100 0.000000
0010101 0.000029
0010110 0.000014
0010111 0.004614
0011000 0.000686
0011001 0.000586
0011010 0.007171
0011011 0.014143
0011100 0.000000
0011101 0.000000
0011110 0.000057
0011111 0.009957
0100000 0.001000
0100001 0.000129
0100010 0.000000
0100011 0.000000
0100100 0.000100
0100101 0.001286
0100110 0.000000
0100111 0.000014
0101000 0.020457
0101001 0.011343
0101010 0.000129
0101011 0.000229
0101100 0.001200
0101101 0.014786
0101110 0.000057
0101111 0.001043
0110000 0.002714
0110001 0.000100
0110010 0.000400
0110011 0.000243
0110100 0.000014
0110101 0.000143
0110110 0.000043
0110111 0.001114
0111000 0.046929
0111001 0.015871
0111010 0.026314
0111011 0.019971
0111100 0.000100
0111101 0.004600
0111110 0.000743
0111111 0.014657
1000000 0.014457
1000001 0.000514
1000010 0.004957
1000011 0.000100
1000100 0.020443
1000101 0.026286
1000110 0.016000
1000111 0.044729
1001000 0.001157
1001001 0.000014
1001010 0.000114
1001011 0.000000
1001100 0.000271
1001101 0.000429
1001110 0.000086
1001111 0.002629
1010000 0.000886
1010001 0.000014
1010010 0.015714
1010011 0.001014
1010100 0.000314
1010101 0.000214
1010110 0.011214
1010111 0.020629
1011000 0.000086
1011001 0.000000
1011010 0.001029
1011011 0.000029
1011100 0.000000
1011101 0.000000
1011110 0.000200
1011111 0.000986
1100000 0.008814
1100001 0.000071
1100010 0.000014
1100011 0.000000
1100100 0.013429
1100101 0.007657
1100110 0.000529
1100111 0.000643
1101000 0.004100
1101001 0.000000
1101010 0.000043
1101011 0.000014
1101100 0.002943
1101101 0.001300
1101110 0.000086
1101111 0.000186
1110000 0.046900
1110001 0.000129
1110010 0.012157
1110011 0.000129
1110100 0.003929
1110101 0.002471
1110110 0.013657
1110111 0.014814
1111000 0.074171
1111001 0.003529
1111010 0.039586
1111011 0.002543
1111100 0.007871
1111101 0.009771
1111110 0.012671
1111111 0.028171
