000000 0.005233
000001 0.019100
000010 0.000000
000011 0.000283
000100 0.009300
000101 0.000167
000110 0.018183
000111 0.006983
001000 0.029083
001001 0.031200
001010 0.000033
001011 0.000133
001100 0.022733
001101 0.000183
001110 0.003483
001111 0.000117
010000 0.000883
010001 0.011000
010010 0.000017
010011 0.002050
010100 0.000983
010101 0.000000
010110 0.009317
010111 0.007250
011000 0.108400
011001 0.163233
011010 0.000517
011011 0.005500
011100 0.015117
011101 0.000167
011110 0.024867
011111 0.006367
100000 0.005467
100001 0.025000
100010 0.000067
100011 0.014333
100100 0.005200
100101 0.000417
100110 0.160983
100111 0.108083
101000 0.007817
101001 0.008650
101010 0.000050
101011 0.001000
101100 0.001783
101101 0.000033
101110 0.011883
101111 0.000717
110000 0.000217
110001 0.003417
110010 0.000267
110011 0.023433
110100 0.000133
110101 0.000050
110110 0.030600
110111 0.027383
111000 0.007350
111001 0.017867
111010 0.000350
111011 0.009367
111100 0.000317
111101 0.000000
111110 0.019067
111111 0.005767
