000000 0.000250
000001 0.000017
000010 0.001400
000011 0.000033
000100 0.003850
000101 0.018517
000110 0.002233
000111 0.001250
001000 0.004400
001001 0.016250
001010 0.002117
001011 0.000317
001100 0.023033
001101 0.123167
001110 0.000367
001111 0.000433
010000 0.000383
010001 0.000100
010010 0.175083
010011 0.006783
010100 0.000700
010101 0.001950
010110 0.006500
010111 0.003050
011000 0.019617
011001 0.032683
011010 0.032583
011011 0.004583
011100 0.001633
011101 0.012500
011110 0.001550
011111 0.003567
100000 0.003267
100001 0.001867
100010 0.012267
100011 0.002083
100100 0.005183
100101 0.031200
100110 0.033717
100111 0.017733
101000 0.003417
101001 0.006283
101010 0.002000
101011 0.000633
101100 0.007200
101101 0.174000
101110 0.000200
101111 0.000333
110000 0.000267
110001 0.000450
110010 0.122933
110011 0.024067
110100 0.000250
110101 0.001550
110110 0.015783
110111 0.004600
111000 0.001250
111001 0.001667
111010 0.018400
111011 0.003883
111100 0.000017
111101 0.001300
111110 0.000050
111111 0.000183
