000000 0.000733
000001 0.000333
000010 0.000717
000011 0.000767
000100 0.030333
000101 0.000383
000110 0.101183
000111 0.001100
001000 0.000867
001001 0.007100
001010 0.000300
001011 0.003300
001100 0.001850
001101 0.000550
001110 0.000383
001111 0.000133
010000 0.000367
010001 0.000083
010010 0.001017
010011 0.000400
010100 0.002850
010101 0.000167
010110 0.183350
010111 0.007583
011000 0.001133
011001 0.024833
011010 0.000917
011011 0.043700
011100 0.001050
011101 0.000483
011110 0.055100
011111 0.024350
100000 0.024867
100001 0.057100
100010 0.000383
100011 0.001267
100100 0.043033
100101 0.001233
100110 0.024350
100111 0.001117
101000 0.008100
101001 0.185033
101010 0.000167
101011 0.003017
101100 0.000650
101101 0.001017
101110 0.000117
101111 0.000383
110000 0.000150
110001 0.000367
110010 0.000533
110011 0.001667
110100 0.003067
110101 0.000367
110110 0.006867
110111 0.001050
111000 0.000883
111001 0.101183
111010 0.000317
111011 0.030500
111100 0.000733
111101 0.000717
111110 0.000517
111111 0.000767
