0000000 0.000000
0000001 0.003886
0000010 0.000057
0000011 0.009543
0000100 0.000000
0000101 0.000057
0000110 0.000000
0000111 0.000143
0001000 0.000386
0001001 0.000486
0001010 0.000286
0001011 0.000971
0001100 0.000729
0001101 0.000000
0001110 0.000057
0001111 0.000000
0010000 0.000257
0010001 0.002100
0010010 0.003300
0010011 0.114657
0010100 0.011157
0010101 0.027057
0010110 0.003314
0010111 0.037314
0011000 0.000100
0011001 0.000071
0011010 0.000043
0011011 0.000114
0011100 0.003229
0011101 0.000214
0011110 0.000286
0011111 0.000043
0100000 0.000043
0100001 0.000357
0100010 0.000871
0100011 0.097629
0100100 0.000000
0100101 0.000057
0100110 0.000657
0100111 0.003200
0101000 0.000614
0101001 0.000314
0101010 0.010414
0101011 0.025600
0101100 0.011157
0101101 0.000529
0101110 0.006386
0101111 0.001214
0110000 0.000000
0110001 0.000186
0110010 0.001400
0110011 0.045686
0110100 0.004729
0110101 0.008443
0110110 0.009743
0110111 0.040286
0111000 0.000057
0111001 0.000014
0111010 0.000329
0111011 0.000471
0111100 0.001114
0111101 0.000014
0111110 0.005643
0111111 0.000943
1000000 0.000686
1000001 0.006314
1000010 0.000071
1000011 0.001200
1000100 0.000500
1000101 0.000300
1000110 0.000014
1000111 0.000000
1001000 0.042086
1001001 0.010171
1001010 0.008800
1001011 0.004714
1001100 0.045571
1001101 0.001257
1001110 0.000200
1001111 0.000000
1010000 0.001229
1010001 0.006400
1010010 0.000457
1010011 0.010386
1010100 0.026100
1010101 0.010429
1010110 0.000357
1010111 0.000771
1011000 0.003686
1011001 0.000343
1011010 0.000071
1011011 0.000000
1011100 0.097029
1011101 0.001071
1011110 0.000371
1011111 0.000057
1100000 0.000000
1100001 0.000200
1100010 0.000214
1100011 0.003471
1100100 0.000014
1100101 0.000100
1100110 0.000014
1100111 0.000143
1101000 0.038971
1101001 0.003014
1101010 0.026586
1101011 0.011457
1101100 0.113400
1101101 0.002971
1101110 0.002471
1101111 0.000186
1110000 0.000000
1110001 0.000000
1110010 0.000000
1110011 0.000557
1110100 0.000957
1110101 0.000243
1110110 0.000500
1110111 0.000257
1111000 0.000029
1111001 0.000000
1111010 0.000000
1111011 0.000000
1111100 0.010043
1111101 0.000100
1111110 0.003729
1111111 0.000043
