000000 0.000200
000001 0.002567
000010 0.003967
000011 0.002900
000100 0.000167
000101 0.026233
000110 0.002717
000111 0.010433
001000 0.012800
001001 0.000467
001010 0.006083
001011 0.000067
001100 0.003817
001101 0.010700
001110 0.001683
001111 0.000217
010000 0.000400
010001 0.002917
010010 0.000150
010011 0.000400
010100 0.000150
010101 0.061500
010110 0.000117
010111 0.000900
011000 0.109733
011001 0.027317
011010 0.000433
011011 0.000233
011100 0.005950
011101 0.205850
011110 0.000267
011111 0.000100
100000 0.000183
100001 0.000200
100010 0.205117
100011 0.005583
100100 0.000117
100101 0.000383
100110 0.027150
100111 0.109350
101000 0.001033
101001 0.000133
101010 0.060917
101011 0.000267
101100 0.000517
101101 0.000183
101110 0.002917
101111 0.000483
110000 0.000217
110001 0.001600
110010 0.010617
110011 0.003517
110100 0.000100
110101 0.006783
110110 0.000367
110111 0.012750
111000 0.009867
111001 0.002317
111010 0.026217
111011 0.000167
111100 0.002717
111101 0.003500
111110 0.002083
111111 0.000150
