00000000 0.000000
00000001 0.000000
00000010 0.000000
00000011 0.000000
00000100 0.000000
00000101 0.000000
00000110 0.000000
00000111 0.000000
00001000 0.002025
00001001 0.000087
00001010 0.000475
00001011 0.000100
00001100 0.000087
00001101 0.000000
00001110 0.000013
00001111 0.000000
00010000 0.000325
00010001 0.000862
00010010 0.000000
00010011 0.000037
00010100 0.000037
00010101 0.000075
00010110 0.000000
00010111 0.000000
00011000 0.002737
00011001 0.008150
00011010 0.000075
00011011 0.000700
00011100 0.000000
00011101 0.000000
00011110 0.000000
00011111 0.000000
00100000 0.000050
00100001 0.000000
00100010 0.000950
00100011 0.000013
00100100 0.000037
00100101 0.000000
00100110 0.000675
00100111 0.000037
00101000 0.000400
00101001 0.000000
00101010 0.006200
00101011 0.000262
00101100 0.000075
00101101 0.000000
00101110 0.000825
00101111 0.000050
00110000 0.002037
00110001 0.001225
00110010 0.010800
00110011 0.085125
00110100 0.000313
00110101 0.000188
00110110 0.000975
00110111 0.001813
00111000 0.000788
00111001 0.000412
00111010 0.007763
00111011 0.068150
00111100 0.000000
00111101 0.000000
00111110 0.000000
00111111 0.000000
01000000 0.000000
01000001 0.000000
01000010 0.000000
01000011 0.000000
01000100 0.000162
01000101 0.001087
01000110 0.000000
01000111 0.000125
01001000 0.000000
01001001 0.001450
01001010 0.000000
01001011 0.000387
01001100 0.000075
01001101 0.000463
01001110 0.000013
01001111 0.000300
01010000 0.000025
01010001 0.054800
01010010 0.000000
01010011 0.007012
01010100 0.000075
01010101 0.008450
01010110 0.000000
01010111 0.000838
01011000 0.000000
01011001 0.021775
01011010 0.000000
01011011 0.007162
01011100 0.000013
01011101 0.000150
01011110 0.000000
01011111 0.000025
01100000 0.000013
01100001 0.000000
01100010 0.000000
01100011 0.000075
01100100 0.000687
01100101 0.000100
01100110 0.002437
01100111 0.001288
01101000 0.000050
01101001 0.000013
01101010 0.000063
01101011 0.000325
01101100 0.000013
01101101 0.000000
01101110 0.000075
01101111 0.000300
01110000 0.000037
01110001 0.017137
01110010 0.000000
01110011 0.065962
01110100 0.000562
01110101 0.011612
01110110 0.000338
01110111 0.070075
01111000 0.000000
01111001 0.001388
01111010 0.000000
01111011 0.017750
01111100 0.000000
01111101 0.000000
01111110 0.000000
01111111 0.000087
10000000 0.000112
10000001 0.000000
10000010 0.000000
10000011 0.000000
10000100 0.017237
10000101 0.000000
10000110 0.001775
10000111 0.000000
10001000 0.070987
10001001 0.000400
10001010 0.013000
10001011 0.000487
10001100 0.064312
10001101 0.000000
10001110 0.015750
10001111 0.000013
10010000 0.000362
10010001 0.000138
10010010 0.000000
10010011 0.000063
10010100 0.000275
10010101 0.000112
10010110 0.000000
10010111 0.000087
10011000 0.000950
10011001 0.001888
10011010 0.000063
10011011 0.000663
10011100 0.000013
10011101 0.000013
10011110 0.000013
10011111 0.000013
10100000 0.000063
10100001 0.000000
10100010 0.000112
10100011 0.000000
10100100 0.006850
10100101 0.000000
10100110 0.021050
10100111 0.000013
10101000 0.000888
10101001 0.000000
10101010 0.008200
10101011 0.000125
10101100 0.007038
10101101 0.000000
10101110 0.054238
10101111 0.000075
10110000 0.000250
10110001 0.000000
10110010 0.000425
10110011 0.000075
10110100 0.000275
10110101 0.000000
10110110 0.001125
10110111 0.000050
10111000 0.000150
10111001 0.000000
10111010 0.001063
10111011 0.000125
10111100 0.000000
10111101 0.000000
10111110 0.000000
10111111 0.000000
11000000 0.000025
11000001 0.000000
11000010 0.000000
11000011 0.000000
11000100 0.068913
11000101 0.007725
11000110 0.000513
11000111 0.000588
11001000 0.002612
11001001 0.001100
11001010 0.000150
11001011 0.000313
11001100 0.084663
11001101 0.010438
11001110 0.001337
11001111 0.002100
11010000 0.000050
11010001 0.000725
11010010 0.000000
11010011 0.000162
11010100 0.000175
11010101 0.006587
11010110 0.000000
11010111 0.000550
11011000 0.000000
11011001 0.000487
11011010 0.000000
11011011 0.000025
11011100 0.000000
11011101 0.001012
11011110 0.000000
11011111 0.000112
11100000 0.000000
11100001 0.000000
11100010 0.000000
11100011 0.000000
11100100 0.000775
11100101 0.000025
11100110 0.008263
11100111 0.002500
11101000 0.000000
11101001 0.000000
11101010 0.000100
11101011 0.000100
11101100 0.000025
11101101 0.000000
11101110 0.000988
11101111 0.000387
11110000 0.000000
11110001 0.000000
11110010 0.000000
11110011 0.000075
11110100 0.000225
11110101 0.000513
11110110 0.000125
11110111 0.002537
11111000 0.000000
11111001 0.000000
11111010 0.000000
11111011 0.000000
11111100 0.000000
11111101 0.000000
11111110 0.000000
11111111 0.000000
