00000000 0.000513
00000001 0.000225
00000010 0.000025
00000011 0.000013
00000100 0.000037
00000101 0.000025
00000110 0.000013
00000111 0.000000
00001000 0.000150
00001001 0.000150
00001010 0.000013
00001011 0.000000
00001100 0.000000
00001101 0.000013
00001110 0.000000
00001111 0.000000
00010000 0.042825
00010001 0.009875
00010010 0.000138
00010011 0.000087
00010100 0.001900
00010101 0.000425
00010110 0.000063
00010111 0.000063
00011000 0.000225
00011001 0.000550
00011010 0.000000
00011011 0.000013
00011100 0.000000
00011101 0.000037
00011110 0.000000
00011111 0.000000
00100000 0.083425
00100001 0.000150
00100010 0.053213
00100011 0.000400
00100100 0.004913
00100101 0.000200
00100110 0.011725
00100111 0.000425
00101000 0.020900
00101001 0.000112
00101010 0.056725
00101011 0.000713
00101100 0.000487
00101101 0.000162
00101110 0.008363
00101111 0.000925
00110000 0.021175
00110001 0.000037
00110010 0.001038
00110011 0.000150
00110100 0.002450
00110101 0.000013
00110110 0.000812
00110111 0.000100
00111000 0.000050
00111001 0.000037
00111010 0.000025
00111011 0.000037
00111100 0.000000
00111101 0.000025
00111110 0.000063
00111111 0.000063
01000000 0.000050
01000001 0.000087
01000010 0.000013
01000011 0.000050
01000100 0.000000
01000101 0.000000
01000110 0.000000
01000111 0.000000
01001000 0.000138
01001001 0.001475
01001010 0.000025
01001011 0.004763
01001100 0.000013
01001101 0.000025
01001110 0.000013
01001111 0.000713
01010000 0.007137
01010001 0.009213
01010010 0.000275
01010011 0.001325
01010100 0.000050
01010101 0.000063
01010110 0.000050
01010111 0.000375
01011000 0.001388
01011001 0.012613
01011010 0.000188
01011011 0.005237
01011100 0.000000
01011101 0.000063
01011110 0.000013
01011111 0.000513
01100000 0.000387
01100001 0.000000
01100010 0.003187
01100011 0.000262
01100100 0.000000
01100101 0.000000
01100110 0.000237
01100111 0.000125
01101000 0.002625
01101001 0.000150
01101010 0.077037
01101011 0.022212
01101100 0.000000
01101101 0.000050
01101110 0.008125
01101111 0.009350
01110000 0.000013
01110001 0.000000
01110010 0.000162
01110011 0.000087
01110100 0.000000
01110101 0.000000
01110110 0.000087
01110111 0.000050
01111000 0.000025
01111001 0.000000
01111010 0.000313
01111011 0.000338
01111100 0.000025
01111101 0.000000
01111110 0.000188
01111111 0.000387
10000000 0.000387
10000001 0.000175
10000010 0.000000
10000011 0.000000
10000100 0.000212
10000101 0.000412
10000110 0.000000
10000111 0.000037
10001000 0.000112
10001001 0.000125
10001010 0.000000
10001011 0.000000
10001100 0.000075
10001101 0.000300
10001110 0.000025
10001111 0.000037
10010000 0.009425
10010001 0.007862
10010010 0.000025
10010011 0.000013
10010100 0.022062
10010101 0.077387
10010110 0.000125
10010111 0.002675
10011000 0.000138
10011001 0.000412
10011010 0.000000
10011011 0.000000
10011100 0.000287
10011101 0.002925
10011110 0.000000
10011111 0.000412
10100000 0.000550
10100001 0.000050
10100010 0.000100
10100011 0.000000
10100100 0.005825
10100101 0.000162
10100110 0.013362
10100111 0.001538
10101000 0.000275
10101001 0.000100
10101010 0.000050
10101011 0.000063
10101100 0.001337
10101101 0.000287
10101110 0.009987
10101111 0.006575
10110000 0.000800
10110001 0.000000
10110010 0.000037
10110011 0.000025
10110100 0.003913
10110101 0.000125
10110110 0.001600
10110111 0.000162
10111000 0.000000
10111001 0.000000
10111010 0.000000
10111011 0.000000
10111100 0.000000
10111101 0.000037
10111110 0.000050
10111111 0.000138
11000000 0.000087
11000001 0.000075
11000010 0.000025
11000011 0.000013
11000100 0.000025
11000101 0.000037
11000110 0.000013
11000111 0.000125
11001000 0.000175
11001001 0.001075
11001010 0.000025
11001011 0.002125
11001100 0.000125
11001101 0.001250
11001110 0.000100
11001111 0.021525
11010000 0.001025
11010001 0.009262
11010010 0.000100
11010011 0.000362
11010100 0.000875
11010101 0.056875
11010110 0.000225
11010111 0.020475
11011000 0.000400
11011001 0.011625
11011010 0.000087
11011011 0.005050
11011100 0.000425
11011101 0.051725
11011110 0.000175
11011111 0.082275
11100000 0.000000
11100001 0.000000
11100010 0.000000
11100011 0.000000
11100100 0.000000
11100101 0.000000
11100110 0.000737
11100111 0.000212
11101000 0.000025
11101001 0.000025
11101010 0.000525
11101011 0.002512
11101100 0.000087
11101101 0.000188
11101110 0.010238
11101111 0.043138
11110000 0.000000
11110001 0.000000
11110010 0.000000
11110011 0.000000
11110100 0.000013
11110101 0.000000
11110110 0.000138
11110111 0.000162
11111000 0.000000
11111001 0.000000
11111010 0.000025
11111011 0.000013
11111100 0.000013
11111101 0.000013
11111110 0.000325
11111111 0.000713
