0000000 0.000229
0000001 0.000371
0000010 0.000271
0000011 0.000357
0000100 0.000000
0000101 0.000514
0000110 0.000014
0000111 0.000186
0001000 0.000729
0001001 0.000571
0001010 0.000600
0001011 0.000229
0001100 0.110086
0001101 0.021857
0001110 0.000086
0001111 0.000300
0010000 0.000086
0010001 0.000200
0010010 0.000414
0010011 0.000286
0010100 0.000000
0010101 0.000271
0010110 0.000000
0010111 0.000071
0011000 0.000271
0011001 0.000714
0011010 0.001443
0011011 0.000286
0011100 0.009271
0011101 0.147314
0011110 0.000186
0011111 0.000629
0100000 0.000157
0100001 0.000014
0100010 0.000443
0100011 0.000129
0100100 0.000043
0100101 0.000143
0100110 0.000029
0100111 0.000057
0101000 0.000443
0101001 0.000000
0101010 0.001343
0101011 0.000014
0101100 0.004057
0101101 0.002314
0101110 0.000300
0101111 0.000214
0110000 0.000129
0110001 0.000100
0110010 0.004186
0110011 0.036157
0110100 0.000086
0110101 0.001086
0110110 0.000100
0110111 0.004014
0111000 0.000786
0111001 0.000343
0111010 0.012071
0111011 0.004243
0111100 0.021214
0111101 0.060657
0111110 0.003000
0111111 0.042400
1000000 0.042171
1000001 0.003286
1000010 0.059543
1000011 0.021529
1000100 0.004400
1000101 0.012300
1000110 0.000286
1000111 0.000629
1001000 0.003729
1001001 0.000157
1001010 0.000871
1001011 0.000029
1001100 0.036586
1001101 0.004043
1001110 0.000100
1001111 0.000129
1010000 0.000257
1010001 0.000386
1010010 0.001886
1010011 0.003700
1010100 0.000043
1010101 0.001014
1010110 0.000000
1010111 0.000400
1011000 0.000086
1011001 0.000071
1011010 0.000071
1011011 0.000000
1011100 0.000186
1011101 0.000529
1011110 0.000071
1011111 0.000114
1100000 0.000900
1100001 0.000257
1100010 0.149900
1100011 0.009586
1100100 0.000371
1100101 0.001157
1100110 0.000857
1100111 0.000300
1101000 0.000114
1101001 0.000000
1101010 0.000271
1101011 0.000000
1101100 0.000257
1101101 0.000257
1101110 0.000157
1101111 0.000014
1110000 0.000271
1110001 0.000029
1110010 0.021843
1110011 0.110871
1110100 0.000300
1110101 0.000700
1110110 0.000371
1110111 0.000814
1111000 0.000114
1111001 0.000000
1111010 0.000529
1111011 0.000000
1111100 0.000429
1111101 0.000329
1111110 0.000400
1111111 0.000143
