0000000 0.000014
0000001 0.000571
0000010 0.000000
0000011 0.000114
0000100 0.000043
0000101 0.000329
0000110 0.000043
0000111 0.000200
0001000 0.000000
0001001 0.000114
0001010 0.000000
0001011 0.000043
0001100 0.000200
0001101 0.000171
0001110 0.000129
0001111 0.000043
0010000 0.000171
0010001 0.029514
0010010 0.000014
0010011 0.000229
0010100 0.000257
0010101 0.000571
0010110 0.000000
0010111 0.000000
0011000 0.001314
0011001 0.015357
0011010 0.000029
0011011 0.000257
0011100 0.000786
0011101 0.000114
0011110 0.000057
0011111 0.000000
0100000 0.000043
0100001 0.000471
0100010 0.000000
0100011 0.000071
0100100 0.033729
0100101 0.017686
0100110 0.076186
0100111 0.010129
0101000 0.000043
0101001 0.000043
0101010 0.000043
0101011 0.000000
0101100 0.014443
0101101 0.000229
0101110 0.067071
0101111 0.000043
0110000 0.000171
0110001 0.009986
0110010 0.000029
0110011 0.000129
0110100 0.092414
0110101 0.011800
0110110 0.003543
0110111 0.000086
0111000 0.000357
0111001 0.002171
0111010 0.000043
0111011 0.000029
0111100 0.090843
0111101 0.000829
0111110 0.015057
0111111 0.000014
1000000 0.000014
1000001 0.014914
1000010 0.000943
1000011 0.091257
1000100 0.000014
1000101 0.000029
1000110 0.002343
1000111 0.000514
1001000 0.000171
1001001 0.003329
1001010 0.011171
1001011 0.092529
1001100 0.000157
1001101 0.000029
1001110 0.009471
1001111 0.000214
1010000 0.000057
1010001 0.067571
1010010 0.000229
1010011 0.015229
1010100 0.000000
1010101 0.000029
1010110 0.000100
1010111 0.000057
1011000 0.010114
1011001 0.076900
1011010 0.017614
1011011 0.033814
1011100 0.000086
1011101 0.000014
1011110 0.000529
1011111 0.000043
1100000 0.000000
1100001 0.000043
1100010 0.000129
1100011 0.000643
1100100 0.000286
1100101 0.000000
1100110 0.015586
1100111 0.000971
1101000 0.000029
1101001 0.000000
1101010 0.000414
1101011 0.000157
1101100 0.000314
1101101 0.000014
1101110 0.029114
1101111 0.000200
1110000 0.000057
1110001 0.000186
1110010 0.000186
1110011 0.000171
1110100 0.000043
1110101 0.000000
1110110 0.000186
1110111 0.000029
1111000 0.000271
1111001 0.000043
1111010 0.000529
1111011 0.000157
1111100 0.000071
1111101 0.000014
1111110 0.000557
1111111 0.000000
