000000 0.000267
000001 0.000200
000010 0.002850
000011 0.001200
000100 0.000433
000101 0.000233
000110 0.000383
000111 0.000817
001000 0.207133
001001 0.000533
001010 0.086733
001011 0.001300
001100 0.032267
001101 0.000217
001110 0.002117
001111 0.000200
010000 0.000100
010001 0.000333
010010 0.000350
010011 0.003650
010100 0.000550
010101 0.006433
010110 0.001600
010111 0.053850
011000 0.019750
011001 0.000583
011010 0.013800
011011 0.002167
011100 0.037283
011101 0.003567
011110 0.012283
011111 0.004833
100000 0.003767
100001 0.012417
100010 0.003667
100011 0.037300
100100 0.001983
100101 0.014483
100110 0.000733
100111 0.019583
101000 0.052800
101001 0.001617
101010 0.006400
101011 0.000567
101100 0.003383
101101 0.000367
101110 0.000433
101111 0.000067
110000 0.000233
110001 0.002333
110010 0.000233
110011 0.032433
110100 0.001383
110101 0.088000
110110 0.000350
110111 0.210183
111000 0.001117
111001 0.000433
111010 0.000183
111011 0.000267
111100 0.001283
111101 0.002450
111110 0.000133
111111 0.000333
