0000000 0.000029
0000001 0.001814
0000010 0.000043
0000011 0.016414
0000100 0.003586
0000101 0.016143
0000110 0.000357
0000111 0.010929
0001000 0.000214
0001001 0.000100
0001010 0.000457
0001011 0.001600
0001100 0.000043
0001101 0.000100
0001110 0.000000
0001111 0.000071
0010000 0.000000
0010001 0.000000
0010010 0.000086
0010011 0.000500
0010100 0.000600
0010101 0.000029
0010110 0.000229
0010111 0.000371
0011000 0.008586
0011001 0.000271
0011010 0.051571
0011011 0.020771
0011100 0.000914
0011101 0.000057
0011110 0.000714
0011111 0.000143
0100000 0.000000
0100001 0.002514
0100010 0.000086
0100011 0.037943
0100100 0.000900
0100101 0.067129
0100110 0.000157
0100111 0.086814
0101000 0.000371
0101001 0.003186
0101010 0.000929
0101011 0.057329
0101100 0.000257
0101101 0.001743
0101110 0.000086
0101111 0.002071
0110000 0.000000
0110001 0.000000
0110010 0.000000
0110011 0.000286
0110100 0.000043
0110101 0.000057
0110110 0.000029
0110111 0.000157
0111000 0.004757
0111001 0.001629
0111010 0.033700
0111011 0.054943
0111100 0.001171
0111101 0.000357
0111110 0.001200
0111111 0.002057
1000000 0.001829
1000001 0.001029
1000010 0.000286
1000011 0.001257
1000100 0.052657
1000101 0.033043
1000110 0.001529
1000111 0.004714
1001000 0.000157
1001001 0.000029
1001010 0.000071
1001011 0.000000
1001100 0.000400
1001101 0.000029
1001110 0.000000
1001111 0.000000
1010000 0.002114
1010001 0.000057
1010010 0.001757
1010011 0.000186
1010100 0.057971
1010101 0.000829
1010110 0.003414
1010111 0.000257
1011000 0.087671
1011001 0.000114
1011010 0.065771
1011011 0.000729
1011100 0.039000
1011101 0.000100
1011110 0.002443
1011111 0.000043
1100000 0.000171
1100001 0.000714
1100010 0.000086
1100011 0.001271
1100100 0.021586
1100101 0.051186
1100110 0.000386
1100111 0.009514
1101000 0.000243
1101001 0.000129
1101010 0.000100
1101011 0.000457
1101100 0.000486
1101101 0.000043
1101110 0.000000
1101111 0.000000
1110000 0.000043
1110001 0.000071
1110010 0.000100
1110011 0.000129
1110100 0.001714
1110101 0.000471
1110110 0.000171
1110111 0.000214
1111000 0.010571
1111001 0.000329
1111010 0.016386
1111011 0.003429
1111100 0.018243
1111101 0.000057
1111110 0.001814
1111111 0.000043
