000000 0.004550
000001 0.001283
000010 0.022567
000011 0.000100
000100 0.000700
000101 0.019017
000110 0.073750
000111 0.007483
001000 0.001000
001001 0.002067
001010 0.003867
001011 0.000000
001100 0.003217
001101 0.149917
001110 0.065967
001111 0.029917
010000 0.008767
010001 0.004117
010010 0.081883
010011 0.000200
010100 0.000050
010101 0.000283
010110 0.004750
010111 0.000400
011000 0.001217
011001 0.000817
011010 0.003433
011011 0.000000
011100 0.000167
011101 0.003400
011110 0.004617
011111 0.000217
100000 0.000333
100001 0.004833
100010 0.003467
100011 0.000150
100100 0.000000
100101 0.003400
100110 0.000850
100111 0.001067
101000 0.000433
101001 0.004467
101010 0.000367
101011 0.000017
101100 0.000233
101101 0.079067
101110 0.004100
101111 0.008700
110000 0.030950
110001 0.066367
110010 0.149633
110011 0.002933
110100 0.000017
110101 0.003883
110110 0.002667
110111 0.001333
111000 0.006500
111001 0.075067
111010 0.019267
111011 0.000550
111100 0.000083
111101 0.022633
111110 0.001350
111111 0.004500
