00000000 0.008063
00000001 0.005987
00000010 0.060387
00000011 0.006400
00000100 0.000750
00000101 0.002237
00000110 0.016250
00000111 0.010900
00001000 0.034188
00001001 0.022175
00001010 0.020725
00001011 0.000300
00001100 0.000000
00001101 0.000013
00001110 0.000000
00001111 0.000000
00010000 0.000200
00010001 0.000063
00010010 0.028037
00010011 0.000387
00010100 0.000250
00010101 0.000138
00010110 0.062975
00010111 0.004763
00011000 0.003750
00011001 0.000175
00011010 0.051275
00011011 0.000025
00011100 0.000275
00011101 0.000037
00011110 0.000212
00011111 0.000000
00100000 0.000000
00100001 0.000025
00100010 0.000788
00100011 0.001213
00100100 0.000013
00100101 0.000112
00100110 0.001450
00100111 0.003475
00101000 0.000125
00101001 0.000262
00101010 0.000725
00101011 0.000463
00101100 0.000013
00101101 0.000000
00101110 0.000000
00101111 0.000050
00110000 0.000000
00110001 0.000000
00110010 0.000225
00110011 0.000037
00110100 0.000025
00110101 0.000025
00110110 0.016362
00110111 0.008887
00111000 0.000000
00111001 0.000025
00111010 0.000500
00111011 0.000138
00111100 0.000000
00111101 0.000025
00111110 0.000025
00111111 0.000037
01000000 0.000200
01000001 0.000162
01000010 0.001563
01000011 0.000687
01000100 0.000225
01000101 0.004975
01000110 0.004750
01000111 0.010563
01001000 0.002037
01001001 0.006425
01001010 0.000225
01001011 0.000063
01001100 0.000000
01001101 0.000188
01001110 0.000000
01001111 0.000000
01010000 0.000000
01010001 0.000000
01010010 0.000075
01010011 0.000037
01010100 0.000212
01010101 0.000500
01010110 0.004975
01010111 0.002363
01011000 0.000112
01011001 0.000013
01011010 0.000037
01011011 0.000000
01011100 0.000063
01011101 0.000013
01011110 0.000000
01011111 0.000000
01100000 0.000000
01100001 0.000050
01100010 0.000175
01100011 0.000812
01100100 0.000000
01100101 0.007437
01100110 0.001587
01100111 0.030713
01101000 0.000025
01101001 0.002275
01101010 0.000125
01101011 0.000225
01101100 0.000000
01101101 0.001225
01101110 0.000050
01101111 0.000138
01110000 0.000000
01110001 0.000000
01110010 0.000000
01110011 0.000000
01110100 0.000000
01110101 0.000463
01110110 0.008688
01110111 0.027438
01111000 0.000000
01111001 0.000063
01111010 0.000000
01111011 0.000000
01111100 0.000000
01111101 0.000138
01111110 0.000000
01111111 0.000075
10000000 0.000037
10000001 0.000050
10000010 0.000237
10000011 0.000000
10000100 0.000000
10000101 0.000000
10000110 0.000025
10000111 0.000000
10001000 0.027713
10001001 0.008388
10001010 0.000450
10001011 0.000000
10001100 0.000000
10001101 0.000000
10001110 0.000000
10001111 0.000000
10010000 0.000100
10010001 0.000037
10010010 0.001225
10010011 0.000000
10010100 0.000112
10010101 0.000037
10010110 0.001813
10010111 0.000000
10011000 0.030975
10011001 0.001737
10011010 0.007613
10011011 0.000000
10011100 0.000663
10011101 0.000287
10011110 0.000037
10011111 0.000000
10100000 0.000000
10100001 0.000000
10100010 0.000013
10100011 0.000087
10100100 0.000000
10100101 0.000050
10100110 0.000063
10100111 0.000063
10101000 0.002300
10101001 0.004250
10101010 0.000350
10101011 0.000287
10101100 0.000050
10101101 0.000150
10101110 0.000000
10101111 0.000000
10110000 0.000000
10110001 0.000013
10110010 0.000100
10110011 0.000025
10110100 0.000050
10110101 0.000400
10110110 0.006400
10110111 0.002138
10111000 0.010913
10111001 0.004975
10111010 0.004575
10111011 0.000313
10111100 0.000650
10111101 0.001675
10111110 0.000138
10111111 0.000250
11000000 0.000025
11000001 0.000100
11000010 0.000037
11000011 0.000000
11000100 0.000150
11000101 0.000425
11000110 0.000025
11000111 0.000000
11001000 0.009725
11001001 0.015612
11001010 0.000100
11001011 0.000000
11001100 0.000025
11001101 0.000262
11001110 0.000000
11001111 0.000000
11010000 0.000025
11010001 0.000013
11010010 0.000000
11010011 0.000000
11010100 0.000387
11010101 0.000625
11010110 0.000225
11010111 0.000087
11011000 0.003400
11011001 0.001625
11011010 0.000175
11011011 0.000000
11011100 0.001375
11011101 0.000663
11011110 0.000000
11011111 0.000000
11100000 0.000025
11100001 0.000162
11100010 0.000087
11100011 0.000225
11100100 0.000000
11100101 0.050300
11100110 0.000200
11100111 0.004137
11101000 0.005513
11101001 0.062488
11101010 0.000138
11101011 0.000300
11101100 0.000225
11101101 0.029612
11101110 0.000075
11101111 0.000188
11110000 0.000013
11110001 0.000000
11110010 0.000050
11110011 0.000000
11110100 0.000188
11110101 0.020925
11110110 0.022250
11110111 0.034612
11111000 0.010387
11111001 0.016675
11111010 0.002713
11111011 0.000600
11111100 0.006725
11111101 0.059175
11111110 0.005875
11111111 0.008450
