000000 0.001200
000001 0.008467
000010 0.000050
000011 0.000000
000100 0.003133
000101 0.280600
000110 0.001517
000111 0.004667
001000 0.000617
001001 0.012983
001010 0.000133
001011 0.000167
001100 0.000217
001101 0.043767
001110 0.000017
001111 0.002167
010000 0.000483
010001 0.000033
010010 0.001883
010011 0.000033
010100 0.001600
010101 0.014033
010110 0.031883
010111 0.052467
011000 0.000083
011001 0.000650
011010 0.004883
011011 0.000633
011100 0.000083
011101 0.002817
011110 0.009650
011111 0.019433
100000 0.020150
100001 0.010617
100010 0.002450
100011 0.000000
100100 0.000767
100101 0.004867
100110 0.000833
100111 0.000017
101000 0.052967
101001 0.032500
101010 0.014000
101011 0.001433
101100 0.000033
101101 0.002300
101110 0.000050
101111 0.000417
110000 0.001867
110001 0.000067
110010 0.042367
110011 0.000217
110100 0.000167
110101 0.000183
110110 0.011283
110111 0.000800
111000 0.004700
111001 0.001417
111010 0.278033
111011 0.003350
111100 0.000017
111101 0.000117
111110 0.009450
111111 0.001150
