00000000 0.000037
00000001 0.000000
00000010 0.000212
00000011 0.000000
00000100 0.006750
00000101 0.001775
00000110 0.004363
00000111 0.000612
00001000 0.000212
00001001 0.000000
00001010 0.000737
00001011 0.000000
00001100 0.070875
00001101 0.006275
00001110 0.110287
00001111 0.003363
00010000 0.000000
00010001 0.000000
00010010 0.000000
00010011 0.000000
00010100 0.000087
00010101 0.000425
00010110 0.000000
00010111 0.000000
00011000 0.000000
00011001 0.000000
00011010 0.000000
00011011 0.000013
00011100 0.000450
00011101 0.002087
00011110 0.000362
00011111 0.003162
00100000 0.000212
00100001 0.000663
00100010 0.000725
00100011 0.001937
00100100 0.000687
00100101 0.003263
00100110 0.000262
00100111 0.001213
00101000 0.000287
00101001 0.000850
00101010 0.001737
00101011 0.004862
00101100 0.000913
00101101 0.003713
00101110 0.000562
00101111 0.004000
00110000 0.000000
00110001 0.000287
00110010 0.000000
00110011 0.000375
00110100 0.000000
00110101 0.000850
00110110 0.000000
00110111 0.000125
00111000 0.000000
00111001 0.000550
00111010 0.000037
00111011 0.004775
00111100 0.000000
00111101 0.002988
00111110 0.000000
00111111 0.002587
01000000 0.000075
01000001 0.000000
01000010 0.001725
01000011 0.000000
01000100 0.004038
01000101 0.000513
01000110 0.018600
01000111 0.000487
01001000 0.000000
01001001 0.000000
01001010 0.000513
01001011 0.000000
01001100 0.001112
01001101 0.000013
01001110 0.162975
01001111 0.000438
01010000 0.000000
01010001 0.000075
01010010 0.000400
01010011 0.000550
01010100 0.001288
01010101 0.001638
01010110 0.002350
01010111 0.004925
01011000 0.000013
01011001 0.000063
01011010 0.000188
01011011 0.000400
01011100 0.000988
01011101 0.000612
01011110 0.003638
01011111 0.005537
01100000 0.000050
01100001 0.000200
01100010 0.000188
01100011 0.001125
01100100 0.000037
01100101 0.000450
01100110 0.000000
01100111 0.000400
01101000 0.000000
01101001 0.000000
01101010 0.000075
01101011 0.000275
01101100 0.000000
01101101 0.000000
01101110 0.000000
01101111 0.000112
01110000 0.000000
01110001 0.000525
01110010 0.000150
01110011 0.017687
01110100 0.000013
01110101 0.001038
01110110 0.000000
01110111 0.004112
01111000 0.000000
01111001 0.000112
01111010 0.000125
01111011 0.005987
01111100 0.000000
01111101 0.000275
01111110 0.000000
01111111 0.001162
10000000 0.001300
10000001 0.000000
10000010 0.000188
10000011 0.000000
10000100 0.006275
10000101 0.000100
10000110 0.000100
10000111 0.000000
10001000 0.004150
10001001 0.000000
10001010 0.001213
10001011 0.000000
10001100 0.017862
10001101 0.000150
10001110 0.000500
10001111 0.000000
10010000 0.000063
10010001 0.000000
10010010 0.000000
10010011 0.000000
10010100 0.000400
10010101 0.000037
10010110 0.000000
10010111 0.000000
10011000 0.000400
10011001 0.000000
10011010 0.000400
10011011 0.000000
10011100 0.001187
10011101 0.000262
10011110 0.000275
10011111 0.000013
10100000 0.005625
10100001 0.002875
10100010 0.000663
10100011 0.000925
10100100 0.000425
10100101 0.000125
10100110 0.000000
10100111 0.000000
10101000 0.004325
10101001 0.002437
10101010 0.001725
10101011 0.000850
10101100 0.000400
10101101 0.000500
10101110 0.000000
10101111 0.000000
10110000 0.000438
10110001 0.163500
10110010 0.000013
10110011 0.001213
10110100 0.000000
10110101 0.000775
10110110 0.000000
10110111 0.000000
10111000 0.000525
10111001 0.018312
10111010 0.000325
10111011 0.003950
10111100 0.000000
10111101 0.001825
10111110 0.000000
10111111 0.000013
11000000 0.002525
11000001 0.000000
11000010 0.003325
11000011 0.000000
11000100 0.005012
11000101 0.000075
11000110 0.000612
11000111 0.000000
11001000 0.000188
11001001 0.000000
11001010 0.000788
11001011 0.000000
11001100 0.000450
11001101 0.000000
11001110 0.000237
11001111 0.000000
11010000 0.004275
11010001 0.000463
11010010 0.004412
11010011 0.000963
11010100 0.005412
11010101 0.001863
11010110 0.000862
11010111 0.000400
11011000 0.001313
11011001 0.000275
11011010 0.002775
11011011 0.000575
11011100 0.002200
11011101 0.000763
11011110 0.000625
11011111 0.000175
11100000 0.002925
11100001 0.000338
11100010 0.002025
11100011 0.000412
11100100 0.000075
11100101 0.000037
11100110 0.000000
11100111 0.000000
11101000 0.000025
11101001 0.000000
11101010 0.000475
11101011 0.000112
11101100 0.000000
11101101 0.000000
11101110 0.000000
11101111 0.000000
11110000 0.003875
11110001 0.109450
11110010 0.006237
11110011 0.071850
11110100 0.000013
11110101 0.000725
11110110 0.000025
11110111 0.000237
11111000 0.000400
11111001 0.004313
11111010 0.001900
11111011 0.006687
11111100 0.000000
11111101 0.000162
11111110 0.000000
11111111 0.000112
