301	4	6.393885	-1.958325	5.053406	0.148267	6.393885	2.755288	0.475908	-1.494339	6.393885	-6.836317	5.119191	1.617160	6.393885	-13.339735	5.119269	5.935317
383	4	8.058976	-9.630214	4.691778	8.631241	8.058976	4.278370	-1.931946	-3.013049	8.058976	3.117004	-1.931946	3.148405	8.058976	-0.722762	-1.929987	8.566256
517	4	4.638536	2.807881	0.633142	-5.380094	4.638536	-10.939894	6.198661	7.001567	4.638536	-0.438688	6.088165	-1.067165	4.638536	-4.378547	6.198659	0.422297
810	4	6.336419	4.476495	2.936654	-2.130349	6.336419	-8.949305	6.711736	6.569759	6.336419	3.590136	2.936677	3.950591	6.336419	-6.458187	6.710981	0.431523
1083	4	5.908585	-4.648132	6.952415	1.208545	5.908585	6.614626	1.141205	-5.154998	5.908585	-9.308934	6.963578	7.509372	5.908585	0.328599	4.004610	-3.600026
1981	4	6.686168	-5.226553	5.745399	6.335929	6.686168	8.282823	1.147766	-1.061866	6.686168	6.323957	1.147766	4.812086	6.686168	-2.924076	5.744497	0.456352
2064	4	5.700150	-6.910220	6.178684	0.594837	5.700150	-1.446896	6.026441	0.576451	5.700150	-9.044684	6.178763	6.889683	5.700150	3.285754	1.860751	-4.386506
2089	4	1.700607	-2.200948	7.358716	-3.662472	1.700607	-12.848109	7.397497	8.890341	1.700607	4.218079	2.270341	-3.675259	1.700607	-2.221128	7.359771	2.413516
2120	4	6.321205	2.020754	3.211209	-1.650427	6.321205	-5.994934	6.467550	1.986520	6.321205	-12.368882	6.467766	8.115730	6.321205	0.419478	5.419013	0.697977
2199	4	7.592067	4.784507	-0.563133	-5.734733	7.592067	-1.166174	5.821155	-2.620224	7.592067	-12.743856	5.856164	6.320595	7.592067	-7.044853	5.856164	-0.216706
2570	4	6.297825	-6.694988	3.529181	7.151992	6.297825	3.972595	0.066197	-1.441552	6.297825	-4.577989	3.395336	0.659157	6.297825	-0.440392	2.001400	7.140383
2648	4	6.132014	-7.307827	6.362477	1.833702	6.132014	4.947867	1.125217	-4.154509	6.132014	-10.523121	6.362873	7.515453	6.132014	-3.844998	1.959389	7.515407
2751	4	1.908483	-12.482193	5.604592	6.624807	1.908483	-10.175694	5.604502	0.916325	1.908483	1.815695	-0.310073	-1.760276	1.908483	-0.467813	0.831497	6.327785
3017	4	6.173987	-13.193875	6.112568	8.045196	6.173987	3.045322	1.484202	-3.851570	6.173987	3.044133	1.484227	2.211785	6.173987	-1.400325	6.085067	2.770353
3838	4	5.958729	3.413438	-3.203617	3.050069	5.958729	-3.930839	2.475812	7.005531	5.958729	-2.740030	2.475388	0.718183	5.958729	3.690258	-3.203697	-3.302189
4275	4	6.872600	0.054218	6.329653	-4.809738	6.872600	-8.896306	6.757287	6.412717	6.872600	6.043719	0.406854	1.703667	6.872600	6.046298	0.406854	-4.809740
4529	4	7.330600	5.948599	-1.250240	-8.194527	7.330600	-2.743244	3.630548	-2.757454	7.330600	1.520985	2.104971	-7.749194	7.330600	-3.930538	3.718669	3.177337
4604	4	4.057450	-9.926292	7.279746	0.561101	4.057450	2.843503	1.042562	-1.955122	4.057450	-11.363548	7.279746	6.776296	4.057450	0.984887	1.167792	4.572462
5174	4	2.585291	-8.956097	4.825787	0.858398	2.585291	-11.888778	4.825787	7.320876	2.585291	3.021888	-1.704423	-1.734254	2.585291	0.834265	-0.919960	6.193831
5665	4	5.136432	-2.041534	0.554183	6.188293	5.136432	3.285939	0.296737	-4.312045	5.136432	-9.671045	5.919060	0.836588	5.136432	-15.035152	5.919060	6.189842
6009	4	6.485725	-8.307263	7.578534	3.492038	6.485725	5.965060	1.414517	-7.646541	6.485725	0.654841	6.367436	-4.184148	6.485725	-5.605567	7.578534	-2.644399
6157	4	6.346506	-5.054317	8.028872	0.734425	6.346506	0.884790	6.015617	-3.060263	6.346506	5.015219	2.475228	-3.060385	6.346506	-11.049264	8.028893	4.816155
6596	4	7.153955	2.517510	0.178310	6.297545	7.153955	-8.568668	5.752029	7.268721	7.153955	-2.100345	5.751575	6.297626	7.153955	4.828156	0.154627	1.276713
6758	4	5.697242	-5.511667	5.769532	0.576103	5.697242	-11.402556	5.769538	7.154745	5.697242	2.655229	0.366454	4.271250	5.697242	5.791533	-0.432816	-2.034637
7264	4	7.370006	-5.833785	3.329256	1.753336	7.370006	6.369594	-2.081499	-2.589980	7.370006	0.569086	0.318110	5.920305	7.370006	-5.834300	3.329310	7.298057
7686	4	5.615925	-5.038174	6.105494	-0.432608	5.615925	0.417896	5.360440	-6.153157	5.615925	-11.689571	6.105495	6.606110	5.615925	5.243054	0.529627	-6.156058
7734	4	6.520535	-1.193566	3.578370	0.015868	6.520535	-5.528431	3.893469	6.191430	6.520535	4.127669	1.011869	4.090948	6.520535	5.724885	0.333664	-1.691080
7820	4	7.205533	-5.927134	6.422713	-1.413721	7.205533	-11.963702	6.422713	4.909985	7.205533	6.361254	0.206700	-7.389957	7.205533	0.265216	4.495600	-4.625162
7895	4	5.418510	-6.232650	5.441123	6.912439	5.418510	2.013640	-0.632828	4.955215	5.418510	-0.454397	5.424765	6.301928	5.418510	5.526988	-0.955543	-3.076160
8084	4	6.347438	4.689119	0.302761	-6.368935	6.347438	-10.491312	4.685120	6.463616	6.347438	1.563938	2.728660	-6.364115	6.347438	-5.417221	4.652431	0.060423
8133	4	4.355645	1.334073	1.162706	6.231083	4.355645	-2.598190	3.774099	8.239531	4.355645	4.890063	-2.560698	-0.242359	4.355645	1.363543	1.115950	2.228467
8276	4	2.400709	-5.834122	7.452497	4.256596	2.400709	2.116340	5.250266	1.982102	2.400709	2.243303	5.162555	-2.819599	2.400709	-3.220856	7.334672	-1.848781
8298	4	5.628993	-7.377006	5.439376	-0.671007	5.628993	3.557207	1.033154	-5.708687	5.628993	-0.807857	5.419291	-5.626466	5.628993	-12.766078	5.439376	5.675884
9066	4	6.154104	5.080041	2.245654	-0.104797	6.154104	-7.573911	8.468166	6.353063	6.154104	-5.386647	8.468166	0.113749	6.154104	3.031847	2.246438	6.132774
9214	4	7.005122	-5.780509	7.719153	-0.145289	7.005122	-0.052205	6.591130	-0.982176	7.005122	-8.509057	7.719791	6.180796	7.005122	4.345322	3.534497	-4.929881
9500	4	6.899191	6.316987	2.390672	-5.943067	6.899191	-1.548077	8.426129	-3.491265	6.899191	-5.600244	8.443665	6.754478	6.899191	-1.589834	8.427579	2.875402
9582	4	6.634764	-4.879161	5.528017	0.437485	6.634764	6.509074	1.695586	-1.906656	6.634764	0.985837	4.432001	-1.263575	6.634764	-11.114692	5.558643	6.679727
9765	4	7.700655	0.517211	2.907009	1.199490	7.700655	-12.196538	3.797320	7.178102	7.700655	-5.981664	3.797167	1.994432	7.700655	5.216868	-1.818856	-0.372312
