190	4	3.606060	-3.890715	4.171287	7.132835	-12.117297	2.087171	6.563151	3.369690	3.606060	1.284942	-1.408920	1.086701	-4.100102	6.967299	6.511637	-2.264469	3.606060	1.283607	-6.674658	-3.761638	1.747491	7.032063	4.962567	-1.244865	3.606060	1.242553	-6.611257	-3.772336	7.663497	7.032065	1.160903	0.000121
464	4	2.340748	-1.777990	-1.204977	1.522259	-6.962950	6.149659	5.740704	0.145173	2.340748	-1.816016	-2.549387	1.489146	-0.280780	6.149308	3.704609	1.641662	2.340748	-2.227868	0.489332	1.857973	-1.402233	6.147719	4.521609	2.359304	2.340748	-2.369604	0.735936	1.872153	-1.686591	6.147905	4.618651	2.568758
590	4	5.544388	0.853359	1.066525	5.733629	-1.645275	2.361026	6.410478	-6.488386	5.544388	-1.120619	4.186705	8.559993	-8.843342	0.700091	6.458374	-4.124751	5.544388	0.853319	1.085210	6.003340	-7.565020	2.017980	6.458374	-6.259070	5.544388	0.853730	-5.333213	2.709215	4.672654	6.054530	0.403327	-0.481603
668	4	6.554568	1.608173	-0.245648	4.701033	-9.066955	0.840038	7.563044	0.850774	6.554568	0.265563	-2.994578	2.527662	2.142060	3.694548	4.853934	2.984925	6.554568	-1.121442	-2.200720	1.972936	3.897563	5.650754	3.478860	4.624433	6.554568	-0.090873	-3.842171	0.901546	5.039843	6.164119	3.723723	3.489572
721	4	7.040834	-6.150494	6.495414	4.309277	-18.211003	0.772400	7.714075	4.264470	7.040834	-0.804711	-2.976566	-4.129393	6.876872	6.948898	1.906125	1.130035	7.040834	-3.375316	1.202363	-0.654123	3.369043	6.244821	1.936297	1.241716	7.040834	0.479063	0.144803	-1.659501	-5.512339	6.840590	7.714075	-0.460983
986	4	9.150161	1.810168	1.711914	-4.605825	0.264816	8.227437	4.278183	2.171100	9.150161	1.685545	2.020210	-4.357762	0.213787	8.227437	4.517072	2.203818	9.150161	-0.663373	2.719094	-4.766749	0.052512	8.227438	4.025500	3.953803	9.150161	-0.107214	1.816288	-5.178083	0.246252	8.227437	3.644308	3.936285
1031	4	9.621383	-5.234020	6.393295	4.473449	-9.917652	2.938002	7.288595	3.953578	9.621383	2.535436	0.404788	-1.627275	-5.296144	6.694116	7.288595	-2.592102	9.621383	0.373123	-1.398624	-6.114981	6.213815	6.694116	4.285709	1.463195	9.621383	0.217629	5.119901	-1.446192	-5.296641	6.694116	7.288595	-2.592132
1067	4	5.600297	2.540402	-4.161190	-0.555405	8.016610	6.512718	1.899574	3.316426	5.600297	-1.107817	6.352009	6.033066	-9.298049	0.974342	7.601611	3.859038	5.600297	2.127254	2.686310	4.123995	-7.724343	4.146398	7.601607	3.857599	5.600297	3.693994	2.045985	2.875224	-5.896365	6.476565	7.601447	0.145473
1221	4	7.534905	-0.341293	-0.872975	2.797552	0.350191	-2.681171	1.156460	6.527454	7.534905	-0.300013	4.980966	7.717738	-8.187351	-2.920407	7.027273	0.275581	7.534905	1.001970	1.843228	5.067004	-7.828221	-2.909504	7.027273	0.275581	7.534905	1.002051	1.841971	5.017877	-3.358179	-2.908718	7.026573	0.276227
1270	4	4.401683	-3.800895	6.637962	6.527361	-8.974714	2.584831	6.585658	1.133131	4.401683	0.961189	0.817897	0.756728	-2.135998	6.934146	6.577963	-2.984617	4.401683	0.740859	-3.550512	-2.156562	6.022769	6.963442	0.240822	3.296577	4.401683	0.961188	0.827851	3.639506	-5.451390	5.897434	6.585650	-1.021943
1307	4	9.090909	0.326738	-3.083230	1.129148	7.711371	6.983003	2.623513	3.450754	9.090909	-1.764829	6.325799	7.411432	-5.975003	1.220015	6.511977	3.265164	9.090909	0.391577	0.804067	5.087256	-4.966623	4.309573	6.511784	3.201567	9.090909	0.678039	0.560211	3.742912	-4.135417	6.086075	6.510766	0.622419
1458	4	6.961382	0.926032	-0.860686	-3.952122	3.425991	3.954825	-0.286636	6.348469	6.961382	0.672974	2.045430	1.313102	2.819992	3.660436	2.977699	1.690102	6.961382	0.372088	2.444349	1.624054	2.507814	3.630616	3.175094	1.828019	6.961382	1.148508	-0.989078	-3.704738	3.427512	3.950048	-0.085798	6.144912
1490	4	6.156600	0.173481	4.163713	2.793151	-5.097058	6.234896	8.798067	1.726692	6.156600	-1.193287	4.447431	5.626840	-9.045958	1.264990	8.803172	4.124413	6.156600	-1.208912	2.297936	1.034770	2.626632	6.601917	3.212546	6.662939	6.156600	0.205459	4.004560	2.238685	-0.754457	6.482253	7.519712	1.569836
1559	4	8.859702	-0.052767	6.636056	0.902907	-4.801221	4.967234	5.163306	1.937699	8.859702	-0.576702	7.193324	2.781298	-1.483002	4.428398	5.126357	2.866261	8.859702	-0.273150	6.918602	1.392884	-0.131420	4.829739	4.779900	2.755335	8.859702	-1.199614	6.967310	2.760356	-0.971338	4.738720	4.899551	3.652012
1592	4	8.586243	1.110760	-0.767873	-3.320076	6.769891	6.510157	1.333299	-0.163501	8.586243	0.107420	7.575538	5.444151	-0.796155	1.270026	5.755009	0.794136	8.586243	-0.464690	7.845750	6.989388	-1.987934	1.271702	6.124892	2.440134	8.586243	0.100698	7.506819	5.239843	-0.651032	1.270167	5.615259	0.904877
1620	4	7.248453	0.823511	-0.798657	1.978009	8.365553	7.887030	-0.295283	0.122320	7.248453	-2.392330	7.803433	6.994598	-0.106250	3.914370	3.385730	6.496563	7.248453	-2.362718	5.714442	4.470059	2.962740	5.926821	1.574862	4.655611	7.248453	-2.391857	8.826867	7.107735	-6.418138	3.908286	4.197665	5.818744
1639	4	6.221719	-3.235278	3.617543	1.259997	1.514766	1.783899	2.366758	6.138648	6.221719	-3.507109	4.013369	2.729889	1.034237	1.763712	3.181266	6.127264	6.221719	-0.069110	5.953871	3.011415	-4.697701	0.535021	5.896521	0.946283	6.221719	-3.177835	3.519206	0.967601	1.624570	1.784096	2.164923	6.138925
1702	4	6.691359	-4.801975	7.135268	5.637123	-9.818181	-0.156261	6.407825	3.589603	6.691359	0.031732	0.517624	-1.592593	7.404822	5.091255	0.165439	2.166360	6.691359	-2.817820	4.562487	-0.823495	7.306919	5.090972	0.185843	2.166456	6.691359	2.423425	1.833938	2.333999	-4.948196	4.860026	6.314216	-1.113266
1714	4	8.118479	-1.229861	-3.249824	2.520892	3.215645	-0.274784	3.548333	3.745781	8.118479	1.362181	-5.296940	-1.489780	5.795726	4.935629	2.181426	1.544871	8.118479	-1.245909	-3.680151	2.226204	4.011101	-0.227877	3.005275	4.102593	8.118479	-0.957036	-4.649357	0.317548	5.395610	1.069604	2.351461	3.835342
1744	4	5.687746	-2.861388	7.634524	9.471470	-4.640778	1.705423	5.747211	4.613667	5.687746	-1.463619	7.582775	9.471879	-3.181053	1.705421	5.783212	4.152273	5.687746	-2.312670	7.558825	9.467550	-2.411977	1.705422	4.307303	5.039450	5.687746	1.204142	-0.199886	0.025735	6.516549	8.016650	-0.532680	1.939594
1874	4	6.462171	-7.232874	3.754363	1.001200	2.925497	0.159819	2.535670	7.354351	6.462171	-3.382496	1.421353	0.713467	7.648222	0.359907	0.984204	7.361569	6.462171	-2.004091	7.085039	6.736470	-6.306396	-1.780457	7.313527	1.725431	6.462171	-2.004124	6.343741	5.446567	-1.013139	-1.661714	7.089719	1.745848
1927	4	7.273218	-0.068571	5.829200	5.844035	-10.962850	1.074973	7.007844	1.280016	7.273218	1.653745	1.976255	-3.122279	0.695948	6.888833	5.777766	-1.074475	7.273218	1.238009	-0.780488	-3.134516	4.199944	6.888833	3.748201	1.261744	7.273218	0.153993	4.476724	1.402043	0.391916	6.888669	6.058441	-2.091712
1943	4	6.906562	-2.403173	1.853897	1.944199	7.438746	2.586917	1.227672	6.624776	6.906562	-1.800054	7.609841	6.937762	-1.138212	-1.544114	6.335414	3.177625	6.906562	-1.544570	7.545852	6.826532	-5.391459	-1.543745	6.591392	3.017391	6.906562	-4.197526	7.606314	7.197130	-1.015651	-1.544346	5.433892	4.632912
1962	4	7.193059	-1.136474	0.875908	-2.500927	6.111621	4.857517	-0.377337	6.253864	7.193059	-1.896126	5.002912	-0.770896	3.726361	4.777056	3.273969	4.356802	7.193059	-2.678477	4.295904	0.152587	2.892819	4.695520	2.484292	5.241782	7.193059	-4.472939	5.082018	0.580435	0.346501	4.542521	3.912265	5.770568
2078	4	6.922708	-1.508840	0.603991	-0.104545	7.356851	2.236235	1.943745	5.064659	6.922708	-1.839900	6.348343	6.660321	-5.958238	0.155402	6.450574	2.380801	6.922708	2.539465	-1.004570	-3.755397	7.357003	6.472298	1.943745	2.100288	6.922708	-6.269342	5.190577	1.268224	0.961513	0.171423	2.628859	4.562280
2181	4	6.225988	-3.036339	6.521395	6.793047	-10.462937	2.504441	8.910735	-2.509241	6.225988	0.562666	0.718918	3.743379	-7.394272	5.085665	8.910735	-2.744939	6.225988	-3.088649	5.367354	0.370991	1.857046	6.638778	2.517301	-0.426673	6.225988	0.542299	-0.442527	-2.620921	4.969232	6.639053	2.348873	-0.427506
2208	4	4.113035	-2.619395	6.250765	0.473077	-0.731575	5.684478	3.911219	1.520561	4.113035	-3.669881	6.560741	0.913913	-1.736557	5.684357	5.821974	0.870004	4.113035	-1.695394	6.244541	0.530136	-1.061536	5.684442	5.496034	-1.971940	4.113035	-3.033011	6.568013	0.906102	-1.904406	5.684339	6.217657	-0.108015
2272	4	8.907872	1.360428	-1.447072	2.126107	-7.637789	5.786920	6.468081	-1.558442	8.907872	-0.272428	1.391074	6.909082	-14.660323	2.912458	6.478371	4.048357	8.907872	1.327283	-7.171529	-4.416319	4.701057	6.726781	1.675571	-0.427500	8.907872	-2.452148	4.781112	7.616105	-17.874594	2.626121	6.478442	4.049063
2324	4	4.751316	-4.815223	3.809862	0.836212	2.883069	9.170684	3.222304	2.091202	4.751316	-0.949898	-1.043860	-0.158540	4.911231	9.171680	1.613751	2.091432	4.751316	-1.856232	5.427038	6.073840	-4.795304	7.150784	6.019959	0.572486	4.751316	-3.642478	6.608651	1.342978	-2.214285	9.163404	5.811228	1.049375
2369	4	6.683959	1.956177	-1.048609	1.571985	-4.006588	6.575325	6.745838	-1.948214	6.683959	1.674690	-1.305448	-4.113907	6.707752	6.620368	1.262366	0.525855	6.683959	1.860338	-1.715780	-4.108648	1.830596	6.620368	4.288877	-0.334699	6.683959	-1.601769	4.661519	6.583209	-13.907817	1.243281	6.748047	4.030518
2370	4	8.615850	-0.993471	1.512834	0.314453	2.188040	2.554271	3.682988	3.205924	8.615850	-1.643629	5.240057	6.475759	-12.921246	-2.425042	6.153053	-1.303579	8.615850	-0.706069	1.397686	0.238106	2.232845	2.554334	3.740169	2.994216	8.615850	-1.097529	1.402918	0.268183	2.385305	2.554394	3.564595	3.383538
2385	4	2.434963	-6.556661	3.535143	1.966184	1.778865	7.136304	0.150196	4.594559	2.434963	-6.602859	9.721029	6.910323	-5.207516	1.008284	6.646033	3.864595	2.434963	-8.894166	9.624268	6.910312	-3.921229	1.008285	6.645045	4.722722	2.434963	-6.957623	9.713656	6.910324	-5.072625	1.008284	6.646021	3.934924
2536	4	6.514828	-2.989279	3.986063	-1.474744	4.258664	6.910513	4.970081	3.868334	6.514828	-4.824172	4.299618	0.788120	1.384846	6.850795	4.684131	4.136011	6.514828	-1.285447	6.556808	3.044368	-2.045641	4.865243	9.062614	-0.783496	6.514828	-4.737571	5.300518	1.877128	0.822211	6.624851	5.607156	3.866671
2624	4	7.594605	-2.689563	6.792783	8.441780	-11.954755	2.116181	5.591250	0.658023	7.594605	-2.029749	2.007984	2.899056	1.488590	6.229434	0.605384	3.799849	7.594605	-0.874468	1.240262	4.778145	-8.579913	3.358287	5.591250	0.657069	7.594605	-2.013029	1.862062	2.848093	1.627737	6.249646	0.674930	3.643587
2717	4	7.096456	2.297101	-2.507746	-4.215803	7.061805	7.498147	-1.010524	2.484057	7.096456	-2.985838	6.027103	5.176383	0.042262	1.003989	-0.293540	6.735158	7.096456	-2.766812	5.731942	5.024913	0.485430	0.978564	-0.649677	6.291467	7.096456	-2.691668	5.716583	5.205002	0.786719	0.950967	0.483355	5.573754
2768	4	7.188326	1.409800	0.204930	1.711748	6.469660	6.134181	-0.475054	4.850225	7.188326	-2.172069	7.608535	7.658242	-9.826389	3.580495	4.903812	5.808218	7.188326	-2.075727	5.804753	3.372396	3.060064	5.528102	-0.474855	5.122221	7.188326	1.393708	2.005683	6.030388	-5.882699	3.580652	4.903812	5.808143
2789	4	9.050489	2.344700	-2.557538	-0.552237	0.819476	7.675057	5.781782	0.273674	9.050489	2.344394	-5.071283	-5.165290	6.490846	7.770295	2.096731	1.154775	9.050489	2.336258	-0.157577	1.187603	-4.494866	3.536683	7.166146	2.151632	9.050489	0.618893	-2.343077	2.957067	0.741798	2.167630	5.999450	5.224889
2803	4	7.748707	1.952367	-2.547226	-2.723458	7.464133	5.926797	3.904812	3.522723	7.748707	-3.954850	5.618595	5.568910	-0.324949	0.585987	5.217694	4.321798	7.748707	-2.439264	4.720467	4.633799	-0.082778	0.610037	4.971604	4.396083	7.748707	-1.241523	5.272715	5.227246	-0.649864	0.581740	5.623926	3.415052
2864	4	6.513525	-0.408280	-0.686911	-4.672269	6.856134	4.891578	-3.959933	6.417180	6.513525	-1.710954	4.381537	3.624896	0.925045	0.214481	0.225379	5.869568	6.513525	-0.834306	5.795899	4.466699	0.479889	-0.762430	1.984021	2.609848	6.513525	-0.834393	5.904979	4.584486	0.319393	-0.841917	2.144799	2.459733
2954	4	4.746763	-1.945785	0.434335	1.575461	2.462914	0.600062	2.006070	4.951680	4.746763	0.523532	-0.231277	5.226521	-5.154799	-4.914913	4.713589	1.083400	4.746763	-2.281745	1.087974	1.580744	1.737808	0.802476	1.945782	5.000375	4.746763	-2.100064	0.709423	1.542859	2.145942	0.727731	1.973781	4.977339
2960	4	5.901868	3.089466	-0.774546	1.304377	-2.399754	7.760622	3.908815	-0.477687	5.901868	-1.236683	6.947671	6.188205	-8.528581	4.088280	3.909093	1.399813	5.901868	0.443193	-1.107124	-0.841529	4.031011	7.763537	-2.569122	3.948226	5.901868	0.442883	-1.106863	0.880236	1.918990	7.762868	-2.558833	3.948735
2973	4	6.105746	-1.589630	5.353298	6.620226	-9.994520	0.608098	8.615231	0.288510	6.105746	-1.217508	-0.366788	4.783981	1.668339	1.232564	4.028142	4.518881	6.105746	-1.253648	-0.398786	4.726172	1.739210	1.273774	3.996703	4.578145	6.105746	-1.454422	-0.371359	4.755833	1.660252	1.275332	3.985664	4.635800
2992	4	5.730915	-2.286483	-2.447028	-4.806788	3.475739	3.999945	5.184148	5.243529	5.730915	-0.840381	-2.937965	-5.321144	2.071943	3.999955	6.017010	2.969636	5.730915	-2.284112	-2.435923	-4.795511	3.051581	3.999944	5.415897	4.700956	5.730915	-1.457389	-2.657246	-4.972437	2.280079	3.999947	5.848945	3.497900
3001	4	5.380000	-3.796470	6.396557	7.232285	-2.087706	2.880274	4.782906	3.373300	5.380000	-4.930126	4.864134	1.316106	2.249714	4.745462	-1.465158	5.639974	5.380000	-3.796331	6.333389	6.103009	-1.583693	2.880363	4.740855	3.373217	5.380000	-3.914954	6.482298	7.610700	-3.174699	2.885736	4.792594	3.462002
3109	4	6.559743	2.353619	1.430636	2.599962	-2.423891	5.037996	5.005030	-0.173327	6.559743	2.341792	-5.050615	-3.812073	4.480505	5.661792	-0.265994	0.716478	6.559743	-0.636755	7.365677	4.536445	-4.576185	4.082656	5.005082	0.267391	6.559743	-5.594202	7.506206	5.849835	-8.577735	3.199244	5.005082	2.685384
3261	4	7.566174	-1.284602	4.399320	1.471160	4.353473	2.120141	0.220731	7.059372	7.566174	-1.777217	6.457526	4.811358	0.555757	0.850988	3.826265	6.025558	7.566174	-1.681047	6.439104	2.741893	2.418479	1.703391	0.420008	6.950433	7.566174	-1.316400	6.704158	3.001584	2.796927	1.416019	0.852554	6.566882
3444	4	6.425098	1.799144	-0.614596	-0.283318	8.845581	5.760718	1.090925	5.361291	6.425098	-1.995938	8.791206	6.914606	-10.103915	-0.238597	7.588410	2.522641	6.425098	-1.950764	4.996848	1.597513	7.312645	3.271493	1.090960	7.486503	6.425098	1.560309	3.279220	5.200239	-7.807965	-0.229092	7.588410	2.522641
3497	4	5.237400	-3.580787	6.161209	3.950934	-5.509707	5.204687	7.355919	1.214429	5.237400	-3.194447	2.932763	-0.539192	1.335574	6.751496	3.705984	3.520757	5.237400	-3.275607	2.246328	-1.373916	1.678329	6.815665	2.909514	3.676151	5.237400	-3.351288	2.491874	-1.018595	1.567342	6.794384	3.158130	3.659597
3534	4	7.186748	-0.664883	-2.018694	1.182343	6.804964	7.433200	2.875265	2.759231	7.186748	-2.515300	5.279491	6.062231	-7.225997	4.676805	8.116564	0.397431	7.186748	0.265857	-0.230969	3.910696	-5.762813	6.264047	8.116546	0.261200	7.186748	0.254859	-0.336649	1.583553	-2.832312	7.331836	8.054191	0.271280
3548	4	5.580848	-3.582190	6.046849	6.634772	-12.049944	0.099616	7.611545	3.240909	5.580848	-0.678081	0.461521	-1.532706	3.166553	6.567339	4.034981	2.897422	5.580848	-0.520276	-0.380087	-1.754566	4.532570	6.569266	3.568214	2.923530	5.580848	-0.297771	-0.363478	-1.705530	4.345556	6.567855	3.834166	2.630862
3662	4	5.201559	1.340971	2.502955	2.058766	1.927198	-0.036730	7.896844	-0.282210	5.201559	-0.778050	-1.365529	4.730320	2.960649	-0.713561	3.871321	4.988866	5.201559	2.123952	-3.982140	0.201570	5.553957	2.517296	5.046920	2.361475	5.201559	0.780443	3.182373	3.903117	-0.556367	-2.403357	7.301504	1.505724
3719	4	6.222304	1.131034	-4.935900	3.301580	-7.710127	5.119416	6.793497	3.172791	6.222304	1.904854	-8.976925	-2.323628	4.152734	6.138784	2.389294	2.612624	6.222304	2.501536	-5.027474	2.195764	-4.371887	5.600254	6.716527	1.593357	6.222304	-0.485983	-1.782417	4.263454	-5.980921	4.726804	6.294465	5.191125
3884	4	3.944703	-2.013219	6.823984	2.181861	-7.989663	0.028072	3.078952	3.342822	3.944703	-1.650080	6.822765	0.984450	-5.981816	0.204569	3.118892	2.967733	3.944703	-2.733416	6.822356	2.317183	-5.318143	0.174082	2.821613	3.753947	3.944703	-1.538905	6.818325	-0.144366	-2.926285	0.220158	2.725361	2.567074
3905	4	7.732707	3.381913	-1.693790	-1.738050	6.003739	9.021783	0.124903	-2.629646	7.732707	2.809129	3.030731	7.904273	0.159183	4.015121	3.395579	-0.126429	7.732707	1.387816	2.103484	7.473993	2.189965	4.025295	0.720305	2.420389	7.732707	0.395524	3.642704	8.342545	-2.999825	4.032906	4.701455	1.095883
3962	4	5.555666	0.667587	-0.574891	2.442233	-6.942282	6.413276	6.026710	0.805451	5.555666	-6.666197	5.724212	5.763122	-13.253519	0.466492	6.060805	5.151056	5.555666	-0.607183	-0.540750	4.997586	-9.102524	1.799701	6.053446	5.155273	5.555666	-0.109226	-4.053314	-0.700279	4.250871	6.454653	0.920461	2.242502
3986	4	6.320897	-1.529077	0.982328	3.523036	2.823997	-0.453889	-1.539916	5.531620	6.320897	-1.588844	6.264759	4.204003	-6.681116	-1.205136	5.067291	-0.655244	6.320897	3.156081	1.919561	0.957621	-4.265002	3.135406	5.067183	-1.216931	6.320897	3.156279	1.899154	0.751698	-1.281223	3.314731	4.695398	-1.260183
4033	4	9.349922	1.345317	1.120370	0.271321	-5.408761	3.975899	6.446981	-3.045353	9.349922	1.345414	-2.738263	-4.300032	7.292097	4.140414	0.273581	-0.729392	9.349922	-4.675415	5.820840	5.936842	-12.045928	-1.649706	6.446990	3.378475	9.349922	-0.792905	5.752563	1.882472	-5.577742	2.054242	6.446984	-1.738797
4091	4	6.898962	-1.819229	7.017807	9.279618	-5.468469	1.641992	8.019687	-0.870140	6.898962	-2.462637	6.549137	8.121522	-0.380185	2.016952	4.356855	0.687142	6.898962	-4.706957	3.189035	6.982517	2.100197	2.418965	3.257825	2.863638	6.898962	-5.665328	3.740536	6.920533	1.730764	2.469235	3.150158	3.306740
4213	4	7.292651	0.090701	5.260525	3.563177	-6.514575	6.424306	6.125489	-2.569460	7.292651	-0.371954	3.933828	2.987313	2.672188	6.485429	4.002782	0.114696	7.292651	-2.036055	3.995043	3.748962	1.018544	6.489789	3.790037	1.723520	7.292651	-1.995304	3.976806	3.276221	3.013843	6.890236	2.990334	2.056074
4248	4	6.192832	0.209715	-3.761935	0.268724	6.279451	6.557257	0.420638	-2.009220	6.192832	-2.937376	6.137134	6.434278	-8.231076	3.481004	6.984700	0.134891	6.192832	0.087000	1.636826	5.777659	-0.166816	3.505183	6.753785	0.307140	6.192832	0.103543	1.614483	6.121106	-6.276853	3.489914	6.984700	0.134864
4325	4	6.785725	1.533758	-0.008780	1.048136	-4.618898	7.743692	7.825731	-3.167942	6.785725	1.184863	1.814102	1.737312	-6.569074	7.547032	7.857934	-3.168435	6.785725	1.160306	-4.504877	-4.755885	8.393053	7.882524	1.801947	2.816893	6.785725	-1.332099	6.178589	4.585532	-14.792768	4.332550	7.869314	-1.183223
4426	4	8.420386	-3.484502	1.276749	4.038116	-0.547427	3.210112	6.570243	3.573491	8.420386	-3.438056	1.284474	2.361706	1.834753	4.033559	3.458261	6.271271	8.420386	-0.525729	7.622305	2.335386	-5.860348	3.954474	7.554450	1.423302	8.420386	-3.368253	1.298093	1.877902	2.488772	4.198286	3.292635	6.278971
4430	4	2.125350	1.092716	-4.347507	-1.881225	-6.413132	6.694075	5.415783	1.881023	2.125350	0.164820	-8.117592	-2.936293	0.792529	6.694075	4.189050	3.604457	2.125350	0.186534	-8.303250	-3.065801	0.904797	6.694075	4.072847	3.614775	2.125350	0.260049	-6.680097	-2.600937	0.217594	6.694075	4.810120	3.379218
4447	4	8.300997	2.463690	0.066300	-6.607878	7.842704	6.567235	0.284515	0.053606	8.300997	-1.260487	4.524965	4.932922	-1.157179	2.785309	5.808822	3.236266	8.300997	-1.111988	4.639909	4.957639	-1.263558	2.760380	6.054900	3.025100	8.300997	-1.618619	4.775254	4.964177	-4.102148	2.855222	6.649670	3.145367
4522	4	3.809001	-5.365069	5.553592	9.112332	-8.329502	4.597275	6.759894	0.203867	3.809001	-0.363394	-4.484634	-0.323956	2.427888	7.488907	4.655184	2.491454	3.809001	-5.365786	5.467766	9.110995	-1.889830	4.597275	6.522279	0.823747	3.809001	-0.357232	0.729015	5.126792	-1.665817	4.598959	6.485729	0.936896
4532	4	7.201156	2.597340	-2.180334	-5.017872	5.988898	6.830930	6.866736	-2.425463	7.201156	-2.595023	7.753715	6.486104	-2.821274	3.305381	7.269664	2.517897	7.201156	-3.636524	7.817058	6.876992	-5.792914	3.116837	7.699248	2.556393	7.201156	-4.070903	7.812421	6.871984	-5.429517	3.162217	7.506725	3.022659
4605	4	8.369540	-2.526341	7.070540	6.131136	-10.864324	-2.360268	6.914550	3.502259	8.369540	-0.649445	-0.072430	0.844475	6.842350	3.446303	1.608841	6.664529	8.369540	-4.155327	4.518956	1.769902	3.501049	3.434132	1.608841	6.667271	8.369540	-0.712982	2.086436	0.905630	6.787959	3.445829	1.608841	6.664722
4623	4	6.605559	1.011758	-0.615577	4.254731	-2.607818	4.399658	7.251792	3.213820	6.605559	-0.188779	-0.501009	7.010485	-3.071306	3.602071	7.256688	3.751121	6.605559	1.346081	-0.623782	3.063710	-2.516361	5.959351	7.250876	2.883290	6.605559	-1.674090	0.548439	7.520411	-5.852679	5.333375	7.182044	4.926420
4642	4	7.031560	-1.303663	6.344532	5.908267	-1.098844	-1.044103	6.451939	0.559497	7.031560	-1.316503	6.366076	5.932649	-1.380732	-1.044105	6.626470	0.279154	7.031560	-1.314238	6.362388	5.928347	-1.321448	-1.044104	6.591582	0.325230	7.031560	-1.312498	6.359522	5.925045	-1.279348	-1.044104	6.566198	0.361717
4684	4	9.002804	-1.579645	7.236763	4.752517	-16.763457	2.125000	6.942516	1.303679	9.002804	-1.118283	3.597163	0.067880	2.282515	5.168971	2.482585	3.851339	9.002804	-1.276095	3.610600	0.354644	1.632416	5.109902	2.825550	3.861717	9.002804	1.428933	2.931095	0.158889	-5.987826	5.254825	6.942516	1.106490
4742	4	6.675243	2.443010	-7.385104	1.812021	5.855952	6.546126	0.330912	1.280128	6.675243	0.544947	1.201864	5.758457	-1.147657	0.193098	2.523413	4.213031	6.675243	0.734485	3.403630	6.871270	-4.982432	0.192927	6.338013	1.777813	6.675243	-0.941190	3.841908	6.912393	-3.110786	0.192946	0.722644	4.723772
4884	4	7.940519	-1.131430	7.349546	6.100233	-6.425918	0.369966	8.588049	-0.010312	7.940519	-4.291880	2.793527	0.443250	1.791423	4.453005	6.528766	3.367514	7.940519	-3.420252	2.793669	0.472507	1.286975	4.422935	6.910479	2.495009	7.940519	-3.954548	2.803414	0.462423	1.436031	4.430941	6.800790	2.761891
5014	4	5.560578	0.322982	-1.119795	-0.841026	-2.236025	4.687299	7.431948	2.358927	5.560578	-3.690442	3.561852	0.150356	0.830028	4.687179	3.768355	5.481246	5.560578	-3.725847	3.596684	0.153255	0.662466	4.687177	3.944421	5.476871	5.560578	-3.739764	3.550585	0.153269	0.719567	4.687178	3.742564	5.561496
5098	4	8.005529	-1.241070	-0.170766	0.639288	4.675805	5.032917	1.925704	7.833535	8.005529	-1.524106	5.850630	6.638378	-7.725644	-1.571718	5.854179	3.750334	8.005529	2.082423	1.321565	0.660012	-2.388932	5.032291	5.526868	3.045417	8.005529	0.810548	2.432515	2.643674	-2.452704	2.288791	5.539776	3.927707
5105	4	6.472150	1.035716	1.222364	-2.221917	-3.731946	8.154673	6.547585	-3.999898	6.472150	-0.092183	5.585478	0.595247	-4.687127	7.984778	6.550976	-3.999338	6.472150	-0.092176	5.482307	-1.000154	-1.576663	8.113289	6.463677	-3.975779	6.472150	1.037630	0.895519	-3.955822	-0.691985	8.177444	6.274422	-3.913352
5111	4	7.246720	-3.133554	5.654207	5.744421	-12.787818	3.599185	7.184063	4.057225	7.246720	2.064138	-0.159126	0.215936	-4.712095	8.599328	7.148452	-1.379047	7.246720	1.566814	-6.377295	-3.872028	6.749567	8.606526	2.204624	2.538397	7.246720	1.966126	-5.678708	-3.875395	1.292674	8.606526	5.825419	0.149422
5172	4	5.213135	-3.547738	5.542722	6.332518	-12.021463	3.885632	8.327683	1.935534	5.213135	0.395611	-4.632572	4.177693	-1.113693	4.819384	8.296566	0.382368	5.213135	0.383624	-4.624571	-0.702868	6.777115	6.594216	2.737205	0.650323	5.213135	0.131764	1.703576	4.540896	-6.646647	4.184764	8.327683	1.004782
5252	4	4.977465	-6.354084	6.137925	7.111148	-1.064778	-2.286644	0.429036	5.493791	4.977465	-2.540069	6.562888	7.056831	-1.452156	-2.286635	2.355358	4.093733	4.977465	-1.509789	6.785791	7.028044	-3.315037	-2.286633	4.904499	2.531927	4.977465	-3.546943	6.918804	7.136627	-5.108405	-2.286649	5.564251	3.806094
5287	4	5.000330	0.836078	2.874012	1.597111	-3.753269	6.954606	6.348803	-1.973798	5.000330	-1.109099	5.648318	6.053537	-6.418296	1.841960	6.405980	3.271974	5.000330	0.867093	0.160267	-0.422646	0.559144	6.955942	5.463296	0.037383	5.000330	0.867051	-3.766276	-3.049895	7.088362	6.955943	1.705164	1.000760
5319	4	5.595537	-3.475723	5.202645	5.466127	-16.501359	0.962679	6.487495	1.618690	5.595537	-1.044525	-0.434720	0.689432	1.402031	5.932332	4.898156	2.077782	5.595537	-0.037392	-1.999018	-0.288814	4.907073	6.634079	2.331324	1.605758	5.595537	-0.592208	-0.415734	0.581070	2.019242	5.918903	4.842971	1.943533
5347	4	5.989103	-4.047636	7.438934	5.263266	-12.423355	3.288801	9.040151	3.335661	5.989103	-2.124969	7.274564	0.213092	-5.945273	7.220223	9.040151	-0.648451	5.989103	-0.731380	0.439646	-6.468353	1.864598	7.221696	5.990128	0.611977	5.989103	0.332953	0.372444	-6.458232	1.757994	7.221696	6.943020	0.114640
5450	4	7.231477	-1.626062	7.260202	-1.286569	1.023057	4.885323	2.363089	1.312825	7.231477	-1.845633	7.269567	-1.049789	0.951787	4.720353	2.402353	1.467858	7.231477	-1.589058	7.253612	-1.382638	1.103803	4.962429	2.273980	1.349615	7.231477	-1.969919	7.271660	-0.962356	0.954945	4.661338	2.376719	1.587738
5544	4	4.644363	0.924334	-1.396546	-3.581822	8.463161	7.126870	2.779563	2.845464	4.644363	-0.975437	6.453747	3.189442	-8.787541	6.294948	6.618640	-2.171811	4.644363	-6.185764	6.543720	7.606183	-1.150387	3.736475	2.833392	5.848285	4.644363	1.392953	0.514382	1.639312	-6.727461	6.992207	6.618550	-3.041456
5566	4	4.654825	-4.979057	2.988669	2.029140	3.533234	2.808612	1.655298	6.408885	4.654825	1.849965	-1.719973	-2.026460	6.165961	6.880293	1.655266	2.314039	4.654825	1.895729	0.773205	3.101668	-4.006405	1.548204	6.952665	1.139737	4.654825	-1.486768	5.507189	6.626084	-6.357465	0.756052	6.952665	1.140729
5622	4	6.568100	1.395354	-3.956940	-2.867911	3.058980	6.745035	-0.089258	1.163233	6.568100	-0.820209	1.901751	5.897483	-7.749723	1.053416	5.438698	4.169149	6.568100	1.275953	1.894043	2.252149	-3.879576	6.710453	5.438061	-1.882074	6.568100	-6.826161	7.273158	5.956965	-14.006376	1.034971	5.438699	4.169155
5649	4	6.923934	0.291946	1.245220	5.077534	-10.017352	-0.095462	6.254696	3.451841	6.923934	-1.613047	7.157575	5.927077	-12.106911	-0.101297	6.254696	3.451841	6.923934	0.476460	-3.752303	0.965071	3.399652	4.256467	1.011259	1.299977	6.923934	-1.045282	1.792556	1.740133	2.573623	2.425961	1.029189	6.681002
5699	4	7.450589	3.043650	-2.818390	-2.891308	5.879870	4.104529	0.282361	4.436225	7.450589	-0.123063	-2.813763	2.116511	5.307061	-2.033366	0.282396	6.869732	7.450589	0.602042	1.634692	4.242218	-4.513423	-2.033681	6.318697	5.446194	7.450589	-4.087463	6.368289	6.369797	-12.049968	-2.033681	6.318701	5.446191
5760	4	6.709438	-0.281209	-3.690541	0.186228	7.295405	2.641916	0.845814	7.482477	6.709438	-4.247246	5.323371	7.641674	-8.292167	-3.546701	7.469769	2.739140	6.709438	-6.331576	1.725404	1.003144	4.048986	2.248553	0.970061	7.630445	6.709438	-0.162970	-0.088797	6.723234	-5.700917	-3.546701	7.469766	2.739141
5813	4	6.233554	-1.895102	4.169710	7.502848	-6.889944	-0.372749	6.980396	0.560347	6.233554	0.265544	0.908839	5.681007	-6.715953	-0.339477	6.980396	0.556893	6.233554	-1.682180	-1.353870	3.939491	2.393328	-0.017016	2.415761	5.929968	6.233554	-1.892321	-1.012585	4.009324	2.301042	-0.026885	2.209486	6.030961
5814	4	6.349118	-0.260771	6.119398	4.145451	-10.527869	-0.304210	7.253538	2.977465	6.349118	1.056207	-2.228895	-2.974232	5.909442	2.307047	1.051943	6.732813	6.349118	-2.496340	2.901206	-1.602550	5.860970	2.307047	1.051943	6.732813	6.349118	-2.490679	2.906231	3.978743	0.420248	0.288168	1.977798	6.722856
5824	4	6.746049	1.086555	4.339291	-5.530769	4.926562	7.764321	2.177998	0.044168	6.746049	-2.993357	8.713776	3.763890	-11.214097	6.229526	6.498153	1.859520	6.746049	0.790676	8.551126	-0.906764	-4.536548	7.764284	6.498153	-0.115364	6.746049	-0.046963	3.938339	-5.290633	5.013980	7.764321	1.139794	1.364762
5854	4	4.540566	-2.455625	0.940345	-1.623023	2.675473	7.753531	1.591080	3.521990	4.540566	-5.041819	7.355801	4.851875	-14.249512	6.339454	5.777687	-0.507043	4.540566	-2.679478	1.177410	-1.621994	1.228702	7.753531	2.505039	3.504914	4.540566	-2.324167	1.087468	-1.622792	2.607582	7.753530	1.924075	3.382704
5857	4	0.470888	-5.969054	7.465231	2.044408	0.636023	6.895362	3.913881	6.174377	0.470888	-0.700314	-2.721917	-4.481535	5.465794	7.105921	2.005571	6.129771	0.470888	-5.991265	8.341394	6.005143	-11.186359	2.488354	6.034681	7.070007	0.470888	-4.433218	8.334964	1.197546	-0.628739	7.067272	5.959739	4.394927
5889	4	7.976182	-4.982157	6.173353	6.144431	-15.588173	2.678003	3.839432	4.674934	7.976182	1.773388	-0.522434	-1.184951	0.827105	7.077233	2.382915	1.737167	7.976182	1.703195	-4.972200	-4.810248	6.144126	7.077285	-2.701560	1.802980	7.976182	-0.473466	1.817445	5.147090	-10.819307	3.561356	3.839432	4.671821
5910	4	7.811142	1.290855	0.806699	-1.215500	5.820837	8.192079	0.051702	1.501171	7.811142	-1.525231	6.266123	5.429441	-6.105004	3.886688	5.866049	1.785487	7.811142	-1.960129	8.519926	5.548056	-6.741559	3.881735	5.776527	2.818512	7.811142	-1.903324	5.120002	4.890715	-2.043447	3.917293	1.191120	3.663025
5986	4	4.182937	0.417283	-3.527623	-5.222603	4.307953	3.814695	3.383187	4.683930	4.182937	-0.935743	0.406818	-2.259916	-0.035325	3.814695	5.390761	5.753245	4.182937	0.855941	-3.607275	-3.670286	3.611062	3.814695	5.142375	2.074415	4.182937	-1.058737	0.076464	-2.727886	0.287352	3.814695	4.695072	6.124065
6128	4	4.253064	-3.067212	5.867217	4.504972	-10.927189	6.201687	9.523238	-1.896740	4.253064	0.893095	-0.585693	1.925313	2.248108	8.381406	6.181130	-1.743844	4.253064	0.890845	-0.393821	1.991497	2.133194	8.147052	7.165954	-1.499451	4.253064	0.890247	-0.584130	1.909692	2.373218	8.425889	5.509772	-1.052173
6233	4	9.245804	1.127283	1.882791	3.920949	-3.242092	-1.478833	8.054659	3.688962	9.245804	0.712024	1.641829	4.758294	-2.232898	-1.311008	7.757153	3.940267	9.245804	0.928244	1.800554	4.399597	-2.848442	-1.447003	7.939938	3.799819	9.245804	1.178572	1.899573	3.781381	-3.351338	-1.482662	8.080496	3.661827
6252	4	5.136995	-1.528561	0.935451	1.004247	0.909632	2.071029	3.978560	5.263594	5.136995	-0.422888	2.213387	1.599066	-0.479951	1.036844	6.577160	2.705503	5.136995	-2.531905	6.264483	7.458970	-15.349406	-0.970344	7.039428	-0.585841	5.136995	0.696668	0.443854	3.443921	-6.024721	-0.694782	7.039428	-0.585842
6300	4	6.223001	-0.551755	-0.346985	-3.135190	6.403671	6.602256	1.815862	1.255066	6.223001	1.789764	2.166514	0.490230	-3.577205	5.993117	6.606957	-2.225012	6.223001	-5.690858	7.613412	5.308692	-11.733261	0.382522	6.706925	1.700813	6.223001	-0.952961	6.020697	3.015165	-4.784503	2.629004	6.662941	-1.064775
6505	4	6.226351	-0.464482	6.887224	0.617064	-2.693433	6.276639	6.416467	2.488405	6.226351	-0.474152	6.948866	0.689247	-2.751604	6.275518	6.435698	2.486356	6.226351	-0.781411	7.326266	0.508769	-2.617036	6.279429	6.200186	2.817473	6.226351	-0.474164	6.878696	0.496653	-2.594104	6.278058	6.367509	2.519112
6821	4	5.968619	-0.511945	3.591481	6.854154	-0.207669	4.244231	7.360007	-0.810862	5.968619	-0.295466	-1.059872	1.664124	8.837470	7.071509	2.409787	-1.424370	5.968619	-2.186055	4.214568	6.351175	0.740169	4.486852	4.629580	4.222047	5.968619	-0.431465	3.060173	6.416661	0.570897	4.377549	6.232468	1.440185
6888	4	9.740938	-2.822722	6.035126	6.449424	-14.664119	3.530586	5.482922	3.031606	9.740938	2.376246	-3.955351	-6.305443	5.668250	8.680575	-1.089541	-0.183496	9.740938	0.807532	2.007543	3.950585	-4.834090	3.831982	5.473801	2.955945	9.740938	0.749916	2.027452	4.133810	-5.176756	3.798560	5.465032	3.005227
6936	4	7.490014	-0.609355	-0.627575	2.030822	0.810644	4.043459	3.991594	4.977263	7.490014	-0.612799	-0.533540	2.150529	0.791215	3.974666	3.991500	5.006057	7.490014	-0.640863	0.254115	2.737204	0.540998	3.651692	3.993031	5.087492	7.490014	-0.661068	0.775517	2.928623	0.344390	3.571628	3.994756	5.092562
6937	4	7.136532	-3.050249	4.175591	5.801408	-12.931743	-0.606201	6.089156	1.049227	7.136532	-0.095933	1.943487	3.773497	-9.498511	0.447735	6.087428	1.048112	7.136532	0.692444	0.269876	1.472047	-8.196937	5.899578	6.084643	-1.247419	7.136532	-0.449916	-3.966044	-1.325053	3.670947	5.907805	2.582068	3.361044
6967	4	8.600529	0.697725	2.849868	3.508758	-5.207111	1.638906	5.335286	2.108706	8.600529	0.681504	3.255987	2.388403	-1.694737	2.094938	5.334858	2.104257	8.600529	0.305568	1.083258	-1.441136	5.839467	6.155080	2.117674	2.566672	8.600529	0.730774	2.694431	1.681706	-1.002193	2.780412	5.334040	2.049172
7027	4	7.684313	-0.412360	1.630904	1.588482	4.029499	0.381533	-0.142236	7.460544	7.684313	0.416092	7.533408	1.598658	4.388238	-0.716480	2.819354	2.951590	7.684313	0.367453	7.798781	3.157879	2.243861	-1.336603	4.246417	1.472128	7.684313	-1.614304	9.222515	6.443700	-7.612134	-1.407692	5.950168	3.605122
7037	4	6.781152	-2.647178	8.445411	6.933242	-13.158396	3.558838	4.782270	5.761777	6.781152	3.579340	0.195657	-4.766765	1.013491	8.526898	2.645169	0.743077	6.781152	3.578541	0.184840	-5.303612	6.771033	8.526907	-0.787187	0.751811	6.781152	-0.970963	5.996943	0.172497	5.714760	8.510698	-0.787150	0.751971
7164	4	4.116623	-2.088425	4.986641	6.733280	-8.139754	0.775741	7.655116	1.480961	4.116623	-2.388934	-1.056578	3.095847	3.162246	4.944137	3.534685	5.189321	4.116623	-2.372880	-1.071435	2.912833	3.402064	4.980960	3.516113	5.148772	4.116623	-1.696881	-1.015490	2.897826	4.603452	4.456885	3.879441	4.005860
7176	4	6.607589	-2.976460	-3.796796	1.887612	1.676826	6.735638	2.404028	3.980388	6.607589	-3.821917	4.366200	6.472047	-10.020374	1.983353	5.602223	1.960283	6.607589	-3.522665	4.070722	6.453024	-10.245483	1.919493	5.612767	1.904858	6.607589	-3.169447	2.958195	6.228863	-10.030391	1.857984	5.623729	1.854596
7247	4	6.655160	-0.249813	1.920845	7.369600	-4.572277	2.524242	5.108233	0.851965	6.655160	-0.442305	1.916061	7.216229	-3.456005	2.536272	4.892381	1.159834	6.655160	-0.713722	1.917264	7.252316	-3.651415	2.536181	4.882505	1.305629	6.655160	-0.100881	1.917391	7.273204	-3.815472	2.528817	5.024095	0.839822
7281	4	8.065989	-0.016715	5.508442	2.145544	-7.269113	3.988985	6.509913	0.908737	8.065989	-2.430941	2.555672	0.904719	2.318930	4.435265	1.699789	3.875548	8.065989	-2.646638	2.798455	1.064575	2.034899	4.422160	2.228193	3.893282	8.065989	-0.591399	3.019852	1.583038	2.669035	4.257064	4.062267	2.359111
7314	4	6.526473	-1.361380	6.476125	4.609563	-5.533404	2.146598	4.335514	2.388345	6.526473	2.929353	-1.398608	-5.741428	5.765981	7.319302	-0.452665	1.907700	6.526473	-0.520230	1.627840	-3.582795	4.612805	7.310635	-0.357977	1.919035	6.526473	-3.368601	4.853861	0.073312	1.471730	6.332609	2.202699	4.027138
7404	4	6.321404	-1.196917	-0.244531	-0.366466	1.974388	3.598903	2.374546	4.897578	6.321404	-4.457678	4.869293	-0.122090	1.804408	3.580825	2.376850	4.905331	6.321404	-5.012760	6.808734	5.758221	-10.187977	1.152278	5.349915	3.517607	6.321404	-1.370575	1.823497	5.619128	-10.075245	1.260828	5.349915	3.499709
7472	4	7.347623	-1.520488	0.181046	-2.745036	2.509476	6.783947	1.980704	5.355594	7.347623	-1.768722	0.888759	1.329217	0.225042	5.899101	4.068224	4.692638	7.347623	1.130198	-1.540331	-5.437977	4.786135	6.780237	4.718441	-0.012406	7.347623	-0.831067	-0.359613	-4.479543	4.040927	6.788218	2.156640	4.959704
7590	4	7.966010	-1.231120	-2.194339	-0.515477	3.270366	4.064251	4.406980	5.346385	7.966010	0.629673	0.214144	2.684906	-2.690606	1.708561	6.934109	3.440041	7.966010	-0.698480	0.218372	3.687538	-3.150433	-1.597013	6.682462	4.089086	7.966010	-0.949265	-1.809526	-0.498671	3.556970	4.063084	4.773129	5.072743
7635	4	7.376854	1.342664	-2.298956	2.162514	-8.872502	4.780284	8.245599	0.155495	7.376854	0.347050	-6.284691	-2.226073	9.118057	5.014027	1.829621	4.953669	7.376854	0.794698	-2.293588	2.957708	-8.935247	4.403059	8.245599	1.000450	7.376854	1.773725	-2.300586	-3.772664	-2.952129	5.014541	8.202631	-0.678256
7671	4	8.172701	1.309520	0.895716	4.300227	-9.097455	3.102474	6.617962	2.880839	8.172701	3.315227	0.824545	2.990027	-7.525861	6.478912	6.617962	-1.726053	8.172701	3.103781	-5.484937	1.777790	5.277002	7.820242	1.743136	2.049781	8.172701	1.310159	0.884123	4.298779	-3.197538	3.104744	6.566967	2.880784
7708	4	7.232926	-1.969249	6.759095	6.082340	-12.075734	2.071576	7.140770	3.651400	7.232926	1.256304	-0.891508	-1.115917	1.200059	4.483174	5.285337	3.731532	7.232926	3.551032	-0.937171	-3.611356	1.203677	7.900963	5.282835	1.425621	7.232926	1.764375	-0.998656	-2.763653	6.695498	7.848929	1.798165	2.227693
7770	4	3.046908	-2.034089	-0.401292	-0.525735	2.767302	6.045903	4.664996	4.125346	3.046908	-4.871504	5.858054	4.338021	-5.616262	3.704354	7.824661	1.773595	3.046908	-1.107109	-0.294005	-0.537102	2.332096	6.045891	5.152149	3.729088	3.046908	-1.366391	-0.261622	-0.514522	2.162743	6.045889	5.117634	3.815078
7878	4	8.369371	3.875910	-4.798624	-2.724007	7.189158	7.168577	2.627336	0.726112	8.369371	0.679702	4.554439	2.903253	-6.752547	6.411205	8.356515	-4.203032	8.369371	0.709032	2.349063	2.890916	-0.570524	6.440597	8.034044	-4.235062	8.369371	3.906770	-1.583823	2.888503	-0.558225	6.446245	8.026614	-4.241891
7946	4	6.660020	-1.897276	2.006511	-0.182312	0.299105	6.066621	6.112208	3.728345	6.660020	-0.858214	1.237205	-1.686712	5.505150	6.069415	3.655943	3.725860	6.660020	0.533506	4.432715	-0.819566	3.996618	6.068122	6.558744	1.373582	6.660020	-1.883845	1.737726	-0.200123	0.575337	6.066749	5.652638	3.962247
7958	4	3.958194	-3.363827	1.104871	1.330157	1.355860	5.327354	3.006359	4.801206	3.958194	-4.609208	4.298523	1.337156	-0.743483	5.325779	5.163597	4.459659	3.958194	-3.730849	2.585515	1.331967	0.783555	5.326490	3.081067	4.798004	3.958194	-3.592154	2.113378	1.331529	0.979836	5.326646	3.040839	4.800307
8056	4	7.920209	-0.195644	-2.140031	6.266085	2.270672	3.464276	1.622177	2.032784	7.920209	-2.451579	4.032583	6.793933	1.496629	3.049715	1.622177	2.705950	7.920209	-0.173969	-0.040501	7.357768	-8.830234	2.614558	8.173475	-2.532432	7.920209	-3.310646	5.718272	7.681786	-4.483301	2.372883	4.227774	4.048810
8236	4	6.670676	-5.168651	4.954343	6.369738	-11.933250	3.855682	6.704890	1.232708	6.670676	1.707913	-1.701831	3.170027	-5.325667	5.930762	6.703707	-4.114396	6.670676	-2.503810	1.035422	0.305044	1.801260	6.641534	2.361727	1.861424	6.670676	-0.504575	-2.824715	0.340392	3.423273	6.592998	2.184089	1.206119
8348	4	8.485915	-6.731240	6.144760	1.232016	3.504564	4.874255	1.835128	6.317021	8.485915	-6.788244	7.839780	7.703265	-9.559876	1.161902	7.774035	4.179199	8.485915	-0.520676	1.098122	0.066874	5.529790	5.016244	1.610346	6.214542	8.485915	-0.693184	2.864180	6.798440	-8.024353	1.161901	7.774035	4.179199
8355	4	6.451211	1.644126	0.723649	2.692196	-6.822731	5.839949	7.152325	-1.523176	6.451211	-1.640846	5.098065	-0.923266	4.852742	6.106192	3.173129	0.116284	6.451211	-2.067286	5.520578	4.897752	-11.662124	2.321286	7.152325	1.843257	6.451211	1.584499	0.420960	-2.927539	5.694111	6.106205	3.173129	0.116260
8543	4	8.652944	2.081276	0.701842	2.600235	-3.221254	1.684808	6.582226	-0.817617	8.652944	0.633185	2.181809	5.534911	-1.979263	0.010632	5.966507	2.112866	8.652944	2.081362	0.692613	2.393899	-2.562546	1.992865	6.579527	-0.817850	8.652944	2.079420	0.707225	3.213313	-4.635791	0.857830	6.582683	-0.817420
8563	4	4.547148	-0.968402	3.566808	7.019765	-9.523587	8.096298	8.030681	0.697439	4.547148	-0.928440	-0.734546	0.444129	6.552007	8.302420	1.645988	2.569267	4.547148	-0.962679	3.490838	7.005982	-3.515381	8.096380	8.029841	0.697384	4.547148	-0.967215	2.536692	4.900723	0.788399	8.122258	2.579759	2.708234
8567	4	7.075321	-0.992582	5.789448	7.410373	-9.430241	1.726166	4.642204	-0.691154	7.075321	-0.001547	3.445057	3.536966	1.352386	4.442675	2.567587	-1.505790	7.075321	-1.755850	5.344149	3.221751	0.865057	6.537763	2.689338	-0.555706	7.075321	-0.541109	5.315425	3.851635	0.642136	5.625763	3.276824	-1.333112
8685	4	7.403592	-1.222715	-0.782541	3.568473	2.275144	-0.102049	3.007388	5.583654	7.403592	-1.207668	-0.733457	3.044267	2.963558	1.353832	2.833832	5.501407	7.403592	-1.224684	-0.796432	4.081552	1.502574	-0.473044	3.514348	5.592655	7.403592	-1.215297	-0.754127	3.203312	2.761764	0.766360	2.866239	5.540640
8713	4	7.406671	-6.711983	2.429065	-0.254526	2.142301	4.620497	1.063867	5.827108	7.406671	-1.192101	-1.675216	-1.689994	6.322837	5.475806	0.211048	4.593200	7.406671	-5.979055	7.061621	4.106183	-7.655242	1.721856	6.524086	4.108834	7.406671	1.091467	-2.032336	-3.872426	0.684995	6.188337	5.123951	0.281851
8862	4	6.182584	-1.058746	0.144121	4.272260	1.133425	3.226315	4.731026	4.978619	6.182584	-0.815475	-0.909008	3.973255	5.943719	3.853284	1.366392	6.873159	6.182584	-0.574682	-0.405251	3.484084	6.564324	4.738644	1.467306	6.422216	6.182584	0.905745	1.353153	1.848422	2.937469	5.532957	4.893069	1.049657
9039	4	6.777625	-0.098957	-3.215834	-1.139451	8.019141	7.763675	-0.740845	0.643502	6.777625	-4.006083	1.404107	2.274324	1.852872	3.827827	1.056542	6.452070	6.777625	-3.039408	3.799017	6.254740	-7.007587	2.859757	5.651872	5.093892	6.777625	-1.890009	0.732603	1.221232	2.658892	5.823911	-0.180361	1.178824
9063	4	6.942079	0.511612	0.970283	-4.102410	6.643578	6.599176	0.323352	3.697074	6.942079	-2.545177	7.724517	1.905657	4.799092	0.875735	1.323634	6.427355	6.942079	-5.296867	6.664330	3.954868	-0.326171	0.871048	1.574173	6.450826	6.942079	-5.253993	5.865584	2.598015	0.593656	0.883319	1.005465	6.450830
9142	4	5.004600	-0.549694	-0.258093	4.100373	-2.173916	2.046659	5.335633	-1.536928	5.004600	-3.927180	5.806844	4.905126	-7.128534	0.886079	5.440086	-0.988559	5.004600	-1.077835	-2.292809	1.010493	3.936543	6.800279	1.063181	1.365230	5.004600	-1.077624	-2.115045	2.486735	0.050678	6.585820	1.657639	1.365078
9170	4	8.210575	-0.519897	-0.326471	1.192696	4.326026	6.168998	2.099964	5.611090	8.210575	2.207651	0.512192	2.300214	1.841363	5.613673	5.389518	3.676535	8.210575	-3.636907	4.358929	5.484141	-1.647676	4.817926	6.175580	5.468417	8.210575	-4.953070	4.921664	6.812778	-3.294748	3.529169	6.441136	4.842367
9191	4	5.307972	1.321863	-0.183604	-3.762864	8.967930	7.937007	-0.080608	3.482127	5.307972	-2.852434	7.146337	8.505920	-2.476177	1.554676	2.654167	4.846047	5.307972	-2.662794	7.154007	8.508094	-2.459139	1.554676	2.658900	4.686151	5.307972	-2.918783	7.030325	8.497525	-2.292870	1.554676	2.302366	5.378937
9194	4	6.860371	-0.801210	1.132465	7.469265	-8.814359	-0.120490	5.351284	3.508604	6.860371	-6.025909	5.941106	7.614526	-13.806752	-0.122237	5.459695	3.074381	6.860371	0.726757	-4.515885	0.163319	5.696012	5.102146	-0.218567	0.845187	6.860371	-0.805841	-3.472505	3.943454	1.923561	0.772972	0.191671	6.808490
9252	4	6.383328	0.120313	0.901713	4.391240	-9.016264	-1.888586	8.678059	3.574803	6.383328	0.233633	-3.778531	-2.266576	4.958397	3.674253	3.403351	2.637020	6.383328	1.612800	0.815183	0.224635	-5.562846	3.673785	8.676430	0.089079	6.383328	-4.463588	5.617718	6.288134	-13.315643	-2.000639	8.678073	3.574803
9284	4	7.115800	0.138896	-1.762383	4.255006	5.546355	6.415300	2.836980	3.538105	7.115800	1.054636	-2.328953	2.441935	6.123628	6.901792	3.138927	2.989860	7.115800	1.081926	-2.093934	3.271627	3.967842	6.296809	4.027208	2.469695	7.115800	0.217279	-1.399428	4.464081	4.603484	5.950075	3.451981	3.174239
9303	4	5.062901	-4.532508	6.345820	6.946764	1.401013	-0.390806	3.788408	1.853166	5.062901	-4.380778	5.971174	6.643331	2.391032	-0.390645	3.420569	2.444671	5.062901	-5.203901	5.254236	5.972869	3.131512	-0.389656	2.787901	4.837346	5.062901	-4.391822	5.939010	6.615862	2.453242	-0.390624	3.391383	2.530522
9339	4	7.060816	1.228841	2.782594	3.897451	-11.428402	-0.072609	7.548532	-3.569208	7.060816	1.254374	-1.670824	-1.808489	5.178013	4.921911	0.946605	1.550041	7.060816	-0.200432	5.581536	7.206101	-14.132174	-1.049845	7.548532	-3.556008	7.060816	1.260603	2.318506	0.543014	-1.239461	4.283064	7.486057	-3.996879
9473	4	3.796498	1.908294	-3.809384	-2.253810	6.544254	7.612523	0.615254	1.656713	3.796498	-0.416472	4.994962	6.413103	-3.167668	2.441350	4.513577	3.083703	3.796498	-0.433741	5.012748	6.456601	-3.614338	2.441147	4.536238	3.056468	3.796498	-0.630063	5.104341	6.689504	-5.089395	2.440527	4.596900	3.091395
9595	4	4.831939	-1.969960	-0.461269	2.201483	1.180821	1.180391	3.366057	4.783438	4.831939	-1.971040	-0.429992	2.239700	1.144426	1.136097	3.414012	4.728578	4.831939	-1.980275	-0.040925	2.646110	0.806139	0.607668	3.883558	4.107714	4.831939	-1.968944	-0.489835	2.165434	1.216248	1.221120	3.320061	4.834162
9618	4	7.522401	1.924488	0.280923	1.421688	-3.632730	6.838681	3.190238	0.726706	7.522401	-0.920222	4.726767	2.459823	-4.411221	6.116983	3.190465	0.776638	7.522401	-2.970637	4.883241	6.847302	-7.404067	1.163913	3.190495	5.794758	7.522401	1.973903	-3.482090	-2.973621	6.326695	7.168423	-2.393726	0.854168
9634	4	3.583412	-4.424200	7.154558	8.237661	-15.348210	-1.204241	7.463204	-1.089057	3.583412	-1.350466	-0.422942	3.945174	5.365171	-1.203294	3.092263	3.979274	3.583412	-0.249319	-0.621320	3.720438	5.037816	-1.203473	4.294320	0.390822	3.583412	-0.350976	-0.224799	3.895925	4.220339	-1.203833	4.614378	-0.200342
9698	4	6.488427	-2.557238	-1.806614	2.878544	4.543608	5.046106	1.568783	5.518038	6.488427	-2.596946	-1.372633	2.993287	3.887149	4.579415	2.018034	5.163599	6.488427	-1.483469	-0.564215	2.902281	2.953519	3.800487	2.834637	3.867600	6.488427	0.246975	-1.628358	1.432561	6.141657	4.510277	1.759738	3.784380
9715	4	6.048995	0.183064	-9.592566	-3.344255	6.165727	8.756849	0.947542	2.567171	6.048995	0.126438	-3.066216	3.858144	-0.975053	5.080479	5.716251	2.959593	6.048995	-2.618282	-0.433781	6.775118	-3.347429	5.128146	6.186172	3.687859	6.048995	0.309852	-2.748201	4.811215	-1.736778	5.061168	6.257749	2.211474
9740	4	7.438118	-1.496772	3.313345	-1.349813	4.136929	5.840160	4.237971	4.870562	7.438118	-5.899054	6.100496	5.198236	-15.453558	3.988718	7.034961	3.236885	7.438118	-5.198236	5.450207	1.962702	0.458152	5.504450	4.238059	5.597027	7.438118	1.587844	2.621558	0.884478	-5.568959	5.690996	7.028254	0.587478
9810	4	7.849494	1.535989	3.742373	2.863102	-5.787685	6.251458	7.038066	-0.108377	7.849494	-1.957154	2.846419	1.893249	6.797417	6.320020	2.283736	4.903768	7.849494	-2.075867	8.684848	8.450748	-11.110870	0.413015	7.063138	1.145196	7.849494	2.519339	0.923386	-4.070007	1.058223	6.321288	5.501087	0.293353
9817	4	5.551505	-1.679741	5.408263	2.815515	0.025686	7.761927	6.015201	0.447166	5.551505	-4.912358	5.428332	2.903526	-0.382902	7.805900	5.444099	2.986440	5.551505	-4.129226	5.492555	3.042337	-0.616420	7.785219	5.845509	2.202668	5.551505	-5.434170	5.264852	2.480868	0.101757	7.833524	4.439677	3.926744
9848	4	7.666621	0.826458	1.340788	3.121332	-7.645519	1.546283	8.634687	3.591708	7.666621	0.827218	0.957317	2.940500	-1.026982	1.669408	8.633649	3.591867	7.666621	-1.958119	5.151117	7.265463	-18.011994	-1.531247	8.634687	3.591708	7.666621	0.047109	-2.269729	-2.259433	5.637235	3.271551	3.099603	8.731833
9875	4	3.618477	-0.994870	-5.813979	0.575618	4.037858	5.411730	2.790905	5.615104	3.618477	0.829489	-4.867089	1.459671	5.401393	5.404220	5.467061	2.667148	3.618477	0.808806	-4.993205	1.415897	5.470459	5.404798	5.365400	2.888042	3.618477	-0.591549	-6.394685	0.804911	5.226970	5.410276	3.801044	5.232581
