0.081834
0.186549
0.431528
0.200556
0.273783
0.230134
0.117376
0.202133
0.215555
0.192896
0.247480
0.315556
0.190572
0.144732
0.479364
0.211625
0.132288
0.133423
0.149596
0.069526
0.094253
0.380888
0.168818
0.124135
0.099707
0.089511
0.147176
0.119698
0.152287
0.163601
0.114027
0.161320
0.133792
0.109778
0.072783
0.064942
0.184967
0.167162
0.319612
0.229326
0.120419
0.243090
0.207988
0.168505
0.177538
0.145391
0.224690
0.215725
0.321812
0.178583
0.204211
0.331889
0.232950
0.125344
0.296255
0.586101
0.456583
0.813639
0.349743
0.563163
0.143736
0.154493
0.211634
0.248034
0.616841
0.400682
0.192574
0.485089
0.162228
0.237265
0.167165
0.304082
0.107611
0.248350
0.225172
0.413634
0.311840
0.278102
0.434788
0.264377
0.079574
0.200707
0.348442
0.167359
0.195395
0.420026
0.159415
0.271367
0.140174
0.160312
0.213728
0.468099
0.263013
0.375013
0.286653
0.235053
0.234570
0.173681
0.410336
0.178003
0.118714
0.170327
0.147307
0.205535
0.180208
0.284291
0.154098
0.340344
0.268211
0.183525
0.467900
0.201061
0.283331
0.215832
0.155138
0.205260
0.269975
0.175643
0.284942
0.311498
0.098806
0.133024
0.482443
0.237869
0.171017
0.306765
0.260845
0.219792
0.416175
0.175947
0.293176
0.153645
0.226641
0.459580
0.269524
0.174212
0.434715
0.373379
0.180183
0.162208
0.139203
0.221102
0.166104
0.328085
0.304859
0.214332
0.437805
0.358633
0.416662
0.633590
0.224219
0.284974
0.266123
0.551652
0.244177
0.468077
0.234682
0.202150
0.301898
0.204028
0.255337
0.148282