0.184036
0.329385
0.465758
0.317784
0.530682
0.369788
0.153691
0.388953
0.177307
0.379011
0.366527
0.363864
0.467274
0.621197
0.361527
0.468451
0.187604
0.283920
0.642260
0.369293
0.189251
0.284399
0.305997
0.164402
0.180639
0.382868
0.244144
0.378022
0.384968
0.372367
0.370081
0.465267
0.381005
0.441717
0.187218
0.365709
0.286726
0.376487
0.483018
0.357482
0.472220
0.264374
0.168804
0.426879
0.407015
0.487267
0.394953
0.537531
0.375943
0.522615
0.428215
0.414076
0.324044
0.472170
0.331134
0.427440
0.324876
0.529628
0.300570
0.387016
0.492842
0.418205
0.432360
0.226755
0.429126
0.616322
0.448788
0.461205
0.523978
0.421262
0.396105
0.288658
0.367719
0.234895
0.391187
0.355303
0.323498
0.218657
0.104927
0.195163
0.282733
0.316737
0.358664
0.350895
0.459948
0.309554
0.356118
0.400051
0.388656
0.214587
0.364862
0.217067
0.366631
0.232727
0.446162
0.318984
0.137383
0.312292
0.283203
0.331896
0.339950
0.412014
0.393863
0.325825
0.392401
0.587987
0.209204
0.379672
0.458635
0.265829
0.232572
0.217693
0.263386
0.161981
0.132899
0.362306
0.300074
0.418785
0.346445
0.424349
0.293176
0.456974
0.580475
0.415037
0.195003
0.313260
0.221532
0.416395
0.365530
0.710329
0.188608
0.323254
0.382984
0.180141
0.213955
0.331410
0.364664
0.490414
0.418572
0.535830
0.301534
0.415358
0.536090
0.408661
0.364576
0.344061
0.317568
0.540288
0.546605
0.354842
0.394204
0.193485
0.325149
0.515931
0.523679
0.358412
0.699773
0.470217
0.508683
0.409065
0.459002
0.294484