0.206374
0.238799
0.332752
0.239628
0.224201
0.157004
0.379492
0.217587
0.582636
0.292272
0.332456
0.316372
0.320593
0.506573
0.259196
0.237512
0.390532
0.253664
0.295422
0.356300
0.132635
0.144797
0.226213
0.323121
0.408592
0.231098
0.283898
0.265270
0.386196
0.255197
0.518753
0.366642
0.294998
0.245528
0.161881
0.255478
0.639926
0.453747
0.226881
0.430976
0.205099
0.172217
0.235854
0.203065
0.292823
0.209214
0.277504
0.398222
0.227284
0.348866
0.227094
0.301226
0.448540
0.275870
0.330514
0.234600
0.211833
0.171937
0.237441
0.225635
0.096333
0.137111
0.305147
0.251353
0.357058
0.293636
0.271568
0.304612
0.277943
0.247609
0.270376
0.420517
0.290365
0.448331
0.162982
0.367026
0.514747
0.347263
0.173961
0.201158
0.192717
0.293763
0.357836
0.661830
0.400949
0.295223
0.285484
0.539530
0.196984
0.273937
0.250616
0.236229
0.184333
0.129059
0.174822
0.214402
0.178680
0.147859
0.275070
0.172081
0.128091
0.237866
0.209008
0.240240
0.243588
0.154720
0.174668
0.162680
0.141517
0.201514
0.121713
0.146070
0.128139
0.159481
0.115033
0.149103
0.123045
0.247253
0.191925
0.258745
0.108431
0.210304
0.180141
0.356813
0.136547
0.179341
0.346498
0.199061
0.215462
0.177536
0.466414
0.314100
0.397111
0.192650
0.310061
0.234489
0.414206
0.226467
0.223745
0.327358
0.161914
0.209234
0.242961
0.390981
0.272675
0.296905
0.157690
0.326752
0.274536
0.209384
0.161195
0.155047
0.573918
0.284769
0.256142
0.331642
0.233872
0.273290
0.204539
0.221207
0.108183
0.134392