0.083733
0.175800
0.182509
0.340648
0.139099
0.173315
0.221878
0.211320
0.251617
0.266037
0.200316
0.159819
0.211318
0.211380
0.175589
0.197072
0.221357
0.204451
0.098733
0.166310
0.399023
0.183650
0.236296
0.471582
0.622916
0.325839
0.249423
0.200682
0.263562
0.185177
0.251519
0.178303
0.167356
0.251750
0.206772
0.159030
0.108892
0.170891
0.430514
0.306076
0.356712
0.204978
0.264416
0.383446
0.249772
0.248570
0.612911
0.207622
0.174563
0.363876
0.202318
0.169453
0.145467
0.317176
0.112297
0.183571
0.204396
0.299557
0.188186
0.212700
0.210558
0.394743
0.216780
0.255092
0.195634
0.149721
0.160161
0.191152
0.175158
0.106896
0.195810
0.379242
0.162703
0.212641
0.177657
0.171049
0.223855
0.165894
0.239435
0.183137
0.234618
0.171430
0.410762
0.241498
0.243500
0.160917
0.234682
0.236292
0.350096
0.264081
0.135214
0.082995
0.502402
0.317900
0.210380
0.243767
0.330917
0.165132
0.181447
0.167576
0.176731
0.126150
0.178272
0.173045
0.278682
0.195398
0.433577
0.213179
0.089677
0.179182
0.200925
0.203504
0.260538
0.459959
0.447880
0.223520
0.392323
0.223428
0.280348
0.202149
0.348464
0.257978
0.404364
0.285426
0.254755
0.229016
0.145638
0.150384