0.258060
0.303286
0.316326
0.173919
0.271727
0.470278
0.187796
0.144724
0.287504
0.213480
0.324768
0.175738
0.200532
0.388460
0.075537
0.104129
0.383552
0.200567
0.645492
0.267240
0.383818
0.148517
0.156648
0.370688
0.254275
0.207851
0.103849
0.140273
0.108784
0.317048
0.160914
0.347555
0.125792
0.154065
0.110772
0.135366
0.216031
0.311108
0.363347
0.173446
0.527843
0.311747
0.111362
0.170112
0.357505
0.158481
0.145055
0.125925
0.489048
0.763022
0.507846
0.251222
0.469181
0.241894
0.317779
0.205858
0.448046
0.460227
0.183582
0.499847
0.338851
0.145324
0.136353
0.143905
0.155403
0.313411
0.145389
0.194577
0.132697
0.276009
0.052899
0.128814