0.092354
0.175610
0.225671
0.181748
0.264213
0.166539
0.365803
0.193880
0.138590
0.139840
0.135196
0.166446
0.167886
0.127807
0.196630
0.152646
0.074159
0.159137
0.471997
0.274554
0.271359
0.417727
0.259879
0.145395
0.110359
0.115307
0.101664
0.106926
0.230371
0.396051
0.196511
0.313085
0.105534
0.275422
0.136120
0.165913
0.160014
0.146249
0.134515
0.142495
0.156915
0.298380
0.224186
0.248334
0.214765
0.467076
0.180774
0.293057
0.088320
0.114152
0.145633
0.220993
0.322705
0.161086
0.374358
0.168387
0.231274
0.288595
0.225728
0.230705
0.627798
0.285832
0.209736
0.257594
0.269901
0.218091
0.181413
0.221100
0.176526
0.234072
0.236061
0.310644
0.203850
0.274993
0.195298
0.371038
0.287339
0.232596
0.249600
0.422650
0.308062
0.235562
0.484519
0.238937
0.260832
0.478568
0.247052
0.495655
0.164304
0.301808
0.251948
0.172595
0.136281
0.191842
0.175913
0.117316
0.094667
0.148670