0.104939
0.107746
0.292788
0.411196
0.206994
0.392157
0.471012
0.247557
0.320714
0.145723
0.294505
0.243001
0.429828
0.285626
0.443876
0.231903
0.123765
0.137686
0.169564
0.374350
0.214553
0.400973
0.152274
0.132804
0.179453
0.405552
0.141994
0.172061
0.106239
0.224699
0.466004
0.288734
0.239687
0.456607
0.636903
0.378889
0.164369
0.200774
0.129255
0.171098
0.156078
0.331073
0.373421
0.501966
0.296297
0.443046
0.176947
0.444659
0.241396
0.143948
0.211112
0.414969
0.490070
0.740472
0.110220
0.168721
0.330384
0.185243
0.351646
0.196247
0.287941
0.157086
0.694175
0.469797
0.286643
0.172446
0.306914
0.241081
0.212931
0.177549
0.154894
0.168252
0.099065
0.330543
0.082504
0.175142
0.113899
0.187801
0.207608
0.260326
0.420268
0.239812
0.281133
0.394148
0.224453
0.374993
0.542444
0.264371
0.286567
0.257290
0.118649
0.129470
0.233705
0.324194
0.444966
0.234869
0.221816
0.192358
0.355543
0.371751
0.275984
0.379362
0.229468
0.263442
0.615674
0.316870
0.323047
0.472207
0.119364
0.229158
0.343821
0.348038
0.188471
0.313563
0.256362
0.552443
0.161937
0.371540
0.179862
0.204675
0.257606
0.207177
0.232450
0.129456
0.188312
0.153463
0.151488
0.300829