0.126207
0.146231
0.249288
0.254783
0.191404
0.305491
0.399042
0.544442
0.225869
0.258999
0.349881
0.162344
0.187609
0.282539
0.256202
0.258146
0.186777
0.237919
0.197044
0.256176
0.218929
0.182195
0.213596
0.235890
0.209716
0.111984
0.201921
0.269995
0.237100
0.155655
0.420041
0.329178
0.313433
0.499491
0.255177
0.149081
0.123710
0.226268
0.222474
0.135774
0.478957
0.306904
0.328824
0.506375
0.447609
0.221954
0.217450
0.255066
0.190953
0.246878
0.235876
0.268028
0.416416
0.300290
0.154165
0.196803
0.252443
0.400466
0.196474
0.297416
0.256205
0.173758
0.292833
0.248588
0.287474
0.314077
0.645736
0.330845
0.587324
0.379357
0.311132
0.290978
0.213823
0.135350
0.291707
0.340241
0.311296
0.208974
0.360148
0.617080
0.291509
0.172651
0.237675
0.261190
0.200743
0.244760
0.202016
0.280150
0.198294
0.244901
0.096447
0.198835
0.209214
0.473367
0.268903
0.249155
0.176603
0.261883
0.260047
0.212978
0.204698
0.167836
0.244570
0.181595
0.210183
0.152826
0.209176
0.265159
0.051368
0.188705
0.218992
0.255241
0.306005
0.475998
0.198680
0.456325
0.196818
0.226129
0.247656
0.398614
0.182825
0.249100
0.317603
0.478986
0.207104
0.226172
0.185443
0.253785