0.321940
0.224928
0.825882
0.508565
0.280974
0.376852
0.294505
0.306660
0.340149
0.237625
0.650290
0.428982
0.293593
0.377665
0.134823
0.206335
0.169917
0.350370
0.214270
0.318072
0.519317
0.308471
0.520913
0.247520
0.280234
0.373657
0.366098
0.625202
0.129357
0.166146
0.280114
0.343214
0.098603
0.228312
0.239706
0.181783
0.222816
0.193151
0.208129
0.251540
0.284624
0.200890
0.332988
0.188608
0.236176
0.255245
0.245326
0.247785
0.077851
0.187815
0.464811
0.197157
0.284401
0.148000
0.205533
0.234416
0.392662
0.232733
0.312940
0.260640
0.318989
0.597905
0.289510
0.384349
0.181112
0.222240
0.321323
0.225594
0.188839
0.361029
0.167742
0.160028
0.401782
0.129079
0.238079
0.241989
0.211895
0.233734
0.243531
0.215301
0.107816
0.217595
0.490157
0.254705
0.177224
0.208854
0.332341
0.191759
0.262751
0.199835
0.229556
0.489641
0.156544
0.235662
0.276866
0.453935
0.145935
0.262311