0.249418
0.230094
0.191949
0.333984
0.370642
0.278879
0.165320
0.193995
0.184904
0.217781
0.342825
0.175963
0.224152
0.191728
0.289400
0.410248
0.261339
0.335604
0.118286
0.119884
0.246697
0.268387
0.416921
0.217909
0.139813
0.232050
0.330656
0.235234
0.204604
0.430481
0.406851
0.582969
0.196339
0.297093
0.159803
0.153501
0.102164
0.162815
0.188157
0.148728
0.372409
0.178306
0.153853
0.158753
0.163743
0.159057
0.208564
0.188377
0.251668
0.318910
0.182901
0.151242
0.271307
0.177831
0.074009
0.133386
0.186654
0.214794
0.190222
0.348773
0.154861
0.214185
0.211253
0.295261
0.532653
0.273692
0.105338
0.183739
0.255613
0.431585
0.118696
0.195867
0.101970
0.215273
0.351363
0.191560
0.182148
0.139809
0.280933
0.217977
0.382415
0.215792
0.178615
0.188750
0.305743
0.482971
0.251871
0.375870
0.167094
0.245641
0.097898
0.132571
0.199717
0.214660
0.221559
0.290466
0.322224
0.305429
0.265832
0.516166
0.240159
0.255318
0.149536
0.240399
0.525818
0.222575
0.211065
0.191141
0.074299
0.093776
0.330585
0.157725
0.307309
0.320184
0.150656
0.190079
0.214924
0.235288
0.199183
0.373318
0.447044
0.178769
0.200732
0.177957
0.352243
0.181807
0.089576
0.154668