0.264263
0.272804
0.244196
0.459033
0.666675
0.343600
0.221114
0.497568
0.310764
0.385397
0.331169
0.520982
0.095637
0.299994
0.324873
0.333158
0.218777
0.328665
0.266953
0.154812
0.422243
0.310912
0.435411
0.619833
0.278590
0.300869
0.291676
0.359917
0.160049
0.243342
0.113333
0.451944
0.408376
0.345668
0.309454
0.310277
0.294669
0.240620
0.349118
0.287827
0.206931
0.348203
0.105399
0.214922
0.345947
0.394962
0.295826
0.320416
0.559015
0.391511
0.428427
0.647095
0.358696
0.176948
0.133009
0.243645
0.263101
0.410993
0.542840
0.317625
0.541861
0.259572
0.264159
0.452962
0.277180
0.301592
0.190043
0.212527
0.447503
0.549316
0.256412
0.303934