0.092981
0.137156
0.323722
0.212740
0.378323
0.194615
0.209123
0.234992
0.157179
0.116976
0.253391
0.218986
0.132119
0.113306
0.436236
0.218531
0.180120
0.207053
0.265330
0.285064
0.159126
0.115949
0.136768
0.225028
0.306253
0.139841
0.202051
0.173912
0.096125
0.211399
0.214828
0.452873
0.099303
0.094905
0.172329
0.110034
0.128041
0.185737
0.204013
0.257757
0.167891
0.283953
0.208390
0.377009
0.118663
0.184106
0.342416
0.135831
0.134111
0.132097
0.384653
0.236817
0.125339
0.091111
0.188874
0.313477
0.107834
0.275339
0.130482
0.281821
0.275039
0.187670
0.379061
0.293745
0.170515
0.175492
0.109022
0.256917
0.164485
0.286331
0.268500
0.165089
0.102225
0.075676
0.168189
0.174704
0.077373
0.162422
0.270487
0.623067
0.402651
0.234774
0.303362
0.336771
0.232161
0.225346
0.312785
0.205465
0.231409
0.135152
0.327409
0.303490
0.162289
0.151742
0.258159
0.206923
0.212073
0.286632
0.336355
0.377229
0.215077
0.381788
0.332410
0.568178
0.163754
0.220970
0.227751
0.240459
0.132632
0.154062
0.168784
0.176341
0.117351
0.120303
0.200531
0.433718
0.219780
0.176935
0.258778
0.296914
0.244190
0.220073
0.364690
0.314043
0.456176
0.264737
0.756246
0.392725
0.444183
0.236304
0.345978
0.326420
0.197429
0.101589
0.243513
0.233703
0.311020
0.646789
0.224061
0.483336
0.376050
0.225172
0.334151
0.210330
0.368204
0.187723
0.211739
0.203644
0.136900
0.124678
0.251050
0.212685
0.131958
0.110468
0.103867
0.147962
0.182796
0.189640
0.265984
0.280459
0.181542
0.186434
0.279637
0.276613
0.207341
0.186895
0.112334
0.295016
0.144266
0.159275
0.202600
0.298922
0.119141
0.239903
0.211594
0.395501
0.079433
0.147943
0.382276
0.199370
0.149392
0.164274
0.210971
0.242865
0.176432
0.169617
0.170226
0.172178
0.125667
0.123096
0.194461
0.236065
0.100501
0.184322
0.167535
0.164046
0.244151
0.121805
0.076950
0.172349