0.079388
0.126907
0.176799
0.261343
0.396133
0.194493
0.211435
0.185976
0.333567
0.180020
0.291539
0.421471
0.259387
0.229000
0.154462
0.346101
0.082412
0.192122
0.116969
0.150122
0.240548
0.411140
0.161255
0.174199
0.222781
0.208272
0.236887
0.247333
0.178277
0.138142
0.281187
0.540921
0.093224
0.145156
0.215480
0.178309
0.200359
0.134647
0.190221
0.234739
0.241180
0.234572
0.360076
0.175531
0.268755
0.220431
0.228573
0.192234
0.099438
0.113007
0.180768
0.328878
0.487765
0.323031
0.202623
0.263052
0.176270
0.340813
0.239866
0.249691
0.234242
0.361975
0.128412
0.200984
0.070321
0.167769
0.138248
0.273817
0.288907
0.136507
0.200105
0.155465
0.298026
0.216731
0.191023
0.213815
0.216895
0.158769
0.153421
0.330729
0.092528
0.096973
0.251315
0.541197
0.316766
0.203557
0.205440
0.311635
0.375221
0.244820
0.267474
0.492083
0.279241
0.101325
0.090205
0.263900
0.117631
0.154440