0.327289
0.224037
0.770871
0.498779
0.415773
0.320222
0.308941
0.233935
0.288438
0.377272
0.279957
0.277815
0.387926
0.293055
0.272074
0.243972
0.168034
0.268990
0.156410
0.349365
0.277192
0.193231
0.156862
0.313606
0.223650
0.233884
0.185310
0.338976
0.314514
0.184512
0.161077
0.212249
0.163049
0.116596
0.297758
0.246298
0.170220
0.312213
0.298956
0.205032
0.224130
0.250549
0.187519
0.152903
0.277652
0.251209
0.233710
0.164703
0.245323
0.212563
0.385842
0.283619
0.215093
0.434352
0.183745
0.116879
0.265467
0.359565
0.529848
0.286558
0.404583
0.731164
0.532933
0.252549
0.167270
0.192053
0.261135
0.313387
0.320337
0.218375
0.143586
0.260654
0.135299
0.208997
0.228849
0.425728
0.207100
0.224008
0.192729
0.390727
0.191870
0.136586
0.370726
0.218169
0.281331
0.307517
0.247107
0.143030
0.230334
0.271039
0.064563
0.129264
0.218684
0.307902
0.253353
0.138231
0.247693
0.437563
0.258742
0.368388
0.361898
0.233862
0.140891
0.281305
0.590741
0.294000
0.161330
0.241203
0.145016
0.256070
0.130881
0.259799
0.254952
0.441321
0.330901
0.323773
0.426548
0.731068
0.565796
0.370101
0.259763
0.343271
0.240432
0.334660
0.180284
0.395365
0.146594
0.201039