0.334492
0.238635
0.513513
0.401387
0.451974
0.212830
0.327890
0.696378
0.248282
0.319709
0.212026
0.168424
0.662672
0.406673
0.122001
0.114714
0.187369
0.156830
0.204028
0.170935
0.224292
0.462648
0.545247
0.284392
0.196511
0.106585
0.216905
0.272422
0.197679
0.175595
0.295454
0.515935
0.255428
0.190522
0.286930
0.301323
0.271972
0.623724
0.376649
0.204279
0.347993
0.160496
0.137680
0.162211
0.378963
0.210029
0.089133
0.233100
0.112800
0.280996
0.255978
0.172504
0.224916
0.138366
0.130719
0.293032
0.185158
0.091446
0.180799
0.085095
0.257191
0.145786
0.145697
0.220900
0.104735
0.315246
0.161000
0.084505
0.243183
0.340053
0.360847
0.183585
0.291500
0.253813
0.211324
0.191163
0.182954
0.347264
0.233447
0.292310
0.214786
0.114294
0.321558
0.264278
0.129829
0.123017
0.190424
0.176232
0.345581
0.178619
0.198639
0.243360
0.180848
0.225230
0.100147
0.092909
0.088605
0.190663