0.151151
0.274110
0.261301
0.347587
0.212874
0.349640
0.250269
0.194439
0.482482
0.292381
0.234154
0.141354
0.341202
0.429393
0.259510
0.160089
0.262788
0.135892
0.191317
0.149156
0.376211
0.113861
0.149777
0.323339
0.129555
0.141038
0.153791
0.125736
0.153689
0.144514
0.141084
0.099575
0.129942
0.121986
0.181905
0.101639
0.075716
0.077677
0.119236
0.096678
0.612741
0.290729
0.476413
0.208701
0.191299
0.237071
0.311904
0.259021
0.324990
0.267431
0.269261
0.183274
0.384898
0.560793
0.297936
0.197690
0.402997
0.195968
0.351269
0.177336
0.227038
0.308243
0.310331
0.328330
0.203567
0.248576
0.176493
0.301366
0.291575
0.330077
0.349263
0.161750
0.378545
0.231144
0.224460
0.316527
0.193523
0.188771
0.299531
0.209765
0.288756
0.530620
0.304860
0.358482
0.256705
0.215782
0.522218
0.252811
0.173338
0.287806
0.227436
0.180991
0.238202
0.303099
0.260303
0.195796
0.169365
0.295441
0.181356
0.294386
0.307041
0.259890
0.424406
0.305318
0.238263
0.263827
0.336770
0.579904
0.380032
0.620269
0.128916
0.242513
0.236416
0.309862
0.268917
0.186258
0.205646
0.159954
0.314987
0.220203
0.231493
0.272799
0.355627
0.544625
0.243642
0.442242
0.243566
0.319365
0.169312
0.321315
0.178567
0.228666
0.145569
0.280243
0.217049
0.228377
0.190826
0.192779
0.194693
0.256900
0.324921
0.232195
0.489983
0.238316
0.633615
0.360249
0.322982
0.280429
0.303766
0.331499
0.279167
0.165285
0.197918
0.387632
0.186717
0.152309
0.218817
0.139243
0.636126
0.473840
0.345199
0.267939
0.711131
0.495856
0.293795
0.284374
0.470285
0.326706
0.288749
0.352540
0.539097
0.234455
0.428530
0.280819
0.351958
0.208890
0.174227
0.164900
0.322181
0.192710
0.314089
0.306872
0.483778
0.299872
0.356144
0.246242
0.299530
0.326654
0.254637
0.388332
0.529072
0.212596
0.248497
0.382586
0.626556
0.458683
0.440382
0.252164
0.169252
0.145010