0.153887
0.250322
0.287403
0.259000
0.187283
0.188108
0.181964
0.210347
0.306431
0.287227
0.373337
0.312570
0.273362
0.197045
0.659770
0.392224
0.213389
0.168344
0.388645
0.300087
0.287399
0.177285
0.159817
0.326321
0.156776
0.123957
0.281225
0.106018
0.312612
0.541926
0.309963
0.258867
0.365478
0.232849
0.308077
0.431653
0.309193
0.146801
0.205967
0.370820
0.492368
0.350535
0.331791
0.264259
0.102501
0.127933
0.314180
0.196720
0.278871
0.344299
0.401683
0.352569
0.219737
0.304350
0.359089
0.338531
0.432349
0.236094
0.190643
0.257849
0.382294
0.272602
0.754664
0.445424
0.444282
0.231183
0.416843
0.315413
0.296791
0.440902
0.455759
0.393900
0.316330
0.308472
0.354937
0.407149
0.265386
0.199407
0.265095
0.309142
0.299033
0.462643
0.254247
0.292068
0.156460
0.186252
0.183100
0.320513
0.214821
0.264003
0.384051
0.708444
0.240302
0.227509
0.298766
0.353373
0.176456
0.330618
0.224291
0.181005
0.186686
0.125571
0.314661
0.198203
0.111842
0.187276
0.184011
0.120615
0.187138
0.198693
0.195267
0.370920
0.149770
0.172011
0.391023
0.214526
0.125087
0.105053
0.119656
0.136429
0.198066
0.238110
0.239516
0.254800
0.133326
0.159498
0.156810
0.209472
0.241462
0.266732
0.296765
0.307342
0.088995
0.175284
0.298073
0.295210
0.157624
0.142199
0.172849
0.187734
0.150401
0.235437
0.198433
0.156500
0.121826
0.116627
0.196769
0.119941
0.345604
0.179027
0.249250
0.313908
0.288548
0.138508
0.203490
0.443821
0.224533
0.142932
0.151338
0.130906
0.323602
0.201072
0.306091
0.275518
0.381311
0.216254
0.278424
0.207578
0.255990
0.337685
0.394322
0.314300
0.227892
0.295509
0.368386
0.329727
0.096026
0.131287
0.269637
0.470525
0.421663
0.307385
0.286593
0.304527
0.205650
0.382683
0.213927
0.303175
0.357483
0.247775
0.340829
0.400598
0.578063
0.339031
0.373844
0.286826
0.187285
0.228010
0.135447
0.164650