0.091605
0.105537
0.299891
0.531986
0.275234
0.253739
0.329432
0.434607
0.146342
0.253777
0.537681
0.302396
0.134521
0.144593
0.138298
0.183074
0.071690
0.207299
0.157361
0.283936
0.434484
0.212305
0.390150
0.156729
0.135266
0.312520
0.124975
0.283421
0.189377
0.328820
0.241555
0.245853
0.110857
0.231688
0.154912
0.452948
0.155740
0.375522
0.291383
0.255470
0.161276
0.102195
0.183779
0.347839
0.476511
0.228989
0.234983
0.544255
0.248108
0.173506
0.396487
0.140332
0.261377
0.491618
0.115503
0.287046
0.304691
0.184260
0.237142
0.265392
0.185617
0.295315
0.376594
0.150452
0.084124
0.192113
0.252083
0.298664
0.131021
0.315120
0.141992
0.112558
0.083240
0.206831
0.367382
0.102472
0.146605
0.452688
0.089117
0.204082
0.100619
0.268841
0.201945
0.080350
0.406441
0.206958
0.171636
0.219748
0.293492
0.150364
0.181538
0.292306
0.131524
0.213275
0.276782
0.168866
0.049352
0.124662