0.177369
0.264248
0.190306
0.082942
0.266997
0.479302
0.141965
0.218715
0.233729
0.528373
0.254232
0.465160
0.324750
0.222175
0.306259
0.176996
0.329611
0.247037
0.135058
0.103119
0.271903
0.492747
0.208377
0.263318
0.198463
0.299865
0.321972
0.503139
0.207141
0.449634
0.366381
0.223955
0.281713
0.531586
0.128149
0.277323
0.296188
0.255024
0.276181
0.218912
0.270389
0.150861
0.484532
0.345305
0.421637
0.176695
0.417203
0.720627
0.216619
0.270198
0.102602
0.203504
0.385534
0.244479
0.083261
0.213443
0.266966
0.222046
0.462890
0.302616
0.394290
0.160709
0.259492
0.324145
0.160676
0.210575
0.071820
0.095118
0.481538
0.205846
0.463301
0.231399
0.139146
0.337688
0.560965
0.484145
0.350300
0.184780
0.169640
0.226908
0.252446
0.183037
0.205514
0.094792
0.331842
0.527655
0.172426
0.214031
0.258842
0.493800
0.203800
0.469896
0.202432
0.419728
0.361678
0.212040
0.338437
0.650098
0.152504
0.317945
0.538661
0.300507
0.704255
0.354634
0.360070
0.248727
0.547674
0.427715
0.594052
0.449885
0.321250
0.445447
0.274565
0.220442
0.127414
0.104439
0.253190
0.400046
0.330242
0.202467
0.210281
0.469526
0.225482
0.449476
0.214684
0.298663
0.153282
0.327848