0.259887
0.140098
0.250795
0.210983
0.552519
0.427981
0.153573
0.470672
0.316610
0.182946
0.767761
0.343695
0.097128
0.105133
0.060017
0.107386
0.254506
0.225735
0.167442
0.290149
0.316454
0.160665
0.159290
0.187396
0.086181
0.075545
0.089709
0.094234
0.121485
0.281929
0.218041
0.332723
0.098254
0.140310
0.209074
0.068331
0.097095
0.101310
0.280136
0.217779
0.423452
0.226287
0.138352
0.270587
0.141914
0.203149
0.170862
0.182091
0.118455
0.142481
0.425892
0.163161
0.256147
0.273502
0.211516
0.308832
0.077932
0.150298
0.196313
0.222404
0.330198
0.097690
0.473058
0.225691
0.350765
0.517190
0.377978
0.694648
0.500420
0.252334
0.141473
0.164760