0.136483
0.213379
0.290664
0.203120
0.182770
0.413452
0.220244
0.298382
0.274224
0.174466
0.297818
0.209005
0.181321
0.324400
0.448048
0.274897
0.287679
0.543153
0.187672
0.226384
0.349796
0.197942
0.250007
0.272233
0.311012
0.220462
0.143791
0.323837
0.546322
0.300645
0.424693
0.243810
0.243646
0.303313
0.595335
0.367320
0.139227
0.151076
0.281351
0.308719
0.214350
0.313583
0.361914
0.675708
0.360265
0.222628
0.273908
0.235606
0.191829
0.228226
0.214488
0.211296
0.187387
0.165835
0.123619
0.249690
0.184178
0.186243
0.235650
0.195319
0.422728
0.258366
0.329465
0.197145
0.521509
0.297302
0.293156
0.532825
0.188043
0.237648
0.307414
0.527735
0.167675
0.196802
0.193594
0.257925
0.208397
0.272100
0.398685
0.241550
0.289742
0.192924
0.182921
0.317358
0.156587
0.184109
0.258709
0.288621
0.530960
0.295108
0.138619
0.245390
0.241711
0.311043
0.282672
0.453626
0.129884
0.287440
0.273976
0.190945
0.206162
0.127046
0.265874
0.426095
0.228033
0.437571
0.210466
0.282118
0.135018
0.232365
0.215626
0.179321
0.190447
0.223536
0.218060
0.394180
0.137985
0.190255
0.236891
0.461284
0.162060
0.239201
0.242843
0.231648
0.196859
0.262063
0.120995
0.190209