0.425134
0.204597
0.317626
0.514960
0.276679
0.526970
0.747213
0.407509
0.151390
0.282807
0.187801
0.190343
0.275404
0.410993
0.285476
0.388504
0.136846
0.229588
0.309642
0.423054
0.244600
0.324618
0.126025
0.117333
0.160585
0.163507
0.206071
0.185752
0.282178
0.416807
0.289413
0.183520
0.111744
0.197913
0.200198
0.348073
0.262123
0.134456
0.153292
0.210356
0.212334
0.376182
0.457329
0.169093
0.171818
0.283544
0.185458
0.265738
0.138403
0.277860
0.299350
0.188657
0.194450
0.375731
0.411647
0.250167
0.350763
0.418202
0.311194
0.233908
0.261696
0.254298
0.270185
0.374885
0.056104
0.060332
0.260411
0.493571
0.232854
0.242787
0.345805
0.379986
0.250221
0.260351
0.255901
0.227070
0.324735
0.280290
0.188380
0.326670
0.047345
0.089739
0.199452
0.230671
0.358564
0.339811
0.290381
0.436449
0.266747
0.186623
0.238301
0.337315
0.142843
0.243233
0.200045
0.166700
0.168126
0.185057