0.116724
0.264959
0.116888
0.142373
0.200384
0.141833
0.182772
0.222664
0.250658
0.180793
0.163353
0.318947
0.428744
0.308320
0.097436
0.146255
0.315900
0.557082
0.158306
0.215896
0.258808
0.320513
0.341526
0.267111
0.307269
0.307864
0.690231
0.559648
0.407359
0.346750
0.418113
0.134478
0.290376
0.239311
0.254774
0.502997
0.503545
0.398985
0.257783
0.393115
0.363247
0.664091
0.349604
0.328762
0.378511
0.528045
0.262636
0.283632
0.189211
0.244367
0.354887
0.196394
0.180730
0.262899
0.177620
0.208873
0.542305
0.284801
0.316699
0.263866
0.432209
0.313697
0.246210
0.188778
0.151635
0.437362
0.395395
0.165302
0.368805
0.242427
0.334560
0.263981
0.193021
0.371748
0.247966
0.462585
0.636833
0.502177
0.322860
0.167157
0.208846
0.235001
0.163007
0.205973
0.220099
0.234005
0.520348
0.329025
0.312579
0.211685
0.190452
0.188280
0.336375
0.385568
0.564492
0.279546
0.083850
0.207081
0.098979
0.066742
0.109713
0.083020
0.105897
0.122703
0.102949
0.170772
0.107171
0.118411
0.117327
0.357977
0.129011
0.205352
0.361283
0.231556
0.197047
0.256337
0.449453
0.228385
0.362130
0.497859
0.249887
0.368445
0.391771
0.194274
0.353442
0.372610
0.200613
0.242203