0.273363
0.125424
0.583435
0.383304
0.283866
0.288405
0.232302
0.293899
0.326436
0.578434
0.491126
0.254431
0.250896
0.205672
0.204130
0.108111
0.150974
0.249953
0.228981
0.116697
0.099928
0.094008
0.096728
0.096205
0.085966
0.077538
0.083106
0.074363
0.178248
0.198691
0.496213
0.332069
0.124399
0.112320
0.462912
0.262160
0.405212
0.245893
0.175648
0.198886
0.451765
0.174968
0.163617
0.161610
0.418004
0.352490
0.216520
0.171728
0.111133
0.139495
0.240722
0.409065
0.238095
0.341934
0.406602
0.203379
0.099476
0.160520
0.336205
0.384277
0.198513
0.164541
0.216494
0.154037
0.068922
0.145246
0.140798
0.283653
0.142902
0.171844
0.178510
0.117737
0.430718
0.361699
0.192584
0.235175
0.270256
0.442670
0.216832
0.205070
0.108399
0.153415
0.368116
0.221485
0.122285
0.118054
0.440061
0.276777
0.311018
0.115174
0.174447
0.137523
0.169941
0.157914
0.138335
0.159821
0.064109
0.129211