0.135052
0.157273
0.431814
0.663458
0.448321
0.410459
0.314768
0.515226
0.349556
0.286238
0.248434
0.250024
0.159101
0.085281
0.150288
0.440140
0.258446
0.316103
0.119294
0.069759
0.184646
0.088956
0.080879
0.142146
0.173553
0.099198
0.198053
0.108889
0.324371
0.501371
0.109062
0.114221
0.270548
0.143700
0.087712
0.110613
0.240684
0.394295
0.376408
0.233504
0.421291
0.435032
0.133646
0.128340
0.264521
0.249874
0.233585
0.512159
0.188173
0.239162
0.206737
0.347076
0.430297
0.364175
0.395722
0.235606
0.170480
0.130434
0.258493
0.529861
0.309020
0.170411
0.229583
0.314947
0.317785
0.425948
0.277169
0.210395
0.132665
0.268987
0.130596
0.212122