0.114938
0.285509
0.247885
0.269641
0.145519
0.425350
0.622600
0.413141
0.576210
0.327298
0.450107
0.209016
0.190251
0.503592
0.487524
0.352419
0.107313
0.336688
0.144132
0.493209
0.137801
0.360646
0.141969
0.270493
0.371786
0.162759
0.399590
0.590237
0.190054
0.356868
0.383164
0.196141
0.434031
0.159957
0.159966
0.358287
0.322592
0.103298
0.160026
0.203592
0.263625
0.165110
0.235474
0.238958
0.349542
0.411710
0.175553
0.319965
0.233519
0.361904
0.197594
0.269030
0.216233
0.240500
0.268792
0.191279
0.095992
0.122713
0.232592
0.091715
0.225398
0.536467
0.421488
0.174299
0.152827
0.181668
0.137982
0.416285
0.246158
0.347525
0.202703
0.265991
0.345074
0.198074
0.197748
0.161883
0.142722
0.123235
0.138259
0.198186
0.143938
0.246198
0.220690
0.236059
0.165102
0.407319
0.296619
0.143452
0.167567
0.373811
0.295424
0.247705
0.202801
0.221068
0.155392
0.137897
0.188396
0.101792
0.103853
0.273800
0.307713
0.168113
0.227245
0.484041
0.388525
0.476195
0.315602
0.524091
0.399980
0.221173
0.305217
0.220708
0.231706
0.326268
0.261994
0.341414
0.124891
0.307138
0.165487
0.487287
0.205404
0.553000
0.588757
0.326064
0.433474
0.208149
0.249482
0.457581
0.211565
0.410791
0.230524
0.460964
0.392706
0.179671
0.463576
0.670338
0.341166
0.157894
0.191744
0.255084
0.170794
0.261501
0.201801
0.244985
0.218512
0.364043
0.297413
0.120120
0.205577
0.177149
0.329265
0.194759
0.372097
0.743734
0.109180
0.280480
0.110153
0.124638
0.133481
0.332958
0.228262
0.340826
0.337017
0.286268
0.346556
0.522708
0.401179
0.478383
0.287646
0.442012
0.557914
0.730311
0.436947
0.306716
0.288995
0.397843
0.508645
0.315796
0.339944
0.549566
0.319113
0.143963
0.210295
0.274522
0.243968
0.280508
0.163299
0.341824
0.312640
0.236667
0.535301
0.378272
0.272651
0.426471
0.325077
0.234216
0.108529
0.136989
0.138634
0.153484