0.112132
0.211524
0.156777
0.123402
0.267287
0.250712
0.260376
0.126492
0.152396
0.204307
0.467161
0.242200
0.136726
0.286203
0.170371
0.110248
0.243826
0.156350
0.627937
0.318402
0.102902
0.146231
0.283749
0.284280
0.167568
0.144720
0.200505
0.228939
0.303320
0.168506
0.161361
0.156009
0.353470
0.187139
0.270295
0.149102
0.207964
0.299436
0.241957
0.287288
0.109456
0.138755
0.129757
0.106113
0.167018
0.207374
0.173307
0.253024
0.136856
0.136320
0.338700
0.161573
0.256632
0.440809
0.341402
0.297436
0.549123
0.300353
0.681044
0.481994
0.302336
0.167338
0.307309
0.540082
0.321153
0.302956
0.210081
0.206976
0.477982
0.203754
0.297828
0.298739
0.234150
0.244776
0.152403
0.194818
0.187334
0.280047
0.111380
0.138185
0.048670
0.144187
0.212212
0.236243
0.139507
0.113058
0.134746
0.161428
0.210223
0.206681
0.198058
0.174455
0.162663
0.128659
0.150087
0.190210
0.100066
0.103787
0.154367
0.147307
0.114099
0.233724
0.197353
0.110621
0.245891
0.160068
0.259094
0.129436
0.334861
0.310520
0.244567
0.247368
0.319333
0.350363
0.193153
0.203160
0.545048
0.311422
0.268048
0.316147
0.248573
0.153833
0.206023
0.212652
0.278462
0.282880
0.251118
0.137740
0.316470
0.148712
0.300495
0.381962
0.135169
0.108940
0.161210
0.192804
0.230998
0.157458
0.118144
0.121483
0.083990
0.204683
0.365110
0.197290
0.265831
0.176660
0.192663
0.146377
0.127938
0.218020
0.128909
0.247993
0.181727
0.148291
0.389215
0.227376
0.116519
0.115306
0.148901
0.163850
0.107427
0.211858