0.075793
0.306748
0.206445
0.209890
0.138953
0.141756
0.203149
0.200464
0.061510
0.051298
0.133130
0.141792
0.314726
0.187879
0.257498
0.254558
0.102569
0.246456
0.144556
0.197979
0.438286
0.229540
0.173913
0.170501
0.137512
0.192744
0.254922
0.153538
0.287056
0.283481
0.378359
0.676387
0.104135
0.105058
0.305155
0.294033
0.205283
0.209578
0.327005
0.142802
0.330222
0.579540
0.247858
0.244631
0.187626
0.248315
0.150431
0.162511
0.092147
0.147456
0.121530
0.116162
0.136305
0.159263
0.203812
0.176624
0.893823
0.494313
0.355427
0.361291
0.264027
0.258158
0.359161
0.347069
0.293323
0.141294
0.231596
0.247552
0.318378
0.282696
0.297187
0.278042
0.142811
0.367113
0.470943
0.163061
0.288311
0.271308
0.182195
0.181648
0.063389
0.088312
0.137229
0.295294
0.224746
0.285784
0.326548
0.171465
0.122779
0.194938
0.234868
0.251311
0.148270
0.149964
0.143690
0.301168
0.062356
0.148102