0.097936
0.191179
0.163289
0.226923
0.347093
0.234465
0.256037
0.116966
0.220954
0.112247
0.091550
0.221134
0.200880
0.115226
0.245460
0.187891
0.177839
0.354225
0.360547
0.174633
0.185408
0.287856
0.104859
0.137981
0.300535
0.445412
0.119307
0.172364
0.167574
0.494827
0.237017
0.129934
0.128506
0.293318
0.345353
0.262967
0.559779
0.257817
0.225586
0.394068
0.203057
0.315164
0.233667
0.431150
0.250655
0.271816
0.156629
0.123782
0.232292
0.155135
0.171504
0.435228
0.287305
0.146385
0.344164
0.535845
0.193273
0.187110
0.356026
0.206151
0.231241
0.130581
0.295090
0.465032
0.358304
0.286180
0.079095
0.149354
0.181334
0.092522
0.115248
0.235256
0.216704
0.109220
0.271794
0.282976
0.122373
0.208520
0.339613
0.213861
0.256176
0.164402
0.174984
0.266153
0.252800
0.313760
0.332379
0.170739
0.079446
0.199956
0.150294
0.240802
0.143880
0.139862
0.258023
0.212003
0.166452
0.236581
0.353202
0.241555
0.177384
0.215748
0.179834
0.161245
0.296751
0.221800
0.121670
0.158306
0.115725
0.166059
0.102484
0.213352
0.149115
0.154343
0.216248
0.200222
0.196123
0.310538
0.207214
0.309978
0.287419
0.173625
0.198977
0.307223
0.425850
0.544011
0.195521
0.111956
0.479845
0.202624
0.252397
0.525986
0.108206
0.147470
0.319404
0.338300
0.188806
0.267310
0.403338
0.225317
0.291215
0.510536
0.253255
0.158304
0.251738
0.384241
0.167523
0.308583
0.155027
0.233239
0.157508
0.294694
0.135471
0.163764
0.156038
0.240190
0.280934
0.186132
0.270428
0.418436
0.319521
0.597292
0.266226
0.168143
0.516675
0.610638
0.115785
0.186934
0.108569
0.273570
0.577213
0.222552
0.113418
0.240517
0.322785
0.288709
0.165914
0.199218
0.452566
0.792965
0.243559
0.220519
0.184688
0.225073
0.326006
0.295233
0.315062
0.174832
0.229092
0.135335
0.100435
0.174154
0.154850
0.136074
0.457562
0.291415
0.224498
0.205188
0.176816
0.332415