0.117948
0.141081
0.220238
0.198554
0.163432
0.293356
0.218288
0.263278
0.201237
0.348512
0.333466
0.294131
0.120178
0.210809
0.647363
0.295411
0.210969
0.271772
0.191637
0.260076
0.469226
0.257852
0.137951
0.153066
0.164860
0.177710
0.277428
0.421745
0.191455
0.179661
0.345769
0.331385
0.267891
0.150405
0.308700
0.246293
0.281613
0.249307
0.442482
0.213907
0.244940
0.237658
0.231842
0.251901
0.233839
0.170030
0.253258
0.299262
0.215722
0.443727
0.416483
0.342689
0.132716
0.263596
0.333082
0.333638
0.260439
0.317273
0.215582
0.293258
0.205742
0.390124
0.224368
0.209830
0.138363
0.184699
0.118767
0.140402
0.195591
0.149412
0.287572
0.354809
0.196669
0.115300
0.218624
0.339734
0.283091
0.172447
0.273417
0.184633
0.221068
0.208857
0.417865
0.208906
0.119337
0.185552
0.266066
0.228969
0.075011
0.137575
0.302889
0.340847
0.103593
0.093389
0.234812
0.302865
0.282833
0.200823
0.250585
0.112801
0.306899
0.235785
0.183229
0.316948
0.145574
0.242954
0.377709
0.238895
0.157782
0.171869
0.200011
0.299616
0.121417
0.199527
0.255132
0.209157
0.329861
0.192896
0.124712
0.208157
0.257736
0.281528
0.289842
0.229033
0.251434
0.446824
0.519022
0.372278
0.504606
0.249553
0.345286
0.465042
0.183481
0.112837
0.311952
0.398148
0.680990
0.377037
0.656965
0.330873
0.194255
0.132558
0.411423
0.256665
0.143000
0.143684
0.206016
0.223964
0.305665
0.190859
0.339636
0.254395
0.116020
0.117113
0.144721
0.219167
0.259221
0.465902
0.201130
0.224297
0.165356
0.209971
0.196867
0.188620
0.142279
0.160053
0.250051
0.176207
0.174823
0.138973
0.338697
0.569469
0.118684
0.094911
0.221932
0.254654
0.108920
0.179333
0.250235
0.153086
0.199280
0.188929
0.197249
0.153256
0.125788
0.141124
0.207234
0.200648
0.183875
0.142426
0.270902
0.315471
0.118798
0.090414
0.247887
0.260644
0.268280
0.187716
0.062740
0.180862