0.206905
0.329893
0.265867
0.206086
0.153140
0.218590
0.410561
0.235369
0.499332
0.707521
0.220137
0.155909
0.471263
0.251310
0.512333
0.265598
0.191048
0.265695
0.490403
0.379581
0.133114
0.273345
0.118098
0.196784
0.298683
0.146172
0.222768
0.466598
0.136146
0.216862
0.251444
0.152153
0.166901
0.249122
0.137349
0.265473
0.583644
0.439270
0.265991
0.336271
0.213583
0.169957
0.289852
0.399966
0.478472
0.365123
0.163734
0.400616
0.287941
0.312677
0.213376
0.403622
0.367920
0.208332
0.369666
0.382086
0.782902
0.401416
0.203668
0.439447
0.295831
0.194722
0.253500
0.540879
0.469705
0.218252
0.268499
0.129938
0.556070
0.234969
0.376065
0.635177
0.417540
0.326356
0.219004
0.230724
0.138167
0.133382
0.184496
0.342288
0.218000
0.384576
0.132576
0.186518
0.244292
0.193815
0.200647
0.352214
0.220866
0.330184
0.236196
0.312151
0.283478
0.235955
0.171913
0.145821
0.240085
0.358996
0.335642
0.425189
0.101852
0.199758
0.262963
0.217271
0.171903
0.247469
0.208612
0.339923
0.301438
0.371413
0.322337
0.190894
0.113160
0.304879
0.357797
0.175659
0.195318
0.469173
0.210595
0.103257
0.093366
0.201937
0.213057
0.148693
0.148946
0.378590
0.216212
0.357533
0.288105
0.163860
0.151595
0.138158
0.354245
0.210221
0.299169
0.468901
0.288469
0.140530
0.211369
0.202535
0.097062
0.207917
0.173842
0.291901
0.398373
0.349315
0.212182
0.426469
0.460690
0.158874
0.398676
0.481079
0.502988
0.321832
0.186508
0.458419
0.330452
0.656246
0.223162
0.251839
0.306831
0.120397