0.159224
0.213185
0.354318
0.246597
0.484544
0.248255
0.250990
0.210316
0.277105
0.277747
0.423004
0.197921
0.133823
0.149680
0.194068
0.157304
0.159321
0.183246
0.166879
0.225582
0.133899
0.224206
0.161530
0.280068
0.244964
0.195610
0.171317
0.262645
0.249694
0.124071
0.125184
0.118614
0.138779
0.159541
0.170379
0.116467
0.236164
0.263850
0.193966
0.251353
0.097811
0.259950
0.279557
0.426620
0.315708
0.168635
0.161908
0.176454
0.131941
0.122571
0.179697
0.124198
0.139573
0.170206
0.423631
0.240431
0.199745
0.269310
0.304854
0.164847
0.132964
0.210960
0.271696
0.278476
0.186562
0.151032
0.138875
0.124519
0.163414
0.144168
0.149588
0.170709
0.241615
0.255076
0.249724
0.252643
0.314420
0.195034
0.229866
0.276281
0.101902
0.105339
0.173239
0.213496
0.286093
0.133143
0.401871
0.193138
0.163121
0.331701
0.322447
0.204914
0.352963
0.602468
0.294441
0.184469
0.562372
0.346539
0.325025
0.315181
0.365243
0.225444
0.332920
0.173074
0.433724
0.188157
0.216818
0.402465
0.453043
0.309405
0.292371
0.515728
0.350925
0.140172
0.256800
0.309315
0.300302
0.396083
0.177767
0.196213
0.100308
0.137821
0.478526
0.207695
0.123557
0.250284
0.296473
0.416423
0.185516
0.281155
0.354562
0.178187
0.227447
0.298293
0.384969
0.221176
0.208973
0.378811
0.284638
0.140834
0.126856
0.135310
0.235363
0.413470
0.278700
0.292823
0.312255
0.227647
0.378542
0.633313
0.328959
0.270499
0.525527
0.633921
0.234776
0.206676
0.115982
0.289455
0.083565
0.182063
0.108061
0.115205