0.164561
0.401565
0.146867
0.119460
0.123829
0.155770
0.267787
0.136382
0.449564
0.252333
0.127854
0.217898
0.112597
0.185536
0.685576
0.490635
0.268036
0.174352
0.271321
0.230967
0.283761
0.275918
0.335860
0.233117
0.297550
0.319436
0.337948
0.212834
0.404289
0.439386
0.357815
0.329056
0.491367
0.440805
0.286341
0.407906
0.384735
0.436927
0.486840
0.347577
0.257289
0.414801
0.311135
0.302448
0.203429
0.234491
0.109543
0.159350
0.098407
0.255751
0.336572
0.240749
0.187255
0.357390
0.116502
0.150987
0.271799
0.408704
0.447382
0.208088
0.204469
0.192509
0.217178
0.258450
0.164132
0.341394
0.325566
0.226050
0.156795
0.252469
0.314433
0.264871
0.238828
0.197973
0.205589
0.126898
0.084794
0.228944
0.281169
0.458278
0.171263
0.412195
0.137133
0.132637
0.436149
0.451360
0.345487
0.353637
0.406845
0.237760
0.716684
0.423677
0.481650
0.325564
0.489586
0.838561
0.418100
0.258193