0.128877
0.168778
0.270232
0.634339
0.292752
0.149436
0.197413
0.322643
0.101277
0.145324
0.204537
0.221761
0.348171
0.158203
0.446127
0.278859
0.557664
0.356201
0.161812
0.200127
0.161161
0.211392
0.221887
0.564139
0.339727
0.210437
0.415137
0.141932
0.405640
0.232516
0.316061
0.596737
0.231146
0.274545
0.229486
0.349709
0.215519
0.117352
0.178610
0.260043
0.110895
0.221098
0.129100
0.297322
0.176328
0.366220
0.325549
0.231622
0.274349
0.259584
0.224815
0.244546
0.289036
0.315510
0.171341
0.392853
0.296143
0.178609
0.182134
0.260504
0.101403
0.195090
0.141945
0.148189
0.181502
0.145352
0.219895
0.303265
0.180857
0.214796
0.223785
0.304352
0.275549
0.514426
0.333699
0.158159
0.173948
0.282160
0.603310
0.411134
0.088504
0.130493
0.233708
0.217444
0.189438
0.356494
0.252483
0.288578
0.293826
0.346848
0.186695
0.196310
0.258037
0.288858
0.175024
0.284996
0.270653
0.276900
0.165717
0.167097
0.092434
0.118022
0.272632
0.272544
0.312682
0.471938
0.388079
0.596691
0.221341
0.139497
0.216828
0.283700
0.432617
0.152494
0.199276
0.317633
0.093747
0.173575
0.195668
0.310416
0.159180
0.272401
0.278555
0.367675
0.300651
0.473923
0.188658
0.363748
0.254747
0.276400
0.262193
0.208453
0.281279
0.263274
0.186242
0.161351
0.228035
0.374710
0.309665
0.222973
0.138306
0.165857
0.391941
0.167426
0.180906
0.192080
0.161546
0.280186
0.247163
0.165592
0.375378
0.266468
0.145997
0.278035
0.249424
0.151733
0.484646
0.246438
0.264599
0.127002
0.158703
0.258451