0.133931
0.145699
0.168648
0.341717
0.275650
0.272023
0.177124
0.376073
0.178681
0.261867
0.178470
0.182217
0.263212
0.266614
0.274327
0.405646
0.193069
0.399816
0.509539
0.315541
0.160578
0.189562
0.227736
0.300071
0.563548
0.291399
0.591311
0.359670
0.189274
0.487904
0.147212
0.181553
0.253168
0.371633
0.381415
0.550419
0.202682
0.154999
0.269299
0.317622
0.148239
0.158828
0.299108
0.271861
0.149225
0.182206
0.322495
0.298441
0.288049
0.201643
0.163104
0.321300
0.228777
0.222495
0.303717
0.329803
0.377929
0.175201
0.316019
0.590263
0.231668
0.130452
0.260240
0.237654
0.180140
0.146123
0.121343
0.313322
0.207617
0.170101
0.110227
0.139773
0.190357
0.309018
0.265669
0.297674
0.136816
0.290601
0.202401
0.232618
0.199657
0.175109
0.349698
0.286283
0.306568
0.268166
0.270544
0.355134
0.146586
0.129700
0.463083
0.191216
0.313389
0.507270
0.353359
0.454487
0.147194
0.231288
0.249594
0.350613
0.400161
0.190239
0.370432
0.595028
0.337032
0.313016
0.388787
0.302445
0.699457
0.454424
0.149918
0.128285
0.362731
0.541360
0.319259
0.527841
0.210853
0.504212
0.381167
0.581251
0.143352
0.325339
0.346772
0.324763
0.200450
0.285721
0.570229
0.403417
0.148164
0.370174
0.165080
0.370176
0.172749
0.214728
0.448725
0.214978
0.380526
0.159163
0.298432
0.200277
0.176857
0.293853
0.468142
0.257467
0.469548
0.309689
0.312049
0.202599
0.164999
0.215408
0.167633
0.174050
0.199291
0.212340
0.187457
0.347536
0.135431
0.194404
0.178360
0.301278
0.109243
0.257529
0.318648
0.243958
0.281649
0.383363
0.578790
0.361550
0.125046
0.326419
0.138747
0.162745
0.233464
0.362543
0.613007
0.459504
0.150292
0.316969
0.260136
0.275900
0.103857
0.131027
0.333179
0.407240
0.121312
0.169396
0.281009
0.252533
0.147444
0.296126
0.109485
0.123020
0.161080
0.108832
0.294081
0.179846
0.141408
0.122392
0.101214
0.244804