0.089163
0.102216
0.473065
0.280017
0.269448
0.240357
0.390940
0.584496
0.237988
0.207681
0.146841
0.250099
0.221479
0.177477
0.541722
0.318288
0.286338
0.425732
0.275255
0.310577
0.146968
0.137365
0.108644
0.106922
0.217559
0.249795
0.220461
0.330807
0.433725
0.257248
0.237082
0.386244
0.434900
0.184287
0.270585
0.219270
0.195832
0.218456
0.280606
0.256849
0.281022
0.133110
0.206725
0.254027
0.149015
0.146500
0.499829
0.392782
0.162160
0.185017
0.215589
0.408559
0.197600
0.214143
0.255027
0.244315
0.155162
0.336728
0.218404
0.296910
0.124063
0.188143
0.107756
0.155372
0.165272
0.133497
0.082404
0.165296
0.122753
0.253751
0.149982
0.161489
0.114371
0.157279
0.140908
0.171221
0.138496
0.154187
0.177474
0.190789
0.156314
0.159246
0.483225
0.344177
0.298159
0.475827
0.236085
0.330472
0.119175
0.110656
0.411397
0.241544
0.449314
0.244718
0.263169
0.246938
0.212350
0.184487
0.290718
0.254765
0.123605
0.234406
0.210668
0.169784
0.198548
0.203324
0.252772
0.245507
0.151128
0.169248
0.098242
0.152903
0.166971
0.174141
0.145930
0.216918
0.202061
0.149189
0.294288
0.439859
0.267436
0.137933
0.224449
0.124849
0.367775
0.249805
0.251449
0.283105
0.206228
0.165136
0.171286
0.215113
0.068059
0.130667
0.244696
0.203251
0.170085
0.192437
0.220712
0.256806
0.140798
0.147395
0.202191
0.186313
0.218776
0.402457
0.173585
0.286321
0.179535
0.148441
0.238776
0.358078
0.186983
0.178213
0.119738
0.169401
0.352932
0.215021
0.260564
0.172936
0.133044
0.284325
0.272308
0.234715
0.162630
0.263256
0.305022
0.320520
0.392951
0.233288
0.229122
0.129662
0.249629
0.388818
0.277392
0.270544
0.108770
0.117696
0.590765
0.356554
0.108773
0.123642
0.200221
0.184718
0.146992
0.203758
0.238773
0.262148
0.175187
0.157526
0.339075
0.187272
0.171449
0.182155
0.448719
0.317988
0.135742
0.138800
0.118484
0.163138