0.051575
0.192411
0.123362
0.167655
0.265211
0.167925
0.159080
0.142252
0.141054
0.096999
0.206766
0.186402
0.135929
0.292862
0.160821
0.157937
0.192887
0.448738
0.091029
0.117933
0.129918
0.303512
0.213972
0.364952
0.137050
0.190224
0.163832
0.238820
0.635416
0.478914
0.201040
0.371055
0.206351
0.143888
0.122818
0.136475
0.067012
0.221747
0.130649
0.121651
0.125482
0.094100
0.225446
0.169198
0.180802
0.242150
0.155175
0.136865
0.240562
0.258257
0.370379
0.191744
0.298347
0.303353
0.462949
0.359883
0.209000
0.216562
0.328005
0.533610
0.327785
0.313724
0.465756
0.269499
0.597507
0.268744
0.251519
0.444363
0.359373
0.252812
0.262772
0.258824
0.255510
0.187064
0.288842
0.272690
0.230055
0.419755
0.232221
0.217058
0.196359
0.151272
0.129309
0.278263
0.440558
0.187720
0.120083
0.201678
0.140937
0.117100
0.140958
0.187196
0.332599
0.218786
0.170030
0.311760
0.129561
0.216109
0.278953
0.151184
0.292235
0.530784
0.212857
0.213591
0.165838
0.329568
0.224930
0.453042
0.132504
0.163235
0.196217
0.370237
0.200311
0.173514
0.132940
0.151291
0.280385
0.162335
0.186803
0.127284
0.148582
0.125086
0.404246
0.254467
0.227442
0.296307
0.128158
0.131647