0.360725
0.255861
0.217971
0.184566
0.312797
0.350551
0.227560
0.367383
0.264402
0.362154
0.247293
0.406836
0.381778
0.201744
0.266386
0.161489
0.374534
0.296714
0.501187
0.339039
0.329207
0.339780
0.509449
0.282519
0.291240
0.144872
0.147927
0.127733
0.201575
0.224976
0.204450
0.142054
0.278670
0.510811
0.162166
0.182727
0.152778
0.191615
0.239820
0.116110
0.290720
0.226954
0.097503
0.094169
0.301492
0.250772
0.393334
0.153390
0.113541
0.142904
0.121660
0.137038
0.205992
0.273028
0.266345
0.136407
0.123518
0.195711
0.182521
0.146494
0.131413
0.180313
0.119370
0.095126
0.444591
0.262046
0.172253
0.085032
0.256805
0.233456
0.090774
0.227910