0.081842
0.125678
0.194690
0.158452
0.330738
0.266902
0.170888
0.200986
0.130709
0.231070
0.247654
0.383218
0.430379
0.284210
0.086721
0.091941
0.360571
0.365357
0.159916
0.237744
0.187681
0.462746
0.184840
0.199481
0.240686
0.178381
0.211785
0.204591
0.152158
0.103586
0.223270
0.452906
0.184113
0.218743
0.217154
0.427555
0.261397
0.433176
0.402402
0.255351
0.189219
0.414762
0.096873
0.195684
0.228571
0.171062
0.213831
0.124563
0.134905
0.212901
0.123044
0.175535
0.231540
0.288148
0.205578
0.131597
0.037541
0.176416
0.160771
0.163887
0.100128
0.218478
0.283147
0.477850
0.244325
0.472877
0.460355
0.206448
0.447467
0.208843
0.090756
0.128036