0.106047
0.135241
0.255458
0.434608
0.264357
0.231697
0.278251
0.192466
0.290935
0.306971
0.236625
0.333168
0.280752
0.432518
0.139736
0.166210
0.156984
0.406206
0.387186
0.276210
0.433543
0.228419
0.221720
0.250598
0.286770
0.171697
0.168843
0.335101
0.472393
0.295312
0.190698
0.460584
0.166072
0.162284
0.592971
0.242437
0.210914
0.402245
0.304638
0.339728
0.195937
0.251948
0.243583
0.396138
0.270155
0.426867
0.322882
0.180178
0.101067
0.196092
0.406717
0.678677
0.336599
0.326378
0.292080
0.467848
0.224667
0.185877
0.319979
0.394097
0.249337
0.274873
0.227042
0.216659
0.139812
0.316458
0.290756
0.572739
0.283188
0.414091
0.162130
0.393895
0.406239
0.262792
0.217128
0.247370
0.199568
0.244789
0.316360
0.216267
0.171623
0.225311
0.245208
0.154947
0.178583
0.255561
0.680607
0.493460
0.336935
0.623221
0.197382
0.250142
0.383974
0.227426
0.370198
0.255652
0.141233
0.198990