0.242683
0.158515
0.320788
0.273892
0.199288
0.183997
0.307687
0.211852
0.260846
0.190859
0.500322
0.251277
0.302245
0.239588
0.197239
0.219975
0.160688
0.316634
0.110148
0.112454
0.100166
0.291996
0.128376
0.128673
0.159551
0.157114
0.116486
0.220430
0.123454
0.178635
0.173170
0.295694
0.141999
0.137056
0.104220
0.102086
0.219438
0.188885
0.562119
0.366374
0.307775
0.212861
0.316388
0.248803
0.285710
0.211694
0.292291
0.235474
0.337324
0.256902
0.235067
0.437463
0.175049
0.330278
0.133839
0.143251
0.219285
0.206860
0.149960
0.259369
0.108131
0.231623
0.163647
0.283108
0.189846
0.226674
0.232725
0.172788
0.186186
0.182430
0.150278
0.252086
0.367801
0.217363
0.317678
0.498387
0.366453
0.178255
0.311180
0.201888
0.160607
0.117774
0.517922
0.305306
0.295838
0.229847
0.213950
0.439237
0.148567
0.168179
0.159066
0.265749
0.267971
0.270059
0.150417
0.127129
0.488812
0.254082
0.516856
0.296084
0.132675
0.186644
0.277746
0.185427
0.139909
0.179924
0.110004
0.145434
0.380498
0.170473
0.469038
0.282067
0.163874
0.166115
0.504566
0.272324
0.217536
0.172600
0.214971
0.212277
0.139303
0.165130
0.219214
0.335943
0.128371
0.237140
0.272431
0.157335
0.236290
0.282323
0.131291
0.169564
0.168932
0.275783
0.155589
0.228317
0.186777
0.237952
0.164778
0.291396
0.089847
0.144632
0.258176
0.131547
0.146765
0.191499
0.204555
0.304263
0.165801
0.186345
0.158493
0.301449
0.180935
0.235999
0.236609
0.238891
0.331067
0.589073
0.209290
0.184085
0.073703
0.097710