0.288213
0.227612
0.419562
0.335421
0.183630
0.207499
0.203044
0.214998
0.315384
0.278256
0.408050
0.413131
0.309515
0.542397
0.348129
0.310628
0.331455
0.380849
0.254840
0.336815
0.185575
0.174377
0.193261
0.298036
0.111455
0.145686
0.152669
0.292155
0.234330
0.171847
0.269720
0.321251
0.346338
0.187588
0.313768
0.443752
0.276742
0.470321
0.185901
0.291189
0.232925
0.238669
0.349528
0.390850
0.195876
0.165666
0.229572
0.206296
0.257475
0.300546
0.435534
0.358762
0.259884
0.252826
0.273141
0.328277
0.395696
0.324209
0.329475
0.239271
0.256180
0.536543
0.320205
0.435604
0.393059
0.198857
0.164713
0.148341
0.230931
0.346261
0.622640
0.482959
0.525695
0.302788
0.399041
0.616387
0.425167
0.229283
0.685166
0.378361
0.214627
0.174982
0.331799
0.321140
0.162744
0.154876
0.184648
0.198750
0.097029
0.183201
0.401588
0.272716
0.380172
0.237389
0.313067
0.232333
0.310714
0.312825
0.223602
0.230903
0.174040
0.159574
0.479903
0.329992
0.149013
0.128322
0.172308
0.169833
0.447666
0.244948
0.248177
0.272930
0.177060
0.151194
0.213327
0.221714
0.513913
0.304764
0.381566
0.207306
0.332825
0.213513
0.414641
0.589333
0.300297
0.150092
0.332367
0.182562
0.238383
0.275098
0.388823
0.257766
0.153723
0.221521
0.267262
0.284344
0.358720
0.197322
0.295383
0.179746
0.164136
0.159541
0.299796
0.219903
0.278297
0.176646
0.145678
0.141102
0.226118
0.182502
0.328649
0.290913
0.181201
0.219614
0.146182
0.224610
0.307170
0.529934
0.198632
0.234422
0.121599
0.099413
0.232399
0.188795
0.106443
0.091166
0.105683
0.174329
0.127503
0.117834
0.202099
0.175966
0.129199
0.136799
0.333124
0.182638
0.153770
0.399001
0.155509
0.210398
0.202635
0.251216
0.313448
0.371084
0.191905
0.167132
0.382693
0.216415
0.334333
0.607397
0.447041
0.524082
0.284227
0.235486
0.199984
0.343582
0.399214
0.240006
0.230325
0.188058