0.076901
0.163801
0.230476
0.132603
0.181653
0.149711
0.195126
0.160182
0.128404
0.225656
0.230402
0.237981
0.170771
0.294778
0.128046
0.338738
0.227290
0.109519
0.068120
0.183618
0.164062
0.160833
0.196163
0.306045
0.113174
0.199593
0.201282
0.150296
0.117523
0.120333
0.094470
0.162243
0.257353
0.234961
0.220284
0.205738
0.114187
0.113838
0.442401
0.229858
0.307518
0.528707
0.267726
0.450082
0.193323
0.372625
0.211758
0.178140
0.226448
0.240340
0.221197
0.336124
0.197856
0.138915
0.082736
0.124906
0.204813
0.213269
0.231360
0.422737
0.115392
0.147395
0.209644
0.146663
0.257244
0.541747
0.208932
0.439997
0.161618
0.186239
0.171513
0.204315
0.086410
0.092605
0.239509
0.214981
0.169779
0.141856
0.329239
0.154276
0.414402
0.211245
0.176287
0.100893
0.156396
0.208520
0.194280
0.131204
0.295861
0.410939
0.119717
0.260927
0.232488
0.100468
0.162047
0.297050
0.281056
0.212752
0.227010
0.184136
0.306754
0.452144
0.217546
0.437639
0.244308
0.251043
0.243663
0.151217
0.060893
0.065723
0.163173
0.212087
0.101165
0.297318
0.208159
0.449417
0.242970
0.397869
0.205924
0.212428
0.247682
0.110437
0.291488
0.395865
0.184201
0.326144
0.082526
0.127978