0.152562
0.196538
0.167699
0.368473
0.178686
0.238058
0.194054
0.346510
0.261141
0.189956
0.212838
0.404113
0.122272
0.128811
0.260672
0.145559
0.164698
0.189349
0.305535
0.199604
0.181158
0.269090
0.094318
0.194749
0.206297
0.189211
0.183038
0.138256
0.207215
0.190584
0.432600
0.206084
0.117535
0.131040
0.245563
0.147596
0.288408
0.180265
0.154748
0.180155
0.223165
0.257635
0.185690
0.177549
0.072080
0.096742
0.154132
0.193598
0.194733
0.275403
0.166936
0.225800
0.259806
0.142073
0.136798
0.146356
0.160018
0.208350
0.163299
0.201359
0.269684
0.250682
0.199566
0.209196
0.248393
0.302661
0.232782
0.182332
0.262597
0.263078
0.264128
0.224226
0.271343
0.146257
0.146923
0.154068
0.219011
0.194759
0.180220
0.177294
0.252573
0.225475
0.157442
0.200945
0.185834
0.269013
0.173814
0.161740
0.107878
0.179402
0.197914
0.324231
0.126686
0.150710
0.265470
0.157267
0.182930
0.154209
0.185496
0.145462
0.377433
0.198214
0.132649
0.198191
0.163153
0.249637
0.149010
0.137623
0.259211
0.157182
0.104668
0.147181
0.104021
0.120473
0.113350
0.116105
0.163795
0.255727
0.159901
0.287401
0.241048
0.347714
0.239577
0.187411
0.608811
0.451852
0.244218
0.447610
0.213412
0.362727
0.202325
0.306612
0.244731
0.145570
0.182705
0.369698
0.276544
0.508508
0.258240
0.473425
0.293985
0.241384
0.170765
0.232850
0.220992
0.366083
0.205839
0.202266
0.719776
0.323453
0.544455
0.310824
0.170820
0.330073
0.083208
0.084944
0.248483
0.187161
0.229941
0.174970
0.298572
0.231931
0.209532
0.484697
0.435696
0.291441
0.197777
0.187329
0.280046
0.249530
0.274509
0.206700
0.172551
0.163621
0.165378
0.156308
0.343628
0.207719
0.387259
0.189187
0.589833
0.342960
0.120517
0.429529
0.218797
0.349813
0.155403
0.198418
0.263722
0.219651
0.433640
0.277075
0.136332
0.138037
0.147299
0.138977
0.209913
0.182206
0.101003
0.140709