0.101289
0.183457
0.186096
0.104621
0.220548
0.263519
0.111316
0.116997
0.225951
0.251382
0.322577
0.194456
0.133246
0.282481
0.518391
0.323515
0.508197
0.356586
0.311911
0.316106
0.215531
0.200172
0.315040
0.387655
0.715920
0.470748
0.222177
0.440513
0.159562
0.359795
0.187763
0.201957
0.154847
0.195602
0.129883
0.127833
0.306697
0.263048
0.446102
0.230631
0.203214
0.341641
0.238665
0.255135
0.267908
0.259208
0.370764
0.255555
0.316815
0.177232
0.348943
0.359394
0.363405
0.312559
0.276835
0.503121
0.166556
0.185840
0.158098
0.171150
0.242988
0.142977
0.188025
0.098174
0.127639
0.231811
0.267806
0.190266
0.140698
0.157616
0.207374
0.161344
0.233319
0.135032
0.268314
0.438090
0.142533
0.138763
0.297624
0.539671
0.140741
0.272604
0.163852
0.189439
0.398012
0.201121
0.343907
0.216679
0.311723
0.474426
0.104145
0.150759
0.292607
0.269799
0.186745
0.289531
0.127277
0.171856