0.348354
0.228658
0.225213
0.170847
0.261362
0.371986
0.272505
0.262350
0.453645
0.280760
0.321263
0.196393
0.442003
0.298580
0.371203
0.305172
0.190103
0.375498
0.171621
0.124749
0.061245
0.105411
0.150359
0.314094
0.209640
0.181357
0.197467
0.159955
0.260936
0.154601
0.192326
0.194095
0.304409
0.221350
0.157515
0.275779
0.127343
0.154049
0.137401
0.171336
0.082126
0.215971
0.118924
0.224960
0.120618
0.171213
0.185159
0.202131
0.277059
0.148325
0.223383
0.253569
0.111635
0.137827
0.146369
0.120222
0.335593
0.161350
0.152534
0.285813
0.108615
0.174423
0.364045
0.168229
0.213362
0.191160
0.274432
0.186476
0.272371
0.182161
0.146380
0.126486
0.207011
0.155341
0.364641
0.185929
0.189667
0.325535
0.211704
0.156634
0.107472
0.122865
0.240852
0.228622
0.220421
0.380215
0.635576
0.337190
0.166279
0.150763
0.172706
0.134263
0.174278
0.130571
0.168050
0.296817
0.223987
0.194734
0.188778
0.173963
0.078326
0.147180
0.191094
0.187881
0.257013
0.253804
0.140762
0.281199
0.327062
0.158294
0.312347
0.189665
0.290165
0.272059
0.238966
0.446931
0.233703
0.413515
0.455367
0.256441
0.142396
0.153200
0.217321
0.337900
0.134794
0.188665
0.130638
0.127736
0.168360
0.146553
0.282603
0.462556
0.393053
0.215930
0.165027
0.117927
0.162479
0.205381
0.165369
0.161906
0.139056
0.226362
0.248391
0.140961
0.160802
0.222251
0.201148
0.386222
0.563655
0.351006
0.263955
0.497532
0.194485
0.229215
0.324291
0.562829
0.378477
0.225916
0.272494
0.328889
0.115415
0.129962