0.138122
0.125882
0.194250
0.122370
0.227335
0.129406
0.144081
0.356510
0.176307
0.405598
0.421104
0.789250
0.262439
0.216857
0.250648
0.674829
0.410469
0.174070
0.270675
0.547130
0.583591
0.196184
0.086999
0.117750
0.495139
0.176125
0.182563
0.341604
0.146993
0.196097
0.195621
0.397588
0.271360
0.214683
0.179208
0.249778
0.172800
0.099478
0.150325
0.248556
0.184677
0.134170
0.181172
0.125029
0.092133
0.168388
0.165819
0.305263
0.136600
0.190599
0.214596
0.304981
0.438792
0.209945
0.199901
0.236207
0.307270
0.148082
0.141618
0.240707
0.147796
0.197437
0.163744
0.172369
0.181068
0.204985
0.138926
0.256718
0.149789
0.085698
0.265962
0.252718
0.195207
0.381136
0.230731
0.385166
0.225281
0.161314
0.395444
0.195853
0.218834
0.519215
0.204817
0.418884
0.166824
0.241650
0.297770
0.131331
0.113701
0.133727
0.377133
0.139264
0.336245
0.252781
0.555636
0.241684
0.189614
0.378844
0.161784
0.206975
0.149893
0.201356
0.168596
0.201505
0.219192
0.423099
0.546799
0.273198
0.209952
0.107607
0.152556
0.281764
0.229456
0.500873
0.285160
0.190289
0.139219
0.200342
0.274215
0.142864
0.187085
0.158548
0.167801
0.254935
0.205936
0.377439
0.251021
0.235720
0.142606
0.289615
0.296147
0.205609
0.133905
0.213281
0.189161
0.222107
0.160257
0.145437
0.161414
0.223549
0.205663
0.141226
0.097591
0.144601
0.129996
0.198567
0.486537
0.249831
0.182550
0.134365
0.327335
0.166852
0.204439
0.249767
0.122762
0.205825
0.107490
0.173651
0.440782
0.193625
0.211482
0.136216
0.403106
0.204319
0.222262
0.142688
0.173682
0.347743
0.150953
0.196221
0.183538
0.391315
0.257292
0.208500
0.168399
0.268213
0.077210
0.107364
0.157591
0.266324
0.136168
0.184876
0.137107
0.173237
0.151697
0.203535
0.235108
0.187576
0.329306
0.148424
0.313477
0.190353
0.173061
0.227539
0.210761
0.204783
0.121180
0.178204
0.072783
0.146258