0.146905
0.147119
0.214071
0.215512
0.186171
0.371487
0.505536
0.262852
0.273275
0.238111
0.182929
0.378402
0.194454
0.232110
0.266066
0.231397
0.160192
0.227268
0.153723
0.165153
0.418909
0.226222
0.466340
0.324465
0.193072
0.349882
0.197308
0.263477
0.215736
0.248474
0.272152
0.478727
0.093766
0.135758
0.163225
0.183148
0.214843
0.325349
0.318608
0.162102
0.302188
0.200017
0.389480
0.168899
0.222275
0.382677
0.209622
0.422465
0.123109
0.163373
0.317418
0.243522
0.143677
0.219187
0.335511
0.585781
0.257402
0.204021
0.162740
0.277718
0.325095
0.166861
0.247267
0.187323
0.157934
0.241657
0.155357
0.175179
0.234490
0.456997
0.235844
0.369668
0.579166
0.314292
0.227807
0.426499
0.277425
0.311651
0.405359
0.569156
0.379935
0.261721
0.316678
0.214936
0.186953
0.387842
0.202763
0.303972
0.127310
0.104866
0.105641
0.163315
0.307076
0.192942
0.151655
0.090729
0.154276
0.316836