0.102637
0.145578
0.405198
0.163420
0.491584
0.238277
0.264161
0.213172
0.291914
0.258396
0.197506
0.475519
0.599257
0.323342
0.226250
0.272730
0.429793
0.194376
0.584225
0.467192
0.359846
0.244339
0.284617
0.286296
0.300687
0.334376
0.266228
0.575593
0.385270
0.252639
0.341595
0.622549
0.317020
0.198714
0.302886
0.148569
0.166713
0.263076
0.189300
0.199095
0.222987
0.195494
0.217408
0.200002
0.231772
0.100534
0.376267
0.250575
0.176173
0.144887
0.262146
0.267901
0.269243
0.226908
0.199384
0.127752
0.534666
0.366971
0.219691
0.445748
0.244980
0.254421
0.218687
0.231478
0.356680
0.190133
0.280309
0.199615
0.292079
0.220171
0.477154
0.320647
0.176031
0.140208
0.156269
0.233868
0.335150
0.198196
0.225663
0.212937
0.140930
0.154901
0.231088
0.163546
0.151492
0.380004
0.322818
0.211988
0.229128
0.257232
0.103420
0.222510
0.269884
0.508596
0.232666
0.171000
0.133063
0.258563
0.202284
0.147037
0.232333
0.223925
0.268163
0.193149
0.172904
0.264381
0.215325
0.168365
0.121517
0.290720
0.194071
0.333233
0.130537
0.275297
0.134478
0.256908
0.182928
0.312504
0.188371
0.179879
0.239816
0.201699
0.217650
0.146973
0.365912
0.189164
0.104411
0.161911