0.141688
0.150934
0.168812
0.478751
0.434389
0.272467
0.171578
0.513227
0.252316
0.244553
0.338061
0.215360
0.381344
0.217571
0.693555
0.358665
0.201557
0.202153
0.210142
0.391140
0.307269
0.206714
0.223517
0.158468
0.201814
0.326279
0.455108
0.312982
0.127711
0.163029
0.349102
0.234027
0.191089
0.219180
0.316059
0.411458
0.122034
0.088085
0.206553
0.223410
0.420051
0.242888
0.278436
0.205416
0.198242
0.329647
0.265903
0.242726
0.136119
0.187065
0.427769
0.147913
0.155340
0.160972
0.080483
0.172346
0.213124
0.218943
0.197791
0.288963
0.112472
0.151050
0.156914
0.229204
0.185469
0.302763
0.301642
0.276779
0.265440
0.181841
0.167963
0.175747
0.111992
0.256439
0.169693
0.227271
0.197157
0.123465
0.153712
0.238301
0.174337
0.110537
0.148877
0.381682
0.170154
0.262908
0.126601
0.153174
0.187839
0.163719
0.099490
0.251259
0.139492
0.258796
0.193136
0.133395
0.231765
0.234578
0.409971
0.400972
0.247215
0.229029
0.216696
0.251801
0.305684
0.564293
0.295971
0.305867
0.223747
0.148244
0.291110
0.265390
0.512944
0.254885
0.511278
0.744491
0.242150
0.227443
0.140755
0.490539
0.259579
0.238972
0.675571
0.423331
0.205947
0.186744
0.148751
0.152163