0.172303
0.115481
0.396624
0.319735
0.183464
0.178541
0.175350
0.206852
0.191981
0.198765
0.232447
0.221792
0.265790
0.239401
0.227442
0.218001
0.213759
0.237021
0.109992
0.127492
0.141535
0.333908
0.129742
0.131817
0.264241
0.159292
0.144835
0.133916
0.154888
0.147822
0.150426
0.218179
0.131907
0.149741
0.156177
0.150312
0.340004
0.186180
0.352569
0.435366
0.339919
0.229239
0.219664
0.236129
0.241795
0.255183
0.509955
0.278552
0.259408
0.276464
0.300694
0.244191
0.470337
0.278612
0.270126
0.159970
0.355899
0.275998
0.320625
0.170436
0.107414
0.152797
0.174435
0.115552
0.408428
0.199469
0.415655
0.285444
0.245158
0.195083
0.153311
0.274393
0.174257
0.150482
0.398309
0.353514
0.210131
0.188043
0.462341
0.240471
0.110323
0.092329
0.218140
0.163434
0.267195
0.276708
0.501867
0.295591
0.358644
0.486642
0.192322
0.121085
0.294247
0.244411
0.141064
0.092907
0.143226
0.260825
0.312772
0.196112
0.089337
0.201374
0.191577
0.198172
0.208263
0.142855
0.154031
0.249844
0.282814
0.149957
0.719814
0.447366
0.208049
0.400909
0.168963
0.173741
0.203639
0.188286
0.355816
0.197575
0.150782
0.155536
0.291365
0.443060
0.193906
0.259666
0.160708
0.153359
0.245908
0.422980
0.211277
0.181100
0.217403
0.182602
0.227540
0.178458
0.447125
0.252415
0.353536
0.521053
0.103752
0.114594
0.194077
0.271142
0.302948
0.164219
0.332617
0.393065
0.223946
0.202978
0.192730
0.445450
0.268944
0.508638
0.204271
0.227847
0.249917
0.265927
0.202734
0.262228
0.124715
0.114825