0.213416
0.188793
0.816147
0.506939
0.713772
0.155727
0.303337
0.452444
0.174523
0.399891
0.580669
0.828887
0.229039
0.142959
0.217442
0.160711
0.222313
0.458139
0.165396
0.097102
0.159562
0.254889
0.136458
0.426148
0.108333
0.353106
0.041951
0.093527
0.650664
0.461600
0.426963
0.130944
0.133242
0.213116
0.306985
0.417367
0.304862
0.669567
0.158644
0.532297
0.248508
0.139362
0.232209
0.220079
0.290148
0.325945
0.204938
0.200600
0.232220
0.148986
0.290410
0.301454
0.434138
0.308626
0.130250
0.153862
0.350457
0.214640
0.319968
0.232331
0.449882
0.264342
0.202192
0.180667
0.227902
0.398307
0.353810
0.256631
0.132415
0.282526
0.344730
0.220692
0.258026
0.329807
0.249465
0.241616
0.192910
0.353223
0.314595
0.190476
0.252636
0.448502
0.145792
0.133554
0.312321
0.387232
0.408704
0.401051
0.299073
0.355947
0.395848
0.381824
0.397824
0.366982
0.509677
0.478665
0.189015
0.150389