0.273127
0.202655
0.192101
0.250061
0.339483
0.186852
0.225482
0.187131
0.290023
0.161954
0.519840
0.306663
0.200864
0.232174
0.538590
0.255201
0.198147
0.391698
0.092191
0.093517
0.451872
0.322511
0.153026
0.294692
0.137216
0.123452
0.184774
0.339599
0.607690
0.151036
0.146324
0.313813
0.174932
0.318043
0.165379
0.140610
0.148946
0.140973
0.141506
0.278552
0.204402
0.102232
0.181543
0.332938
0.156439
0.144593
0.301655
0.477822
0.187729
0.156847
0.198084
0.202088
0.159486
0.225248
0.091427
0.193426
0.155996
0.296936
0.490219
0.249979
0.187832
0.204207
0.210927
0.242761
0.197961
0.372737
0.235482
0.223437
0.197989
0.363468
0.326917
0.559013
0.239096
0.144684
0.202269
0.365860
0.227085
0.200355
0.224986
0.290108
0.150342
0.173008
0.142256
0.168639
0.241546
0.129921
0.156038
0.236711
0.091838
0.091898
0.095995
0.280733
0.138649
0.170511
0.185800
0.228577
0.114968
0.216304
0.576773
0.149288
0.443329
0.320300
0.145566
0.302448
0.268430
0.133924
0.180823
0.335412
0.088115
0.088696
0.152625
0.316480
0.160644
0.158201
0.147428
0.182245
0.154622
0.224446
0.333361
0.173063
0.114318
0.121314
0.274892
0.122586
0.153542
0.168487
0.094045
0.236364