0.547489
0.430848
0.422432
0.238533
0.499931
0.381209
0.387093
0.433522
0.578935
0.246453
0.471308
0.863650
0.473188
0.160885
0.145147
0.125840
0.086891
0.189511
0.209889
0.358424
0.365876
0.218789
0.270017
0.128439
0.198603
0.311951
0.167969
0.098666
0.065615
0.080134
0.075600
0.092935
0.139654
0.396536
0.184248
0.235846
0.056411
0.090254
0.185657
0.129147
0.068778
0.169199
0.279089
0.158234
0.352495
0.154859
0.419909
0.685111
0.296179
0.285111
0.315980
0.158782
0.207421
0.305562
0.163365
0.126727
0.387395
0.156638
0.267981
0.534489
0.441410
0.356898
0.332872
0.372855
0.402423
0.210106
0.171728
0.381977
0.332221
0.133697
0.097434
0.276735
0.207096
0.152561
0.263421
0.396252
0.291108
0.234455
0.108407
0.174276
0.097469
0.251094
0.121079
0.289706
0.381371
0.162507
0.241580
0.513654
0.476696
0.220336
0.367094
0.566872
0.198808
0.156986
0.167221
0.321402
0.104406
0.147450