0.095244
0.324623
0.125419
0.100084
0.187855
0.119091
0.082367
0.067110
0.151355
0.122392
0.090385
0.181308
0.352447
0.098930
0.108318
0.117307
0.614305
0.324178
0.203257
0.140014
0.598016
0.270854
0.213109
0.359158
0.480637
0.226923
0.146807
0.152375
0.151607
0.194604
0.104120
0.084812
0.237538
0.155539
0.152787
0.154805
0.353082
0.272765
0.463124
0.252626
0.335857
0.323608
0.240723
0.137778
0.348463
0.270556
0.515243
0.367890
0.543571
0.258136
0.411339
0.280772
0.320074
0.169080
0.146965
0.123918
0.128880
0.144904
0.173264
0.178794
0.261328
0.246126
0.200292
0.182446
0.205089
0.299854
0.187968
0.087039
0.226231
0.235926
0.085980
0.113633