0.121669
0.187244
0.190162
0.305666
0.192137
0.182986
0.128663
0.134849
0.278042
0.273710
0.373245
0.188348
0.151751
0.166506
0.227020
0.156680
0.075155
0.096959
0.201326
0.225680
0.148230
0.171311
0.373083
0.258691
0.195742
0.441379
0.183316
0.174917
0.279840
0.437959
0.221385
0.315112
0.114871
0.124451
0.126420
0.168255
0.405886
0.286783
0.157595
0.206299
0.134970
0.213923
0.274961
0.432212
0.175806
0.208882
0.198760
0.276522
0.081976
0.078834
0.286989
0.465083
0.233375
0.191156
0.464786
0.247471
0.208083
0.202613
0.385222
0.196125
0.494348
0.285344
0.174630
0.352320
0.260449
0.169884
0.202530
0.418623
0.199437
0.414423
0.192435
0.367719
0.120470
0.190004
0.438383
0.329500
0.199707
0.287377
0.229088
0.395488
0.094964
0.193620
0.175247
0.190593
0.183419
0.237372
0.199493
0.385567
0.219081
0.264071
0.396429
0.204731
0.245049
0.410722
0.236789
0.154724
0.077295
0.133324