0.390827
0.465854
0.197236
0.160249
0.261455
0.478836
0.298668
0.695620
0.261790
0.376343
0.158289
0.426692
0.334900
0.289507
0.376444
0.228525
0.432384
0.216612
0.159688
0.391016
0.723424
0.594901
0.327531
0.480967
0.220924
0.358691
0.426108
0.585785
0.674672
0.476401
0.184254
0.513587
0.342677
0.550049
0.729551
0.575041
0.485521
0.275392
0.108035
0.215865
0.425835
0.480349
0.472755
0.522368
0.255678
0.332257
0.335288
0.411088
0.323931
0.405718
0.234450
0.290092
0.282086
0.270841
0.484155
0.458196
0.363096
0.337460
0.298260
0.370460
0.406565
0.640205
0.316265
0.550202
0.345821
0.281899
0.516374
0.464407
0.517935
0.708382
0.653204
0.470800
0.355619
0.376392
0.295638
0.513297
0.494220
0.691181
0.582884
0.285540
0.426838
0.404549
0.477705
0.507726
0.226513
0.347352
0.574184
0.416362
0.293596
0.546380
0.301374
0.479874
0.160472
0.406203
0.436218
0.429711
0.640700
0.588129
0.356684
0.278211
0.439486
0.443654
0.486327
0.411892
0.390122
0.238962
0.368364
0.450028
0.383942
0.433290
0.213054
0.335063
0.421320
0.227704
0.509528
0.602796
0.387994
0.555280
0.296279
0.368482
0.526174
0.410382
0.602957
0.504456
0.364469
0.315117
0.247614
0.451003
0.542706
0.432387
0.408794
0.409250
0.338655
0.345624
0.665913
0.471512
0.627231
0.489176
0.288394
0.397627
0.388496
0.390194
0.286546
0.315159
0.217037
0.312973
0.416405
0.428392
0.473984
0.191204
0.295505
0.163364
0.456170
0.335245
0.376644
0.499554
0.238622
0.303848
0.145689
0.371857
0.445803
0.570930
0.476220
0.508249
0.272297
0.279487
0.480514
0.440389
0.334698
0.197973
0.150433
0.290836
0.278371
0.486019
0.464804
0.402129
0.481226
0.450232
0.347473
0.255050
0.418008
0.533976
0.461994
0.549781
0.670106
0.306051
0.495924
0.432493
0.229511
0.458457
0.642370
0.509676
0.323120
0.326814
0.559647
0.441716
0.374127
0.519033
0.206302
0.362339