0.402609
0.298603
0.265766
0.462987
0.461576
0.686372
0.289326
0.482233
0.449536
0.449796
0.313504
0.304991
0.234137
0.313177
0.500862
0.295984
0.292986
0.220335
0.444348
0.243114
0.289579
0.186138
0.404036
0.468360
0.491013
0.255438
0.404206
0.205695
0.421140
0.223734
0.311391
0.157063
0.293659
0.334971
0.240942
0.128206
0.382073
0.413094
0.176253
0.175096
0.311163
0.131642
0.274791
0.202159
0.279455
0.235438
0.447239
0.287169
0.168611
0.154292
0.461991
0.449606
0.267457
0.242053
0.474396
0.268689
0.091543
0.093782
0.087950
0.086212
0.102885
0.175353
0.092505
0.105430
0.289342
0.422273
0.107570
0.193740
0.070857
0.078282
0.289177
0.164621
0.508351
0.355145
0.454252
0.324522
0.255271
0.184349
0.419641
0.492192
0.126112
0.079732
0.220335
0.201362
0.443058
0.203971
0.248127
0.437045
0.448716
0.349474
0.603995
0.319700
0.440526
0.497350
0.284633
0.235890
0.214914
0.221186