0.102981
0.193229
0.098789
0.191767
0.194652
0.157808
0.117149
0.119735
0.140989
0.125398
0.230977
0.157405
0.260590
0.161918
0.278632
0.179933
0.337782
0.388024
0.349229
0.339784
0.173421
0.099891
0.296095
0.301532
0.179441
0.184685
0.208938
0.211074
0.276094
0.261433
0.414479
0.638532
0.340623
0.331576
0.556106
0.464459
0.277994
0.271373
0.137782
0.137115
0.054650
0.078284
0.180445
0.303061
0.163963
0.192359
0.233682
0.159536
0.224215
0.222489
0.175957
0.356231
0.394675
0.436489
0.317700
0.395573
0.187307
0.188742
0.394018
0.551476
0.246377
0.111031
0.219203
0.235760
0.323640
0.610754
0.293044
0.307711
0.847337
0.461167
0.552215
0.504479
0.389896
0.290923
0.178266
0.180690
0.347765
0.472199
0.198295
0.403114
0.326952
0.207720
0.274077
0.401737
0.288909
0.240766
0.309454
0.351676
0.478417
0.530730
0.231193
0.173936
0.084609
0.076002
0.151114
0.123425
0.074478
0.102841
0.100926
0.123256
0.070313
0.182395
0.168502
0.155985
0.161083
0.235782
0.324946
0.369611
0.179068
0.274877
0.090431
0.206277
0.195032
0.195225
0.120319
0.107723
0.255627
0.140399
0.146308
0.205557
0.064716
0.142054
0.195739
0.267195
0.351603
0.402037
0.302383
0.576575
0.142895
0.138954
0.244883
0.280557
0.155603
0.101028
0.159940
0.363756
0.255215
0.501651
0.377364
0.224121
0.124616
0.252923
0.453398
0.399343
0.114049
0.199818
0.100142
0.096424
0.113195
0.212264
0.093363
0.095053
0.102945
0.109537
0.122232
0.075885
0.097434
0.175368
0.117024
0.108916
0.287084
0.450217