0.412933
0.250054
0.347670
0.545482
0.374708
0.532098
0.289285
0.553747
0.340839
0.659903
0.402572
0.363868
0.380822
0.305059
0.277050
0.214106
0.460146
0.295504
0.234226
0.280293
0.168551
0.189876
0.190310
0.230438
0.278808
0.491385
0.227996
0.236228
0.473809
0.211763
0.354396
0.246448
0.363589
0.541458
0.208377
0.390458
0.187069
0.230391
0.200826
0.217213
0.173754
0.161843
0.212292
0.211843
0.139674
0.165525
0.196781
0.182629
0.251493
0.194673
0.291032
0.275922
0.276511
0.259793
0.217941
0.383514
0.188681
0.168540
0.230654
0.367796
0.181495
0.237338
0.260872
0.254128
0.308707
0.486081
0.124946
0.187556
0.293895
0.180004
0.232092
0.368321
0.317056
0.287237
0.405789
0.206893
0.121673
0.250808
0.508454
0.226882
0.149561
0.168394
0.268589
0.238269
0.253932
0.190471
0.239267
0.373078
0.092586
0.218872
0.311507
0.282220
0.216111
0.301337
0.151029
0.197530
0.141810
0.190188
0.174411
0.177673
0.165899
0.275943
0.221030
0.195492
0.226958
0.197840
0.184212
0.183927
0.200842
0.185606
0.151984
0.261710
0.406730
0.289041
0.137384
0.293311
0.175244
0.149251
0.195816
0.189136
0.105478
0.086368
0.175538
0.201158
0.169037
0.161589
0.108399
0.154054
0.123074
0.149240
0.235864
0.374531
0.124618
0.281020
0.129632
0.131289
0.141312
0.099392
0.108517
0.120765
0.233130
0.181094
0.459782
0.290074
0.260848
0.315259
0.252863
0.443203
0.238970
0.291963
0.364729
0.347012
0.535532
0.350107
0.329508
0.247275
0.282211
0.208007
0.281002
0.499771
0.243813
0.411433
0.504287
0.319287
0.303646
0.290797
0.295330
0.524699
0.266384
0.277191
0.420452
0.268256
0.292331
0.373417
0.212216
0.234130
0.325010
0.237799
0.209085
0.260328
0.244383
0.430589
0.292254
0.273798
0.254429
0.301029
0.258398
0.153673
0.289439
0.210890
0.406788
0.662348
0.304546
0.303462
0.242658
0.215392
0.247163
0.482150
0.147622
0.162646