0.107839
0.220803
0.306500
0.247553
0.308764
0.223562
0.168944
0.274338
0.219927
0.142999
0.225261
0.209247
0.189933
0.451232
0.165671
0.330363
0.389277
0.550193
0.158006
0.310131
0.299267
0.080342
0.111840
0.298395
0.366090
0.504837
0.306002
0.213756
0.238812
0.364265
0.195760
0.302482
0.255519
0.391604
0.255357
0.203484
0.301577
0.215636
0.465426
0.709746
0.474587
0.273875
0.136103
0.125803
0.251988
0.518962
0.430056
0.172218
0.222028
0.146103
0.251597
0.151865
0.123863
0.429743
0.095338
0.071187
0.113898
0.187602
0.218282
0.496877
0.206141
0.209412
0.167984
0.303080
0.368776
0.251695
0.332960
0.188783
0.137159
0.165377
0.057345
0.126494