0.082149
0.128441
0.305514
0.432892
0.169957
0.371454
0.125355
0.192100
0.266451
0.223747
0.242320
0.372671
0.254228
0.437679
0.225832
0.405241
0.301509
0.187013
0.178422
0.299604
0.151469
0.155996
0.311823
0.474335
0.342357
0.277013
0.218386
0.180873
0.154704
0.230838
0.346007
0.343879
0.084541
0.160666
0.215320
0.106359
0.285634
0.222720
0.387111
0.257941
0.396697
0.232672
0.318886
0.552701
0.471001
0.436135
0.520756
0.231872
0.396159
0.270808
0.301930
0.333456
0.400974
0.386669
0.311794
0.426530
0.219632
0.300827
0.254121
0.384066
0.141671
0.180262
0.122593
0.216356
0.168544
0.252084
0.306013
0.311567
0.178146
0.277906
0.112692
0.097628
0.241297
0.220650
0.092509
0.196194
0.057042
0.100267
0.245661
0.099422
0.192934
0.364564
0.125415
0.141228
0.168924
0.173928
0.423169
0.334704
0.129643
0.190167
0.195805
0.108288
0.482676
0.265389
0.639990
0.377322
0.154839
0.188885