0.057992
0.206157
0.131451
0.212121
0.154328
0.160240
0.163792
0.229039
0.125822
0.237303
0.201019
0.107983
0.319319
0.508706
0.162938
0.134133
0.329469
0.236272
0.468925
0.254887
0.490745
0.294180
0.177473
0.188414
0.184811
0.225027
0.172038
0.165548
0.088662
0.143092
0.207265
0.229005
0.195345
0.168401
0.138354
0.109019
0.227877
0.459874
0.222990
0.373008
0.085922
0.269114
0.091656
0.203652
0.491857
0.236109
0.087148
0.123959
0.082720
0.228833
0.445050
0.344828
0.135260
0.264441
0.179484
0.136261
0.097638
0.188158
0.134954
0.242942
0.306804
0.263157
0.249571
0.302001
0.394077
0.186355
0.381856
0.625956
0.240367
0.290237
0.303203
0.223219