0.259101
0.385167
0.427826
0.369515
0.398024
0.654580
0.293551
0.273086
0.317973
0.224796
0.208592
0.214834
0.460886
0.464147
0.439656
0.251971
0.421347
0.449270
0.550930
0.337090
0.289351
0.417174
0.265808
0.358433
0.297190
0.406896
0.264201
0.187438
0.282533
0.245277
0.508125
0.227340
0.507891
0.158717
0.424857
0.364296
0.403863
0.441881
0.624691
0.404607
0.415760
0.395525
0.305951
0.452843
0.352585
0.281307
0.245471
0.318246
0.264369
0.474754
0.199342
0.256660
0.314223
0.466769
0.475585
0.620686
0.462349
0.435074
0.225460
0.377980
0.196046
0.403928
0.342754
0.342926
0.301790
0.381179
0.186841
0.247360
0.251737
0.284664
0.371101
0.195671
0.428926
0.418879
0.380471
0.389138
0.336754
0.490516
0.352064
0.271702
0.326066
0.382788
0.351991
0.280128
0.272319
0.412099
0.430488
0.262076
0.225197
0.267490
0.201763
0.291775
0.428027
0.262820
0.409770
0.527084
0.413882
0.457189
0.356090
0.222715
0.263519
0.388163
0.302858
0.341856
0.263946
0.298314
0.233041
0.248553
0.280053
0.220277
0.078996
0.167417
0.415723
0.331223
0.316362
0.337038
0.333940
0.350019
0.283788
0.252275
0.450676
0.660835
0.408557
0.235898
0.359437
0.420899
0.481107
0.255172
0.273364
0.294272
0.241726
0.162293
0.238870
0.414249
0.461482
0.398324
0.434473
0.478465
0.347502
0.287689
0.362034
0.412751
0.753577
0.439433
0.313909
0.376889
0.310625
0.244057
0.448246
0.195413
0.246744
0.154879
0.731957
0.489667
0.219415
0.358375
0.426192
0.434264
0.335978
0.192888
0.326434
0.287919
0.330874
0.323062
0.317208
0.281399
0.257187
0.455564
0.235761
0.224409
0.178364
0.187858
0.342382
0.341872
0.306667
0.321572
0.203986
0.164348
0.243865
0.229436
0.329137
0.358547
0.257646
0.232054
0.155398
0.399163
0.240644
0.189004
0.371036
0.187399
0.432149
0.217934
0.350894
0.191386
0.369314
0.244032
0.380409
0.393972
0.132993
0.268948