0.117786
0.271162
0.267541
0.413649
0.488808
0.297001
0.134478
0.121795
0.121836
0.094174
0.551285
0.352170
0.356920
0.150418
0.217326
0.430435
0.160743
0.166838
0.086716
0.070570
0.074382
0.068471
0.157578
0.289801
0.215598
0.223405
0.634644
0.416323
0.190428
0.201552
0.150136
0.289356
0.275494
0.143529
0.380301
0.261550
0.288146
0.285059
0.358568
0.410256
0.301221
0.333408
0.306152
0.270097
0.192757
0.209916
0.369998
0.375810
0.676180
0.362584
0.428030
0.362654
0.392691
0.229178
0.231782
0.204032
0.213992
0.166920
0.408505
0.287751
0.193928
0.312186
0.370854
0.146377
0.389509
0.178860
0.168924
0.124840
0.189168
0.093576
0.182376
0.322751