0.087083
0.150230
0.269955
0.232332
0.335765
0.126210
0.285429
0.130438
0.194748
0.247853
0.438946
0.280114
0.133045
0.114173
0.038916
0.118097
0.150579
0.074534
0.076985
0.095000
0.178650
0.123585
0.155026
0.109060
0.227398
0.097328
0.360726
0.474469
0.086010
0.132079
0.154951
0.091057
0.232753
0.621271
0.319641
0.511028
0.532894
0.253948
0.598668
0.443302
0.429147
0.200846
0.192019
0.121787
0.241936
0.305203
0.250220
0.271282
0.182599
0.384888
0.249659
0.208002
0.122771
0.217716
0.132921
0.249235
0.054677
0.099585
0.219828
0.169685
0.108659
0.220730
0.237026
0.219414
0.116229
0.108367
0.118627
0.223187
0.237099
0.162799
0.056747
0.093930