0.092112
0.156745
0.188620
0.367806
0.328929
0.124319
0.222505
0.169270
0.257331
0.174925
0.169371
0.330913
0.243417
0.286067
0.139777
0.167718
0.218545
0.191824
0.141738
0.314630
0.208441
0.363342
0.138462
0.158114
0.312496
0.194916
0.240869
0.317372
0.198101
0.421963
0.561245
0.299749
0.093113
0.315674
0.188219
0.398579
0.148390
0.155737
0.353308
0.278919
0.197158
0.406504
0.468391
0.176872
0.227219
0.381336
0.355248
0.157209
0.116702
0.148453
0.151456
0.179161
0.382191
0.650666
0.311634
0.327615
0.197015
0.255649
0.329626
0.368672
0.284892
0.333414
0.327065
0.474186
0.207758
0.164882
0.349671
0.297510
0.411512
0.278081
0.239142
0.405396
0.352931
0.282039
0.291548
0.535433
0.183748
0.252278
0.314365
0.153362
0.203296
0.249597
0.643916
0.314226
0.155096
0.194975
0.267545
0.270657
0.157794
0.483671
0.166581
0.200440
0.214301
0.099911
0.220413
0.255479
0.134397
0.194482