0.140944
0.193811
0.213735
0.114127
0.129729
0.150316
0.184440
0.197499
0.187444
0.128195
0.214601
0.187951
0.141704
0.183175
0.380699
0.323514
0.236063
0.163120
0.206023
0.257709
0.277323
0.241302
0.237104
0.227348
0.316186
0.226282
0.340488
0.527059
0.391304
0.352423
0.193751
0.190399
0.319812
0.194982
0.594548
0.272760
0.214249
0.570267
0.279980
0.224786
0.339716
0.528466
0.296537
0.226305
0.108573
0.212539
0.194031
0.104706
0.092535
0.203356
0.170348
0.420828
0.206437
0.202583
0.225765
0.249313
0.212003
0.382164
0.082613
0.100197
0.159513
0.095878
0.131227
0.137583
0.113638
0.270397
0.127173
0.319586
0.206059
0.140763
0.312710
0.213347
0.131818
0.124285
0.359726
0.129795
0.387011
0.167490
0.266289
0.159975
0.128919
0.192183
0.144046
0.235268
0.233353
0.346795
0.135180
0.164438
0.158623
0.206129
0.155470
0.247934
0.420724
0.197970
0.241020
0.481991
0.089795
0.143965