0.355872
0.278205
0.551659
0.476483
0.366300
0.532490
0.432141
0.408738
0.503810
0.333640
0.404297
0.396050
0.503922
0.352141
0.302519
0.488757
0.266941
0.136682
0.306781
0.400518
0.493890
0.250819
0.552885
0.293956
0.195651
0.256513
0.385688
0.504273
0.487925
0.278235
0.315610
0.567026
0.174052
0.167413
0.545346
0.385109
0.166855
0.538526
0.374490
0.514804
0.247645
0.497876
0.124831
0.527444
0.450568
0.322756
0.352783
0.570128
0.155841
0.145151
0.259217
0.325341
0.187721
0.130791
0.163954
0.383732
0.177438
0.329217
0.508473
0.334705
0.449732
0.177289
0.207320
0.273992
0.199161
0.160148
0.454687
0.284222
0.642614
0.241469
0.385872
0.422853
0.154006
0.226592
0.247661
0.416511
0.445816
0.412541
0.465671
0.397971
0.147156
0.156048
0.375296
0.386396
0.523930
0.211219
0.353517
0.516286
0.257415
0.181390
0.185166
0.417794
0.427535
0.467894
0.272612
0.111118
0.191973
0.178147
0.298294
0.376335
0.210659
0.538693
0.537908
0.234489
0.190247
0.379826
0.438750
0.208134
0.181973
0.458027
0.494941
0.579254
0.310126
0.179691
0.530070
0.382116
0.658995
0.352076
0.201735
0.389134
0.415403
0.146336
0.226711
0.413316
0.214753
0.230586
0.388944
0.390202