0.085524
0.191243
0.348151
0.160531
0.135450
0.156387
0.139173
0.125897
0.239320
0.308660
0.115950
0.197301
0.217828
0.240021
0.182770
0.266276
0.256388
0.149478
0.195213
0.139320
0.145356
0.258342
0.156446
0.124656
0.151487
0.127648
0.223452
0.241786
0.092935
0.114578
0.232696
0.375873
0.238584
0.453243
0.124199
0.110328
0.192118
0.501105
0.526971
0.708366
0.105703
0.140151
0.177343
0.381038
0.408874
0.245226
0.143947
0.103581
0.275376
0.257976
0.323735
0.219946
0.329800
0.190379
0.444393
0.139552
0.422647
0.195564
0.192140
0.373069
0.100738
0.123554
0.267232
0.348389
0.101061
0.114470
0.236226
0.263942
0.220552
0.311005
0.178970
0.290482
0.125927
0.246751
0.209183
0.379503
0.309001
0.128032
0.111676
0.257785
0.120029
0.182276
0.234552
0.114652
0.228251
0.215880
0.194616
0.201812
0.162391
0.280295
0.209926
0.256515
0.338834
0.400877
0.231831
0.162364
0.181077
0.357320
0.359405
0.309167
0.149740
0.091582
0.251338
0.325516
0.544937
0.315253
0.189552
0.204201
0.183602
0.188062
0.305964
0.229331
0.155376
0.173510
0.149127
0.165577
0.276000
0.261839
0.100633
0.219049
0.108415
0.170265
0.424289
0.287219
0.135072
0.136217
0.111797
0.229616
0.372856
0.245764
0.293442
0.116209
0.092580
0.135970
0.545872
0.259999
0.126092
0.090358
0.231297
0.372437
0.149899
0.252122
0.148987
0.268822
0.240665
0.220153
0.372360
0.360041
0.164584
0.212460
0.324864
0.181285
0.298587
0.353298
0.299444
0.152956
0.364509
0.596597
0.252328
0.264884
0.218193
0.130863