0.077715
0.179224
0.363008
0.247468
0.163126
0.205303
0.477042
0.246804
0.300110
0.318062
0.246107
0.362230
0.103509
0.182441
0.180313
0.097289
0.211916
0.126650
0.359031
0.197403
0.141309
0.098130
0.193187
0.198767
0.279779
0.246481
0.385604
0.387195
0.384667
0.389139
0.128427
0.132438
0.166762
0.159388
0.203414
0.197592
0.136188
0.165874
0.285196
0.289330
0.073413
0.124555
0.209909
0.222579
0.359776
0.206530
0.292596
0.280550
0.180540
0.100526
0.128970
0.279856
0.162753
0.246588
0.144053
0.152615
0.278850
0.247990
0.171584
0.179922
0.115055
0.182014
0.254072
0.269887
0.248953
0.278110
0.105443
0.118426
0.289021
0.139813
0.199682
0.156220
0.179948
0.183671
0.386888
0.388473
0.412086
0.214173
0.263789
0.265659
0.157738
0.103208
0.388407
0.389181
0.130684
0.130969
0.162682
0.160083
0.175402
0.220978
0.201410
0.362151
0.382043
0.388745
0.197862
0.192341
0.248349
0.275922
0.385551
0.388899
0.143216
0.100287
0.135108
0.125228
0.158750
0.165236
0.196707
0.200116
0.301523
0.543749
0.423431
0.425260
0.309364
0.216824
0.269393
0.390934
0.435015
0.413029
0.427032
0.421779
0.153623
0.098500
0.239794
0.518613
0.289677
0.567782
0.217573
0.149503
0.313656
0.301006
0.172450
0.225067
0.293364
0.215895
0.288875
0.328579
0.301129
0.315529
0.099612
0.195411
0.062537
0.128342
0.246089
0.122258
0.208930
0.160901
0.340795
0.324771
0.278066
0.487414
0.278154
0.236412
0.331886
0.336695
0.322791
0.344298
0.096575
0.130573
0.204974
0.111103
0.097661
0.161085