0.133508
0.389205
0.247502
0.226964
0.244296
0.170520
0.156717
0.336352
0.133232
0.246945
0.213871
0.228138
0.506219
0.322472
0.200017
0.263680
0.459220
0.638409
0.186776
0.218579
0.235306
0.249010
0.171158
0.318365
0.515451
0.330613
0.280137
0.205629
0.267960
0.234845
0.294117
0.286725
0.198097
0.458827
0.523639
0.329786
0.158265
0.213637
0.165162
0.418889
0.285006
0.397198
0.613835
0.254754
0.380153
0.187407
0.288496
0.568646
0.504974
0.303716
0.255626
0.348172
0.340815
0.610762
0.516535
0.433467
0.656763
0.456483
0.229021
0.349910
0.282711
0.413184
0.380122
0.235503
0.341702
0.282723
0.271408
0.261615
0.178848
0.198178
0.146051
0.238971
0.141142
0.269096
0.201306
0.225772
0.197714
0.361562
0.472351
0.283425
0.149922
0.395472
0.262900
0.208429
0.214313
0.210993
0.139564
0.373090
0.268575
0.358599
0.130280
0.219001
0.605868
0.301899
0.278262
0.242155
0.329162
0.526181
0.270040
0.374644
0.391958
0.243666
0.165429
0.315565
0.219609
0.344352
0.252832
0.211790
0.208695
0.267527
0.411637
0.298716
0.356121
0.156759
0.156092
0.319806
0.173878
0.143335
0.334301
0.091739
0.270450
0.225227
0.115432
0.329200
0.134007
0.255033
0.161364
0.330775