0.069631
0.139515
0.139787
0.116479
0.186291
0.211946
0.238369
0.155713
0.269379
0.146139
0.123229
0.245952
0.509257
0.291344
0.315470
0.197596
0.251501
0.262231
0.284051
0.271252
0.172934
0.195629
0.186843
0.155322
0.199791
0.175840
0.227169
0.123794
0.087768
0.146839
0.226417
0.223913
0.187490
0.364978
0.263904
0.155940
0.201726
0.155242
0.118004
0.125928
0.217805
0.173082
0.041635
0.100238
0.125101
0.125271
0.104995
0.258743
0.195406
0.231234
0.155002
0.141550
0.248518
0.559929
0.235397
0.255672
0.088688
0.072185
0.317652
0.178955
0.234859
0.374813
0.138489
0.130343
0.192868
0.227155
0.206116
0.502973
0.295053
0.171739
0.077936
0.124664