0.100482
0.185544
0.162370
0.341922
0.408911
0.196790
0.197060
0.290191
0.192865
0.222115
0.151294
0.325582
0.157459
0.150957
0.127062
0.204572
0.157711
0.299216
0.158579
0.177439
0.109405
0.266757
0.144419
0.180302
0.129236
0.197136
0.154409
0.182514
0.278113
0.189782
0.127068
0.146454
0.166362
0.133840
0.302018
0.133342
0.146174
0.155062
0.177726
0.279392
0.076848
0.164933
0.175582
0.127535
0.159865
0.168463
0.119697
0.296986
0.105973
0.117186
0.091480
0.167911
0.203604
0.208656
0.513565
0.240806
0.280258
0.447962
0.269905
0.229049
0.525965
0.417884
0.273117
0.538609
0.274674
0.384885
0.435329
0.242563
0.190229
0.412205
0.263144
0.433409
0.188993
0.485550
0.759719
0.409395
0.189953
0.258181
0.202223
0.381481
0.133412
0.181271
0.366178
0.159971
0.128743
0.186127
0.192441
0.108094
0.767527
0.356187
0.141790
0.196510
0.321089
0.210894
0.321200
0.227664
0.151372
0.198711
0.212796
0.165181
0.108857
0.257938
0.138254
0.136026
0.189821
0.116499
0.299052
0.199622
0.553171
0.260669
0.249095
0.466747
0.512639
0.291526
0.390840
0.257825
0.318630
0.599158
0.433749
0.807502
0.248043
0.174983
0.261076
0.510553
0.242799
0.444489
0.255051
0.195630
0.386697
0.212972
0.340448
0.242402
0.156733
0.307768
0.263096
0.119880
0.352722
0.160338
0.099975
0.203883
0.094024
0.146810
0.363198
0.201487
0.165432
0.197638
0.370307
0.136843
0.196512
0.394210
0.171295
0.264717
0.211310
0.149160
0.324559
0.177755
0.155374
0.301160
0.350442
0.162304
0.131000
0.221581