0.132540
0.144632
0.637040
0.340849
0.127567
0.294552
0.296136
0.217206
0.233781
0.336181
0.225061
0.213183
0.219096
0.427571
0.194344
0.138675
0.095906
0.204329
0.114333
0.104555
0.210740
0.150843
0.215318
0.272350
0.160549
0.136157
0.136413
0.192209
0.370152
0.568682
0.272460
0.411672
0.285835
0.184543
0.378168
0.634945
0.362264
0.328132
0.250644
0.256446
0.534650
0.294105
0.205601
0.283730
0.241416
0.234109
0.117299
0.169330
0.145320
0.225937
0.212579
0.243374
0.180287
0.275701
0.178621
0.203402
0.290526
0.158156
0.240919
0.216442
0.128654
0.115604
0.199908
0.193308
0.082264
0.267656
0.118069
0.193400
0.170346
0.175334
0.250140
0.241284
0.339287
0.316630
0.196978
0.200531
0.545378
0.283873
0.431121
0.776523
0.487016
0.326694
0.252747
0.382050
0.145376
0.210653
0.129791
0.276383
0.095551
0.066477
0.091649
0.203367
0.296632
0.151035
0.117859
0.187024
0.063810
0.167156