0.114333
0.245470
0.660453
0.368033
0.225407
0.118438
0.287747
0.156858
0.133807
0.209487
0.444582
0.381608
0.307699
0.425104
0.103545
0.224697
0.166306
0.294467
0.140042
0.174357
0.132570
0.282486
0.141702
0.130946
0.503109
0.244991
0.160592
0.162452
0.241233
0.216482
0.208725
0.365185
0.129745
0.176282
0.168996
0.245857
0.524005
0.187916
0.401681
0.167675
0.110466
0.149962
0.320919
0.189729
0.154366
0.243562
0.413624
0.501852
0.309236
0.459030
0.137507
0.268323
0.350042
0.528919
0.157039
0.115541
0.226072
0.189625
0.122864
0.079596
0.097189
0.265934
0.139930
0.129626
0.268597
0.269994
0.395043
0.543708
0.100489
0.170992
0.196586
0.249586
0.224791
0.562215
0.219843
0.432103
0.132025
0.334462
0.297748
0.589662
0.099185
0.112893
0.353772
0.366771
0.487769
0.294477
0.659711
0.290669
0.332654
0.237698
0.153843
0.212488
0.313738
0.295898
0.162442
0.134568
0.220416
0.232480
0.227951
0.214559
0.185640
0.153204
0.360431
0.341500
0.203378
0.185925
0.340858
0.504343
0.274006
0.161923
0.258795
0.190626
0.128116
0.124999
0.390110
0.195511
0.145321
0.216005
0.182557
0.149746
0.171012
0.360475
0.139632
0.246667
0.154744
0.168682
0.115840
0.257517
0.224944
0.452204
0.148490
0.367065
0.179807
0.312032
0.654522
0.271769
0.361265
0.365452
0.485358
0.341448
0.084853
0.094791
0.347582
0.242557
0.167858
0.167610
0.211083
0.330976
0.273508
0.154696
0.364745
0.232465
0.201447
0.159790
0.213408
0.309816
0.310502
0.356869
0.171991
0.152937
0.115202
0.200341