0.080614
0.230677
0.106149
0.099679
0.146272
0.189914
0.116278
0.119022
0.192887
0.221837
0.051740
0.089073
0.319427
0.282579
0.341571
0.220058
0.272712
0.275642
0.205668
0.200476
0.380414
0.709485
0.138014
0.168391
0.245901
0.240162
0.267793
0.145067
0.118160
0.167672
0.333366
0.222032
0.215346
0.260917
0.140988
0.266708
0.204826
0.315914
0.161450
0.178676
0.548428
0.273849
0.090532
0.097061
0.259785
0.267584
0.329956
0.150028
0.213917
0.206817
0.105274
0.148810
0.205103
0.178073
0.228117
0.146245
0.101242
0.230010
0.084138
0.163276
0.741533
0.192320
0.218956
0.311206
0.246144
0.401797
0.218466
0.325393
0.270948
0.230171
0.116786