0.172528
0.196188
0.109517
0.096814
0.256083
0.272509
0.251618
0.152550
0.095115
0.112737
0.230905
0.174879
0.174708
0.393460
0.276339
0.299872
0.199858
0.141127
0.275001
0.347772
0.273992
0.229054
0.151108
0.161588
0.298435
0.280580
0.277681
0.211197
0.354145
0.187965
0.221026
0.123615
0.209065
0.227921
0.181018
0.210223
0.114111
0.098391
0.421680
0.275070
0.157510
0.214000
0.272141
0.377244
0.139509
0.277785
0.275411
0.285675
0.094951
0.157068
0.089253
0.252885
0.263334
0.345590
0.144477
0.306824
0.384496
0.486063
0.192242
0.212814
0.388613
0.330152
0.365572
0.832408
0.247266
0.129992
0.405778
0.652114
0.700627
0.357090
0.243306
0.334288
0.134479
0.081041
0.150377
0.228079
0.236156
0.089001
0.071818
0.093605
0.109111
0.247735
0.160366
0.153247
0.277345
0.252844
0.191815
0.334283
0.539349
0.295154
0.122493
0.275748
0.157181
0.105690
0.266568
0.486477
0.117701
0.242907