0.086677
0.230810
0.154074
0.227516
0.259934
0.199915
0.168224
0.086253
0.235875
0.142766
0.190778
0.239618
0.255641
0.197619
0.295149
0.250573
0.200283
0.130775
0.276681
0.236554
0.194196
0.124136
0.292359
0.369041
0.194572
0.364166
0.244808
0.172938
0.434985
0.310604
0.376579
0.722920
0.205614
0.426738
0.294367
0.236960
0.177768
0.211586
0.185964
0.178315
0.116373
0.232927
0.100941
0.124371
0.168527
0.284459
0.396621
0.227738
0.255798
0.220765
0.243844
0.265598
0.179020
0.145495
0.304309
0.305819
0.458505
0.621218
0.353439
0.412497
0.295983
0.182400
0.220183
0.266502
0.321729
0.331476
0.434430
0.247542
0.470080
0.232195
0.496711
0.291366
0.618265
0.331777
0.206460
0.309272
0.331433
0.303697
0.244420
0.124920
0.112850
0.140546
0.230435
0.310896
0.321824
0.268815
0.367823
0.309420
0.246757
0.165248
0.145869
0.262262
0.245502
0.177010
0.309576
0.456746
0.157572
0.103928
0.141784
0.293444
0.201885
0.198754
0.182430
0.282586
0.272686
0.337011
0.218763
0.401944
0.200591
0.270591
0.121070
0.237278
0.316352
0.278040
0.190678
0.119112
0.162416
0.244939
0.506330
0.323369
0.178027
0.244971
0.585229
0.418758
0.335932
0.493330
0.148694
0.344630
0.138038
0.179485
0.112390
0.218257
0.141291
0.091973
0.155945
0.257677
0.346952
0.193484
0.203023
0.201877
0.149276
0.396171
0.138900
0.250564
0.282354
0.238112
0.395805
0.270928
0.426948
0.610844
0.152589
0.149358
0.193753
0.179243
0.227339
0.281323
0.278170
0.272478
0.563228
0.373169
0.155597
0.246242