0.102949
0.123839
0.256616
0.105774
0.546517
0.299689
0.177192
0.170367
0.186402
0.195569
0.184524
0.573977
0.220945
0.125906
0.054281
0.133618
0.273638
0.166300
0.183104
0.401489
0.228106
0.367993
0.169317
0.234888
0.172719
0.137429
0.312933
0.154252
0.117482
0.271422
0.274875
0.168796
0.295889
0.172997
0.117120
0.160284
0.181377
0.335172
0.160161
0.287732
0.138672
0.268917
0.057292
0.094435
0.259246
0.072497
0.222401
0.160960
0.129078
0.196754
0.134747
0.185444
0.263962
0.470624
0.424646
0.133032
0.068763
0.112392
0.225590
0.172367
0.220473
0.403170
0.215292
0.401297
0.160778
0.301870
0.159953
0.166517
0.196683
0.164161
0.063715
0.062927