0.163689
0.265997
0.164758
0.130607
0.211757
0.351584
0.167389
0.184279
0.163208
0.211148
0.325444
0.201910
0.321223
0.267033
0.053859
0.120612
0.084924
0.230427
0.632023
0.155576
0.140693
0.419862
0.130473
0.382960
0.256897
0.242518
0.168835
0.373525
0.110065
0.133641
0.187197
0.210897
0.256744
0.144228
0.625508
0.452826
0.313565
0.344751
0.307063
0.168800
0.291659
0.512642
0.110902
0.090835
0.153681
0.506710
0.190768
0.382678
0.279450
0.262200
0.133779
0.153161
0.244785
0.136672
0.096307
0.222972
0.053923
0.211511
0.326175
0.175717
0.299634
0.522395
0.129774
0.294183
0.167412
0.125315
0.167984
0.204915
0.205943
0.117294
0.092510
0.239312