0.112791
0.220087
0.205750
0.217556
0.469656
0.259126
0.098879
0.125354
0.220009
0.131488
0.183582
0.299268
0.415845
0.252593
0.165002
0.215797
0.180751
0.141770
0.092047
0.226522
0.145305
0.164979
0.085721
0.084779
0.088753
0.126282
0.162395
0.167517
0.168414
0.177660
0.176103
0.279613
0.217555
0.177306
0.220706
0.377358
0.131579
0.188611
0.107231
0.120393
0.144320
0.229807
0.179723
0.269179
0.252866
0.163330
0.185691
0.372088
0.139597
0.337991
0.291362
0.236826
0.318992
0.538285
0.087308
0.076763
0.172210
0.272781
0.599033
0.441451
0.330636
0.494872
0.565286
0.291292
0.343681
0.264395
0.343491
0.591140
0.335067
0.246128
0.204206
0.382811
0.435400
0.308794
0.285173
0.325833
0.334083
0.496322
0.241683
0.285181
0.317898
0.523513
0.237008
0.394738
0.163866
0.274931
0.288996
0.151351
0.154393
0.200116
0.126189
0.118871
0.183974
0.272604
0.263098
0.152974
0.209305
0.200636
0.196962
0.134123
0.191399
0.285115
0.149810
0.256364
0.094996
0.198459
0.131065
0.221379
0.153881
0.316052
0.286131
0.190090
0.255289
0.476671
0.230871
0.183638
0.359847
0.249827
0.275303
0.152164
0.126788
0.201172
0.276154
0.371829
0.179038
0.273165
0.165954
0.192727