0.313641
0.244068
0.284063
0.619637
0.302614
0.208700
0.346818
0.343688
0.236690
0.508659
0.236575
0.288031
0.162481
0.217926
0.126797
0.290668
0.271502
0.493126
0.297449
0.519009
0.203808
0.135646
0.229233
0.329598
0.161830
0.271103
0.314149
0.122917
0.083352
0.176602
0.333042
0.165973
0.352458
0.187559
0.219078
0.155679
0.139274
0.142054
0.235384
0.177912
0.244095
0.186501
0.138549
0.225664
0.179360
0.312980
0.218310
0.378527
0.100575
0.161816
0.269775
0.112422
0.185166
0.222484
0.301673
0.248821
0.056934
0.129790
0.481176
0.263717
0.124616
0.232807
0.513542
0.259948
0.490059
0.213838
0.291508
0.196798
0.142549
0.111028
0.094322
0.142056