0.030659
0.090759
0.131855
0.175326
0.302832
0.119850
0.176198
0.106545
0.272839
0.225424
0.280152
0.147868
0.201633
0.224552
0.064545
0.121711
0.250476
0.149729
0.210046
0.353061
0.112980
0.293480
0.254648
0.205337
0.655454
0.249898
0.147403
0.414689
0.109567
0.096552
0.343032
0.161942
0.325438
0.199606
0.590985
0.365469
0.280228
0.196460
0.096894
0.369008
0.385651
0.217478
0.075933
0.099099
0.638880
0.325283
0.274177
0.264992
0.213307
0.191436
0.177031
0.307666
0.157877
0.104187
0.150498
0.135458
0.177182
0.215688
0.280757
0.444404
0.175916
0.078251
0.118879
0.105992
0.069196
0.069788
0.195909
0.089107
0.231117
0.166748
0.076953
0.219504