0.382389
0.249804
0.290641
0.225966
0.345058
0.304859
0.400005
0.349098
0.223656
0.227884
0.250624
0.245363
0.258979
0.492718
0.580064
0.305526
0.284549
0.298151
0.208585
0.175687
0.136078
0.198194
0.248827
0.343535
0.668224
0.381881
0.230735
0.167818
0.205579
0.438527
0.221370
0.381762
0.204794
0.260903
0.184159
0.292549
0.082859
0.080802
0.137396
0.132783
0.095550
0.274125
0.205427
0.221002
0.112097
0.115608
0.141907
0.096754
0.226398
0.124258
0.151006
0.100008
0.181945
0.090334
0.147532
0.283243
0.196771
0.221651
0.165500
0.297628
0.201812
0.283586
0.298985
0.147725
0.124107
0.207654
0.338706
0.193459
0.141401
0.237176
0.163894
0.470474
0.248823
0.185599
0.272649
0.198129
0.399211
0.674651
0.364999
0.269919
0.123429
0.127697
0.238928
0.459594
0.206364
0.204946
0.400875
0.227955
0.280129
0.587287
0.181024
0.201883
0.298299
0.458935
0.365094
0.188852
0.191680
0.405434
0.210492
0.427531
0.116276
0.142061
0.213908
0.361815
0.418507
0.246147
0.304919
0.162952
0.094374
0.164463
0.200882
0.320522
0.239376
0.486509
0.268483
0.319871
0.268707
0.164675
0.188095
0.170869
0.111802
0.250228
0.141238
0.188164
0.205274
0.212275
0.227871
0.151792
0.367770
0.221956
0.263164
0.284256
0.318685
0.302755
0.297223
0.191108
0.176370
0.233611
0.174870
0.375367
0.120817
0.207309
0.194399
0.284696
0.128841
0.119399
0.187798
0.184318
0.311293
0.180788
0.255766
0.281633
0.148326
0.173076
0.193332
0.129878
0.265587
0.180185
0.351620
0.188332
0.114970
0.245053