0.121146
0.228621
0.251376
0.107679
0.173327
0.191856
0.235555
0.191083
0.326299
0.233928
0.169960
0.128990
0.308840
0.191930
0.170610
0.285837
0.286418
0.262652
0.130375
0.262655
0.476760
0.309998
0.477260
0.331505
0.309541
0.279653
0.168705
0.190740
0.267828
0.201817
0.254587
0.360125
0.266001
0.223643
0.162738
0.216906
0.089195
0.152537
0.240385
0.264331
0.215558
0.366448
0.209014
0.374529
0.286486
0.173037
0.253316
0.363760
0.293150
0.438551
0.159173
0.280846
0.249216
0.219944
0.154425
0.234062
0.284339
0.183253
0.182464
0.210523
0.352618
0.224872
0.303529
0.266170
0.267097
0.534438
0.244449
0.498399
0.251867
0.264852
0.263929
0.255573
0.138274
0.314106
0.191945
0.147992
0.157862
0.407664
0.647515
0.376987
0.211317
0.352355
0.298780
0.535784
0.278129
0.331122
0.591764
0.336919
0.764506
0.447580
0.153106
0.130189
0.468125
0.646803
0.437160
0.282789
0.291329
0.232213
0.193729
0.322334
0.233617
0.291696
0.170266
0.292160
0.159619
0.417704
0.260961
0.461447
0.176537
0.159510
0.246997
0.391514
0.239733
0.259274
0.172618
0.395330
0.418204
0.257607
0.172655
0.233315
0.212645
0.344765
0.177886
0.173007
0.192833
0.325441
0.179340
0.295544