0.5641333333333334
0.5995111111111111
0.6844
0.5580444444444445
0.6381777777777777
0.5813333333333334
0.5323555555555556
0.5294222222222222
0.5510666666666667
0.584
0.5465777777777778
0.6167555555555555
0.5576888888888889
0.5437777777777778
0.44964444444444446
0.5467555555555556
0.5722666666666667
0.5352444444444444
0.5671111111111111
0.5646666666666667
0.5678666666666666
0.7091555555555555
0.5358222222222222
0.5603111111111111
0.5675111111111111
0.5556888888888889
0.5471111111111111
0.5675555555555556
0.5564888888888889
0.5775555555555556
0.5171555555555556
0.5518666666666666
0.5644888888888889
0.5472444444444444
0.5528888888888889
0.5453333333333333
0.5558666666666666
0.5597333333333333
0.5601333333333334
0.5672444444444444
0.6108444444444444
0.7194666666666667
0.5607111111111112
0.5648444444444445
0.5521333333333334
0.6568888888888889
0.5684444444444444
0.5650222222222222
0.4991555555555556
0.5724444444444444
0.5829333333333333
0.5605777777777777
0.5419555555555555
0.5410222222222222
0.5529333333333334
0.6255111111111111
0.5732888888888888
0.616
0.5513777777777777
0.5392
0.5616444444444444
0.6670222222222222
0.5635555555555556
0.5540888888888889
0.6036
0.5766666666666667
0.5590666666666667
0.5233333333333333
0.5289777777777778
0.5729333333333333
0.5455555555555556
0.5512888888888889
0.5481333333333334
0.5728888888888889
0.5576888888888889
0.5731111111111111
0.562
0.5539111111111111
0.5744888888888889
0.5711555555555555
0.6915111111111111
0.5701777777777778
0.5587555555555556
0.5479555555555555
0.5160444444444444
0.5415111111111112
0.5758666666666666
0.5331555555555556
0.5577777777777778
0.5725777777777777
0.5503111111111111
0.5715555555555556
0.5601333333333334
0.5369333333333334
0.5590222222222222
0.5697777777777778
0.5624
0.5519555555555555
0.5692444444444444
0.7068888888888889
0.5513777777777777
0.5208888888888888
0.5453777777777777
0.5621777777777778
0.5372888888888889
0.5476888888888889
0.4369777777777778
0.3816888888888889
0.6573333333333333
0.5031555555555556
0.45537777777777777
0.7196888888888889
0.6252888888888889
0.5144444444444445
0.49773333333333336
0.6947555555555556
0.5079555555555556
0.6448888888888888
0.282
0.39973333333333333
0.4544
0.3973777777777778
0.4528
0.4241333333333333
0.5232
0.6433777777777778
0.5372
0.6328888888888888
0.6596444444444445
0.49737777777777775
0.5407555555555555
0.6355111111111111
0.6524444444444445
0.5211111111111111
0.6216444444444444
0.5472888888888889
0.45866666666666667
0.34928888888888887
0.5330666666666667
0.6424
0.5172
0.5944888888888888
0.5132888888888889
0.6076888888888888
0.534
0.608
0.43537777777777775
0.40013333333333334
0.5345333333333333
0.5877777777777777
0.6764888888888889
0.5236444444444445
0.5988444444444444
0.5410666666666667
0.6447111111111111
0.48284444444444446
0.5144888888888889
0.5887111111111111
0.5099555555555556
0.6631111111111111
