0.000021
0.004437
0.000000
0.000463
0.000008
0.000167
0.000000
0.000082
0.000009
0.001217
0.000046
0.000590
0.000007
0.000066
0.000021
0.000165
0.000037
0.016468
0.000000
0.001865
0.000131
0.001456
0.000109
0.000994
0.000447
0.095301
0.000258
0.052364
0.000723
0.011582
0.002815
0.027329
0.005520
0.003499
0.000456
0.000411
0.008533
0.001623
0.001816
0.000409
0.000137
0.000235
0.000051
0.000097
0.000365
0.000104
0.000246
0.000087
0.000083
0.000220
0.000000
0.000025
0.000821
0.000320
0.000321
0.000106
0.000006
0.000144
0.000000
0.000168
0.000461
0.000133
0.001437
0.000831
0.000025
0.003823
0.000000
0.000545
0.000005
0.000116
0.000000
0.000126
0.000000
0.001009
0.000025
0.000738
0.000000
0.000054
0.000007
0.000153
0.000068
0.015184
0.000024
0.002096
0.000047
0.001292
0.000210
0.000916
0.000303
0.091642
0.000259
0.055309
0.000633
0.010940
0.002435
0.028263
0.000328
0.000593
0.000051
0.000121
0.000430
0.000183
0.000101
0.000076
0.000000
0.000055
0.000000
0.000012
0.000019
0.000003
0.000016
0.000036
0.000024
0.000141
0.000000
0.000011
0.000133
0.000017
0.000038
0.000080
0.000013
0.000062
0.000013
0.000149
0.000132
0.000105
0.000321
0.000358
0.000025
0.000774
0.000000
0.000232
0.000000
0.000094
0.000068
0.000057
0.000000
0.000109
0.000000
0.000333
0.000000
0.000029
0.000107
0.000148
0.000007
0.000257
0.000000
0.000122
0.000008
0.000051
0.000082
0.000177
0.000064
0.001474
0.000092
0.003168
0.000048
0.000378
0.002010
0.003365
0.044275
0.008419
0.010600
0.001650
0.066577
0.003991
0.065663
0.001870
0.001230
0.000282
0.001011
0.000243
0.002155
0.000152
0.018162
0.000339
0.000235
0.000194
0.000040
0.000020
0.001424
0.000111
0.001815
0.000156
0.000072
0.000056
0.000034
0.000159
0.000380
0.000048
0.007402
0.000887
0.000078
0.002279
0.000191
0.001029
0.000061
0.000122
0.000756
0.000495
0.000022
0.000550
0.000247
0.001815
0.000002
0.000034
0.001622
0.000892
0.000034
0.000885
0.000033
0.000870
0.000139
0.000084
0.000595
0.000744
0.000234
0.005016
0.000775
0.014597
0.000456
0.000932
0.015483
0.013401
0.025286
0.004683
0.008539
0.001286
0.039831
0.001588
0.071969
0.001491
0.000595
0.000191
0.001181
0.000350
0.001473
0.000133
0.030007
0.000978
0.000107
0.000144
0.000067
0.000043
0.001036
0.000110
0.002619
0.000212
0.000031
0.000045
0.000134
0.000274
0.000550
0.000092
0.018011
0.001831