00000000 0.007350
00000001 0.003263
00000010 0.000050
00000011 0.000000
00000100 0.061163
00000101 0.039363
00000110 0.018787
00000111 0.003225
00001000 0.006925
00001001 0.001762
00001010 0.000075
00001011 0.000013
00001100 0.000350
00001101 0.000025
00001110 0.000188
00001111 0.000013
00010000 0.000025
00010001 0.000000
00010010 0.000000
00010011 0.000000
00010100 0.000063
00010101 0.000000
00010110 0.007950
00010111 0.000125
00011000 0.000025
00011001 0.000000
00011010 0.000063
00011011 0.000000
00011100 0.000000
00011101 0.000000
00011110 0.000075
00011111 0.000000
00100000 0.000362
00100001 0.000150
00100010 0.000000
00100011 0.000000
00100100 0.021275
00100101 0.010313
00100110 0.011875
00100111 0.001300
00101000 0.002213
00101001 0.000612
00101010 0.000050
00101011 0.000000
00101100 0.000075
00101101 0.000000
00101110 0.000125
00101111 0.000000
00110000 0.000087
00110001 0.000000
00110010 0.000100
00110011 0.000000
00110100 0.000200
00110101 0.000000
00110110 0.067037
00110111 0.000463
00111000 0.000450
00111001 0.000000
00111010 0.000438
00111011 0.000000
00111100 0.000025
00111101 0.000000
00111110 0.001713
00111111 0.000000
01000000 0.000175
01000001 0.004137
01000010 0.000000
01000011 0.000050
01000100 0.001412
01000101 0.006812
01000110 0.001650
01000111 0.006650
01001000 0.002737
01001001 0.009900
01001010 0.000063
01001011 0.000063
01001100 0.000000
01001101 0.000075
01001110 0.000013
01001111 0.000075
01010000 0.000112
01010001 0.000063
01010010 0.000125
01010011 0.000063
01010100 0.000087
01010101 0.000112
01010110 0.009088
01010111 0.003500
01011000 0.002250
01011001 0.000325
01011010 0.005575
01011011 0.000125
01011100 0.000000
01011101 0.000000
01011110 0.000287
01011111 0.000125
01100000 0.000063
01100001 0.000250
01100010 0.000000
01100011 0.000037
01100100 0.000275
01100101 0.001138
01100110 0.000925
01100111 0.002600
01101000 0.001250
01101001 0.003687
01101010 0.000025
01101011 0.000000
01101100 0.000025
01101101 0.000063
01101110 0.000000
01101111 0.000025
01110000 0.000338
01110001 0.000200
01110010 0.000838
01110011 0.000250
01110100 0.000350
01110101 0.000225
01110110 0.049725
01110111 0.014725
01111000 0.012863
01111001 0.003587
01111010 0.051638
01111011 0.003687
01111100 0.000037
01111101 0.000025
01111110 0.018712
01111111 0.001388
10000000 0.001813
10000001 0.019037
10000010 0.000000
10000011 0.000063
10000100 0.003775
10000101 0.052413
10000110 0.003488
10000111 0.013850
10001000 0.014488
10001001 0.053062
10001010 0.000175
10001011 0.000325
10001100 0.000325
10001101 0.000737
10001110 0.000262
10001111 0.000412
10010000 0.000013
10010001 0.000037
10010010 0.000000
10010011 0.000000
10010100 0.000025
10010101 0.000025
10010110 0.004000
10010111 0.001225
10011000 0.002662
10011001 0.001038
10011010 0.001162
10011011 0.000300
10011100 0.000000
10011101 0.000013
10011110 0.000212
10011111 0.000100
10100000 0.000025
10100001 0.000500
10100010 0.000000
10100011 0.000013
10100100 0.000162
10100101 0.005525
10100110 0.000338
10100111 0.002887
10101000 0.003275
10101001 0.008988
10101010 0.000087
10101011 0.000175
10101100 0.000112
10101101 0.000112
10101110 0.000025
10101111 0.000075
10110000 0.000075
10110001 0.000000
10110010 0.000063
10110011 0.000000
10110100 0.000025
10110101 0.000050
10110110 0.009388
10110111 0.002625
10111000 0.006587
10111001 0.001625
10111010 0.007463
10111011 0.001313
10111100 0.000087
10111101 0.000025
10111110 0.004300
10111111 0.000200
11000000 0.000000
11000001 0.001750
11000010 0.000000
11000011 0.000075
11000100 0.000000
11000101 0.000438
11000110 0.000000
11000111 0.000500
11001000 0.000663
11001001 0.068587
11001010 0.000000
11001011 0.000225
11001100 0.000000
11001101 0.000063
11001110 0.000013
11001111 0.000175
11010000 0.000000
11010001 0.000138
11010010 0.000000
11010011 0.000100
11010100 0.000000
11010101 0.000025
11010110 0.000612
11010111 0.002675
11011000 0.001262
11011001 0.011675
11011010 0.010537
11011011 0.021163
11011100 0.000000
11011101 0.000025
11011110 0.000175
11011111 0.000550
11100000 0.000000
11100001 0.000075
11100010 0.000000
11100011 0.000000
11100100 0.000013
11100101 0.000000
11100110 0.000000
11100111 0.000013
11101000 0.000138
11101001 0.007088
11101010 0.000000
11101011 0.000000
11101100 0.000000
11101101 0.000025
11101110 0.000000
11101111 0.000037
11110000 0.000037
11110001 0.000237
11110010 0.000075
11110011 0.000387
11110100 0.000000
11110101 0.000050
11110110 0.002213
11110111 0.007175
11111000 0.003037
11111001 0.018787
11111010 0.039900
11111011 0.060850
11111100 0.000000
11111101 0.000025
11111110 0.003350
11111111 0.006788
