000000 0.085683
000001 0.002217
000010 0.000900
000011 0.000050
000100 0.139517
000101 0.018650
000110 0.002567
000111 0.001067
001000 0.003367
001001 0.043033
001010 0.001050
001011 0.001300
001100 0.002750
001101 0.027400
001110 0.001033
001111 0.003317
010000 0.026950
010001 0.000783
010010 0.000850
010011 0.000067
010100 0.059350
010101 0.012150
010110 0.004600
010111 0.001517
011000 0.002367
011001 0.024567
011010 0.000933
011011 0.001017
011100 0.002883
011101 0.021017
011110 0.000983
011111 0.003800
100000 0.003233
100001 0.001267
100010 0.021300
100011 0.003100
100100 0.001267
100101 0.000950
100110 0.024333
100111 0.002200
101000 0.001317
101001 0.004733
101010 0.011717
101011 0.062167
101100 0.000050
101101 0.000717
101110 0.000933
101111 0.026900
110000 0.002933
110001 0.001050
110010 0.027767
110011 0.002917
110100 0.001483
110101 0.001300
110110 0.042450
110111 0.003000
111000 0.001067
111001 0.002833
111010 0.017883
111011 0.139050
111100 0.000067
111101 0.000917
111110 0.002383
111111 0.087917
