0.005371
0.000385
0.028004
0.000438
0.000836
0.005740
0.007363
0.008438
0.015202
0.000290
0.195553
0.000874
0.001063
0.002259
0.019270
0.011700
0.001685
0.000593
0.007441
0.000351
0.000460
0.045889
0.002823
0.042665
0.004018
0.000609
0.046462
0.001386
0.000569
0.015684
0.007213
0.045190
0.010327
0.005483
0.009307
0.000312
0.000953
0.019169
0.001147
0.003660
0.017337
0.003096
0.061629
0.000719
0.000786
0.007284
0.003021
0.005245
0.004536
0.016709
0.002705
0.000607
0.000264
0.159390
0.000580
0.023671
0.005767
0.009757
0.015974
0.002099
0.000369
0.051541
0.001005
0.029730