000000 0.000167
000001 0.022200
000010 0.001333
000011 0.055567
000100 0.002033
000101 0.004250
000110 0.001983
000111 0.001800
001000 0.001667
001001 0.163433
001010 0.012650
001011 0.052067
001100 0.001717
001101 0.001083
001110 0.000317
001111 0.000067
010000 0.000333
010001 0.004367
010010 0.000650
010011 0.003200
010100 0.034417
010101 0.011950
010110 0.031317
010111 0.002383
011000 0.003750
011001 0.028833
011010 0.003183
011011 0.001567
011100 0.039083
011101 0.002600
011110 0.010017
011111 0.000100
100000 0.000150
100001 0.009933
100010 0.002600
100011 0.039633
100100 0.001283
100101 0.002617
100110 0.028283
100111 0.003600
101000 0.002250
101001 0.029983
101010 0.011500
101011 0.035083
101100 0.003533
101101 0.000767
101110 0.004167
101111 0.000167
110000 0.000083
110001 0.000417
110010 0.001283
110011 0.001867
110100 0.050583
110101 0.012700
110110 0.163967
110111 0.001133
111000 0.001350
111001 0.002200
111010 0.004433
111011 0.002233
111100 0.055383
111101 0.001467
111110 0.024050
111111 0.000150
