0000000 0.002986
0000001 0.000114
0000010 0.010314
0000011 0.005257
0000100 0.004171
0000101 0.000700
0000110 0.001057
0000111 0.001871
0001000 0.000529
0001001 0.000086
0001010 0.004157
0001011 0.017843
0001100 0.001214
0001101 0.004157
0001110 0.000443
0001111 0.029957
0010000 0.002186
0010001 0.001371
0010010 0.000986
0010011 0.001857
0010100 0.005786
0010101 0.005629
0010110 0.000229
0010111 0.000871
0011000 0.000514
0011001 0.000429
0011010 0.000214
0011011 0.011571
0011100 0.001057
0011101 0.023729
0011110 0.000043
0011111 0.018871
0100000 0.000071
0100001 0.000029
0100010 0.000714
0100011 0.000771
0100100 0.000200
0100101 0.000171
0100110 0.000157
0100111 0.000429
0101000 0.000943
0101001 0.000257
0101010 0.006500
0101011 0.012157
0101100 0.002057
0101101 0.001843
0101110 0.001457
0101111 0.019643
0110000 0.001357
0110001 0.000429
0110010 0.000157
0110011 0.001500
0110100 0.001714
0110101 0.003914
0110110 0.000000
0110111 0.000771
0111000 0.001857
0111001 0.001743
0111010 0.019357
0111011 0.051229
0111100 0.004886
0111101 0.068586
0111110 0.002857
0111111 0.129743
1000000 0.130000
1000001 0.002629
1000010 0.068200
1000011 0.005300
1000100 0.050429
1000101 0.020043
1000110 0.001743
1000111 0.001543
1001000 0.000829
1001001 0.000014
1001010 0.004071
1001011 0.001586
1001100 0.001414
1001101 0.000186
1001110 0.000386
1001111 0.001157
1010000 0.019914
1010001 0.001500
1010010 0.002057
1010011 0.002114
1010100 0.011843
1010101 0.006486
1010110 0.000286
1010111 0.000771
1011000 0.000271
1011001 0.000114
1011010 0.000114
1011011 0.000243
1011100 0.000714
1011101 0.000657
1011110 0.000014
1011111 0.000057
1100000 0.018371
1100001 0.000086
1100010 0.023300
1100011 0.001029
1100100 0.011614
1100101 0.000229
1100110 0.000429
1100111 0.000229
1101000 0.000871
1101001 0.000243
1101010 0.006743
1101011 0.005714
1101100 0.001571
1101101 0.000957
1101110 0.001443
1101111 0.002614
1110000 0.031971
1110001 0.000357
1110010 0.004014
1110011 0.001271
1110100 0.018614
1110101 0.004343
1110110 0.000029
1110111 0.000614
1111000 0.001757
1111001 0.001229
1111010 0.000729
1111011 0.004957
1111100 0.004814
1111101 0.010729
1111110 0.000129
1111111 0.002786
