0.001304
0.045969
0.001884
0.025775
0.000101
0.007801
0.000375
0.013989
0.021532
0.010575
0.017414
0.008323
0.001028
0.001362
0.004052
0.003749
0.000643
0.013751
0.000181
0.003930
0.000026
0.002421
0.000013
0.002242
0.019624
0.008406
0.010227
0.003794
0.000776
0.001113
0.002116
0.002006
0.000122
0.004388
0.000104
0.000714
0.000131
0.020646
0.000153
0.009549
0.001310
0.000746
0.000553
0.000209
0.001163
0.002296
0.001289
0.002870
0.000076
0.002019
0.000020
0.000205
0.000043
0.009361
0.000028
0.002633
0.001800
0.000695
0.000380
0.000217
0.001579
0.002491
0.001030
0.002320
0.000433
0.004577
0.002605
0.017552
0.000013
0.000933
0.000619
0.008660
0.002169
0.001509
0.009091
0.004171
0.000199
0.000321
0.002554
0.001960
0.000054
0.001943
0.000325
0.003523
0.000005
0.000387
0.000026
0.001819
0.002650
0.001394
0.006775
0.002098
0.000131
0.000207
0.001554
0.001293
0.000080
0.000862
0.000135
0.000681
0.000228
0.006405
0.000276
0.009948
0.000354
0.000153
0.000375
0.000241
0.000492
0.000731
0.001373
0.002438
0.000000
0.000570
0.000000
0.000124
0.000055
0.004658
0.000101
0.003078
0.000430
0.000261
0.000394
0.000068
0.001015
0.001420
0.001632
0.002216
0.000219
0.002150
0.000131
0.001285
0.000000
0.000336
0.000045
0.000424
0.004901
0.001068
0.004476
0.000750
0.000137
0.000072
0.000785
0.000305
0.000392
0.004553
0.000113
0.001318
0.000013
0.000459
0.000019
0.000608
0.022512
0.003990
0.015113
0.002320
0.000985
0.000321
0.002567
0.000958
0.000145
0.001419
0.000016
0.000206
0.000101
0.007861
0.000059
0.002574
0.001830
0.000394
0.000663
0.000176
0.002246
0.001736
0.001546
0.001467
0.000318
0.003202
0.000019
0.000377
0.000315
0.017763
0.000054
0.004101
0.010852
0.001974
0.002996
0.000523
0.012019
0.008577
0.007358
0.004801
0.000198
0.001360
0.001935
0.005470
0.000002
0.000315
0.000310
0.001849
0.002595
0.000570
0.012374
0.001689
0.000218
0.000053
0.002289
0.000731
0.000415
0.002389
0.000900
0.004992
0.000013
0.000362
0.000139
0.002010
0.014016
0.002271
0.039902
0.004241
0.000705
0.000253
0.007939
0.001766
0.000486
0.001954
0.000519
0.001014
0.000987
0.017833
0.001733
0.019171
0.002812
0.000365
0.002518
0.000344
0.006088
0.003743
0.009208
0.005972
0.001269
0.004425
0.000375
0.001172
0.002606
0.042379
0.001231
0.026414
0.013661
0.001928
0.009340
0.000992
0.034522
0.016732
0.034144
0.018792