00000000 0.000013
00000001 0.000050
00000010 0.000000
00000011 0.000025
00000100 0.000000
00000101 0.000063
00000110 0.000000
00000111 0.000112
00001000 0.000000
00001001 0.000000
00001010 0.000000
00001011 0.000000
00001100 0.000000
00001101 0.000000
00001110 0.000000
00001111 0.000000
00010000 0.013200
00010001 0.000125
00010010 0.004025
00010011 0.000175
00010100 0.000112
00010101 0.000013
00010110 0.004325
00010111 0.000138
00011000 0.034337
00011001 0.000675
00011010 0.004763
00011011 0.000150
00011100 0.000000
00011101 0.000013
00011110 0.000350
00011111 0.000087
00100000 0.006275
00100001 0.009450
00100010 0.001025
00100011 0.001500
00100100 0.001175
00100101 0.002300
00100110 0.003250
00100111 0.005700
00101000 0.004125
00101001 0.006738
00101010 0.000362
00101011 0.000663
00101100 0.000013
00101101 0.000162
00101110 0.000000
00101111 0.000275
00110000 0.025125
00110001 0.002288
00110010 0.017050
00110011 0.000525
00110100 0.000588
00110101 0.000338
00110110 0.018325
00110111 0.002100
00111000 0.068275
00111001 0.012125
00111010 0.025750
00111011 0.002162
00111100 0.000037
00111101 0.000125
00111110 0.000788
00111111 0.000713
01000000 0.000063
01000001 0.000138
01000010 0.000000
01000011 0.000013
01000100 0.000000
01000101 0.000162
01000110 0.000087
01000111 0.000262
01001000 0.000025
01001001 0.000162
01001010 0.000013
01001011 0.000050
01001100 0.000000
01001101 0.000000
01001110 0.000000
01001111 0.000063
01010000 0.014762
01010001 0.000037
01010010 0.015625
01010011 0.000138
01010100 0.001700
01010101 0.000013
01010110 0.029188
01010111 0.000463
01011000 0.076838
01011001 0.000600
01011010 0.069550
01011011 0.000450
01011100 0.000125
01011101 0.000050
01011110 0.003625
01011111 0.000500
01100000 0.000025
01100001 0.000000
01100010 0.000000
01100011 0.000000
01100100 0.000013
01100101 0.000000
01100110 0.000400
01100111 0.000212
01101000 0.000000
01101001 0.000013
01101010 0.000000
01101011 0.000000
01101100 0.000000
01101101 0.000000
01101110 0.000000
01101111 0.000000
01110000 0.000000
01110001 0.000000
01110010 0.000125
01110011 0.000000
01110100 0.000000
01110101 0.000000
01110110 0.000175
01110111 0.000037
01111000 0.000325
01111001 0.000063
01111010 0.001000
01111011 0.000025
01111100 0.000000
01111101 0.000000
01111110 0.000000
01111111 0.000025
10000000 0.000063
10000001 0.000000
10000010 0.000000
10000011 0.000000
10000100 0.000050
10000101 0.001050
10000110 0.000000
10000111 0.000387
10001000 0.000000
10001001 0.000212
10001010 0.000000
10001011 0.000000
10001100 0.000000
10001101 0.000112
10001110 0.000000
10001111 0.000000
10010000 0.000013
10010001 0.000000
10010010 0.000000
10010011 0.000000
10010100 0.000025
10010101 0.000025
10010110 0.000000
10010111 0.000000
10011000 0.000162
10011001 0.000225
10011010 0.000000
10011011 0.000000
10011100 0.000000
10011101 0.000037
10011110 0.000000
10011111 0.000025
10100000 0.000262
10100001 0.003600
10100010 0.000037
10100011 0.000212
10100100 0.000500
10100101 0.071788
10100110 0.000650
10100111 0.075700
10101000 0.000338
10101001 0.030500
10101010 0.000025
10101011 0.001613
10101100 0.000112
10101101 0.015750
10101110 0.000063
10101111 0.015900
10110000 0.000063
10110001 0.000000
10110010 0.000000
10110011 0.000000
10110100 0.000050
10110101 0.000000
10110110 0.000188
10110111 0.000075
10111000 0.000438
10111001 0.000150
10111010 0.000025
10111011 0.000025
10111100 0.000037
10111101 0.000000
10111110 0.000112
10111111 0.000050
11000000 0.000612
11000001 0.000975
11000010 0.000125
11000011 0.000013
11000100 0.002162
11000101 0.025650
11000110 0.011813
11000111 0.066888
11001000 0.002037
11001001 0.017925
11001010 0.000313
11001011 0.000700
11001100 0.000525
11001101 0.017100
11001110 0.001975
11001111 0.024500
11010000 0.000237
11010001 0.000013
11010010 0.000125
11010011 0.000000
11010100 0.000913
11010101 0.000375
11010110 0.006888
11010111 0.003563
11011000 0.005825
11011001 0.003425
11011010 0.002563
11011011 0.001112
11011100 0.001362
11011101 0.001063
11011110 0.008950
11011111 0.006562
11100000 0.000150
11100001 0.000275
11100010 0.000013
11100011 0.000013
11100100 0.000138
11100101 0.004913
11100110 0.000588
11100111 0.034925
11101000 0.000188
11101001 0.004350
11101010 0.000025
11101011 0.000025
11101100 0.000050
11101101 0.003288
11101110 0.000175
11101111 0.011862
11110000 0.000000
11110001 0.000000
11110010 0.000000
11110011 0.000000
11110100 0.000013
11110101 0.000000
11110110 0.000013
11110111 0.000000
11111000 0.000025
11111001 0.000000
11111010 0.000025
11111011 0.000000
11111100 0.000025
11111101 0.000000
11111110 0.000025
11111111 0.000063
