0.000194
0.001926
0.000052
0.002283
0.000943
0.102007
0.000101
0.028724
0.001182
0.015135
0.000633
0.022581
0.000552
0.153853
0.000185
0.061464
0.001161
0.000280
0.002113
0.000802
0.008329
0.013848
0.002884
0.005609
0.001694
0.001008
0.003789
0.003601
0.003799
0.015550
0.001790
0.008905
0.003872
0.002196
0.001278
0.000745
0.000814
0.001326
0.000203
0.000531
0.004194
0.008741
0.003544
0.009756
0.000584
0.004610
0.000198
0.003724
0.060368
0.001212
0.207440
0.004482
0.022419
0.006110
0.027697
0.006103
0.023023
0.001275
0.086073
0.006488
0.008973
0.005770
0.012860
0.006416