0000000 0.007571
0000001 0.000114
0000010 0.006743
0000011 0.000014
0000100 0.009829
0000101 0.000029
0000110 0.117429
0000111 0.000643
0001000 0.135729
0001001 0.000957
0001010 0.002943
0001011 0.000086
0001100 0.006857
0001101 0.000143
0001110 0.004643
0001111 0.000057
0010000 0.012071
0010001 0.000014
0010010 0.000986
0010011 0.000014
0010100 0.000486
0010101 0.000000
0010110 0.003557
0010111 0.000029
0011000 0.097943
0011001 0.000257
0011010 0.000200
0011011 0.000100
0011100 0.000143
0011101 0.000000
0011110 0.000029
0011111 0.000000
0100000 0.000200
0100001 0.000029
0100010 0.000171
0100011 0.000043
0100100 0.000686
0100101 0.000014
0100110 0.009329
0100111 0.002171
0101000 0.001714
0101001 0.000686
0101010 0.000100
0101011 0.000057
0101100 0.000286
0101101 0.000129
0101110 0.000071
0101111 0.000014
0110000 0.017271
0110001 0.001157
0110010 0.003600
0110011 0.000229
0110100 0.000400
0110101 0.000029
0110110 0.003443
0110111 0.001029
0111000 0.044500
0111001 0.002471
0111010 0.000529
0111011 0.000129
0111100 0.000086
0111101 0.000000
0111110 0.000014
0111111 0.000014
1000000 0.000014
1000001 0.000014
1000010 0.000000
1000011 0.000043
1000100 0.000129
1000101 0.000414
1000110 0.002143
1000111 0.042843
1001000 0.000886
1001001 0.003871
1001010 0.000043
1001011 0.000286
1001100 0.000286
1001101 0.003800
1001110 0.000929
1001111 0.017271
1010000 0.000100
1010001 0.000029
1010010 0.000114
1010011 0.000300
1010100 0.000014
1010101 0.000086
1010110 0.000900
1010111 0.001814
1011000 0.002214
1011001 0.009671
1011010 0.000043
1011011 0.000729
1011100 0.000057
1011101 0.000129
1011110 0.000114
1011111 0.000357
1100000 0.000000
1100001 0.000071
1100010 0.000000
1100011 0.000171
1100100 0.000029
1100101 0.000171
1100110 0.000143
1100111 0.096200
1101000 0.000057
1101001 0.003629
1101010 0.000000
1101011 0.000386
1101100 0.000029
1101101 0.001329
1101110 0.000029
1101111 0.011943
1110000 0.000100
1110001 0.005300
1110010 0.000114
1110011 0.006729
1110100 0.000100
1110101 0.003486
1110110 0.000886
1110111 0.136186
1111000 0.000829
1111001 0.116843
1111010 0.000043
1111011 0.009657
1111100 0.000043
1111101 0.006614
1111110 0.000100
1111111 0.007171
