0.003824
0.001323
0.000435
0.000240
0.005109
0.001940
0.001682
0.001061
0.021045
0.001803
0.002578
0.000338
0.030451
0.003591
0.011929
0.002254
0.007238
0.001874
0.000653
0.000322
0.008249
0.002721
0.002606
0.001240
0.035420
0.003198
0.004271
0.000393
0.041626
0.005432
0.014640
0.002717
0.000027
0.000242
0.000076
0.000482
0.000082
0.000413
0.000345
0.004710
0.000090
0.000447
0.000220
0.000889
0.000274
0.000422
0.003421
0.010753
0.000070
0.000130
0.000015
0.000205
0.000012
0.000085
0.000100
0.001256
0.000070
0.000171
0.000064
0.000265
0.000073
0.000195
0.000860
0.002603
0.003051
0.002606
0.000283
0.000722
0.001437
0.001733
0.000650
0.001551
0.001737
0.000847
0.000279
0.000136
0.001076
0.000690
0.000562
0.000547
0.016036
0.008115
0.001685
0.001397
0.006438
0.006008
0.002257
0.003287
0.011664
0.003593
0.001246
0.000601
0.006605
0.003247
0.002523
0.001995
0.000354
0.005877
0.000409
0.010595
0.000038
0.002032
0.000823
0.028283
0.000315
0.002176
0.000788
0.004721
0.000090
0.000774
0.001618
0.017893
0.001089
0.010097
0.001303
0.014730
0.000173
0.002971
0.001362
0.033949
0.000506
0.003573
0.000660
0.005850
0.000165
0.001099
0.001596
0.018047
0.001551
0.002681
0.000249
0.000415
0.001743
0.002955
0.000756
0.001898
0.008598
0.004190
0.001034
0.000912
0.009563
0.006501
0.004342
0.003584
0.002447
0.002992
0.000219
0.000451
0.002068
0.003630
0.000562
0.001642
0.012355
0.005668
0.001410
0.000801
0.011108
0.007375
0.003882
0.003190
0.000030
0.001316
0.000056
0.002190
0.000022
0.001041
0.000360
0.011601
0.000283
0.001806
0.000435
0.004346
0.000227
0.001594
0.002380
0.025429
0.000031
0.000351
0.000022
0.000544
0.000000
0.000296
0.000064
0.002867
0.000093
0.000578
0.000124
0.001086
0.000044
0.000342
0.000432
0.005204
0.001176
0.003866
0.000144
0.000785
0.000255
0.001568
0.000093
0.000998
0.000579
0.001123
0.000134
0.000196
0.000178
0.000665
0.000067
0.000520
0.004841
0.011558
0.000433
0.002027
0.000934
0.004529
0.000354
0.002659
0.003632
0.005320
0.000484
0.000882
0.001019
0.002749
0.000553
0.001769
0.000314
0.018473
0.000454
0.025302
0.000022
0.002252
0.000234
0.031912
0.000281
0.006216
0.000533
0.010585
0.000014
0.000834
0.000564
0.018421
0.000561
0.026031
0.000810
0.031729
0.000033
0.002627
0.000404
0.030919
0.000412
0.008067
0.000553
0.011861
0.000048
0.001219
0.000542
0.015894