00000000 0.000500
00000001 0.001275
00000010 0.007137
00000011 0.000625
00000100 0.001063
00000101 0.066475
00000110 0.027225
00000111 0.047087
00001000 0.000000
00001001 0.001613
00001010 0.000050
00001011 0.000138
00001100 0.000138
00001101 0.067700
00001110 0.000013
00001111 0.001150
00010000 0.000200
00010001 0.000037
00010010 0.008812
00010011 0.000188
00010100 0.000387
00010101 0.009375
00010110 0.053312
00010111 0.020525
00011000 0.000000
00011001 0.000050
00011010 0.000000
00011011 0.000000
00011100 0.000000
00011101 0.003288
00011110 0.000013
00011111 0.001300
00100000 0.000287
00100001 0.000687
00100010 0.001250
00100011 0.000188
00100100 0.000037
00100101 0.000325
00100110 0.000000
00100111 0.000013
00101000 0.001400
00101001 0.006812
00101010 0.000188
00101011 0.000475
00101100 0.000237
00101101 0.004938
00101110 0.000000
00101111 0.000000
00110000 0.000000
00110001 0.000013
00110010 0.000725
00110011 0.000125
00110100 0.000000
00110101 0.000000
00110110 0.000013
00110111 0.000013
00111000 0.000000
00111001 0.000037
00111010 0.000000
00111011 0.000000
00111100 0.000000
00111101 0.000000
00111110 0.000000
00111111 0.000000
01000000 0.000000
01000001 0.000100
01000010 0.000037
01000011 0.000100
01000100 0.000237
01000101 0.002112
01000110 0.000050
01000111 0.000212
01001000 0.000000
01001001 0.000000
01001010 0.000000
01001011 0.000000
01001100 0.000037
01001101 0.034138
01001110 0.000000
01001111 0.000000
01010000 0.000175
01010001 0.000362
01010010 0.004925
01010011 0.001400
01010100 0.000925
01010101 0.008063
01010110 0.006175
01010111 0.010675
01011000 0.000025
01011001 0.000000
01011010 0.000013
01011011 0.000000
01011100 0.000013
01011101 0.000500
01011110 0.000025
01011111 0.000000
01100000 0.002263
01100001 0.002225
01100010 0.003050
01100011 0.000100
01100100 0.000112
01100101 0.000525
01100110 0.000000
01100111 0.000050
01101000 0.001362
01101001 0.020325
01101010 0.000000
01101011 0.000100
01101100 0.000000
01101101 0.040063
01101110 0.000000
01101111 0.000050
01110000 0.000562
01110001 0.000287
01110010 0.015975
01110011 0.000487
01110100 0.000087
01110101 0.000588
01110110 0.000438
01110111 0.000063
01111000 0.000125
01111001 0.000675
01111010 0.000000
01111011 0.000162
01111100 0.000100
01111101 0.001325
01111110 0.000013
01111111 0.000050
10000000 0.000125
10000001 0.000000
10000010 0.001475
10000011 0.000037
10000100 0.000175
10000101 0.000013
10000110 0.000612
10000111 0.000075
10001000 0.000100
10001001 0.000525
10001010 0.000487
10001011 0.000112
10001100 0.000538
10001101 0.017000
10001110 0.000362
10001111 0.000562
10010000 0.000100
10010001 0.000000
10010010 0.039538
10010011 0.000013
10010100 0.000087
10010101 0.000013
10010110 0.021175
10010111 0.001075
10011000 0.000063
10011001 0.000013
10011010 0.000513
10011011 0.000037
10011100 0.000150
10011101 0.003000
10011110 0.002425
10011111 0.002325
10100000 0.000050
10100001 0.000025
10100010 0.000625
10100011 0.000025
10100100 0.000000
10100101 0.000013
10100110 0.000000
10100111 0.000037
10101000 0.010963
10101001 0.006050
10101010 0.008313
10101011 0.001063
10101100 0.001463
10101101 0.004625
10101110 0.000400
10101111 0.000162
10110000 0.000000
10110001 0.000000
10110010 0.035250
10110011 0.000025
10110100 0.000000
10110101 0.000000
10110110 0.000000
10110111 0.000000
10111000 0.000200
10111001 0.000025
10111010 0.001563
10111011 0.000400
10111100 0.000063
10111101 0.000063
10111110 0.000125
10111111 0.000013
11000000 0.000000
11000001 0.000000
11000010 0.000013
11000011 0.000013
11000100 0.000025
11000101 0.000000
11000110 0.000063
11000111 0.000000
11001000 0.000000
11001001 0.000013
11001010 0.000000
11001011 0.000000
11001100 0.000112
11001101 0.000638
11001110 0.000013
11001111 0.000000
11010000 0.000025
11010001 0.000000
11010010 0.004562
11010011 0.000125
11010100 0.000500
11010101 0.000112
11010110 0.006387
11010111 0.001475
11011000 0.000063
11011001 0.000013
11011010 0.000362
11011011 0.000050
11011100 0.000188
11011101 0.001538
11011110 0.000725
11011111 0.000262
11100000 0.001200
11100001 0.000025
11100010 0.003300
11100011 0.000000
11100100 0.000000
11100101 0.000000
11100110 0.000013
11100111 0.000000
11101000 0.019725
11101001 0.051575
11101010 0.010013
11101011 0.000212
11101100 0.000275
11101101 0.009163
11101110 0.000025
11101111 0.000188
11110000 0.000963
11110001 0.000000
11110010 0.066988
11110011 0.000200
11110100 0.000112
11110101 0.000037
11110110 0.001388
11110111 0.000000
11111000 0.045300
11111001 0.027125
11111010 0.068488
11111011 0.001213
11111100 0.000700
11111101 0.006650
11111110 0.001325
11111111 0.000638
