0000000 0.055086
0000001 0.000000
0000010 0.000129
0000011 0.000000
0000100 0.084743
0000101 0.000029
0000110 0.000043
0000111 0.000000
0001000 0.003029
0001001 0.000971
0001010 0.000043
0001011 0.000400
0001100 0.010386
0001101 0.004414
0001110 0.000057
0001111 0.000486
0010000 0.008886
0010001 0.000329
0010010 0.000014
0010011 0.000043
0010100 0.006886
0010101 0.000243
0010110 0.000014
0010111 0.000000
0011000 0.006329
0011001 0.027357
0011010 0.000043
0011011 0.002271
0011100 0.009271
0011101 0.039686
0011110 0.000000
0011111 0.000929
0100000 0.003071
0100001 0.000000
0100010 0.016614
0100011 0.000229
0100100 0.012157
0100101 0.000071
0100110 0.019257
0100111 0.000257
0101000 0.000100
0101001 0.000086
0101010 0.000629
0101011 0.000900
0101100 0.001200
0101101 0.000529
0101110 0.002014
0101111 0.002986
0110000 0.022829
0110001 0.000000
0110010 0.032043
0110011 0.000086
0110100 0.024343
0110101 0.000014
0110110 0.021043
0110111 0.000057
0111000 0.001243
0111001 0.006529
0111010 0.001000
0111011 0.027057
0111100 0.002771
0111101 0.014843
0111110 0.000557
0111111 0.024200
1000000 0.024571
1000001 0.000514
1000010 0.015414
1000011 0.002129
1000100 0.026700
1000101 0.001100
1000110 0.006586
1000111 0.001214
1001000 0.000000
1001001 0.021100
1001010 0.000000
1001011 0.023814
1001100 0.000029
1001101 0.030929
1001110 0.000000
1001111 0.022329
1010000 0.003071
1010001 0.001986
1010010 0.000371
1010011 0.000871
1010100 0.001200
1010101 0.000471
1010110 0.000057
1010111 0.000143
1011000 0.000157
1011001 0.020300
1011010 0.000000
1011011 0.011700
1011100 0.000200
1011101 0.018014
1011110 0.000000
1011111 0.003257
1100000 0.001057
1100001 0.000000
1100010 0.039829
1100011 0.008771
1100100 0.001914
1100101 0.000029
1100110 0.025914
1100111 0.006129
1101000 0.000000
1101001 0.000014
1101010 0.000200
1101011 0.006314
1101100 0.000029
1101101 0.000086
1101110 0.000286
1101111 0.008729
1110000 0.000443
1110001 0.000114
1110010 0.004386
1110011 0.011514
1110100 0.000386
1110101 0.000043
1110110 0.000943
1110111 0.003071
1111000 0.000000
1111001 0.000157
1111010 0.000000
1111011 0.085371
1111100 0.000000
1111101 0.000086
1111110 0.000014
1111111 0.053429
