000000 0.000050
000001 0.000283
000010 0.000400
000011 0.000517
000100 0.000883
000101 0.014450
000110 0.001950
000111 0.030783
001000 0.000650
001001 0.001583
001010 0.004767
001011 0.001817
001100 0.000150
001101 0.000533
001110 0.000667
001111 0.000483
010000 0.003467
010001 0.000300
010010 0.013850
010011 0.000467
010100 0.119433
010101 0.074517
010110 0.123900
010111 0.011433
011000 0.026933
011001 0.001300
011010 0.052983
011011 0.000383
011100 0.004950
011101 0.000967
011110 0.004817
011111 0.000300
100000 0.000250
100001 0.004917
100010 0.000750
100011 0.004950
100100 0.000483
100101 0.052083
100110 0.001433
100111 0.026167
101000 0.011467
101001 0.125883
101010 0.074283
101011 0.118900
101100 0.000517
101101 0.013833
101110 0.000367
101111 0.003417
110000 0.000450
110001 0.000700
110010 0.000483
110011 0.000133
110100 0.002283
110101 0.004233
110110 0.001533
110111 0.000550
111000 0.030850
111001 0.001850
111010 0.014183
111011 0.000733
111100 0.000433
111101 0.000483
111110 0.000267
111111 0.000100
