000000 0.162183
000001 0.048767
000010 0.004217
000011 0.001633
000100 0.000917
000101 0.000150
000110 0.002117
000111 0.000783
001000 0.034350
001001 0.116017
001010 0.011250
001011 0.031783
001100 0.000750
001101 0.001867
001110 0.004350
001111 0.010917
010000 0.020100
010001 0.006817
010010 0.003167
010011 0.001500
010100 0.001083
010101 0.000383
010110 0.002033
010111 0.000917
011000 0.002633
011001 0.005017
011010 0.002117
011011 0.005267
011100 0.000983
011101 0.001967
011110 0.003900
011111 0.008033
100000 0.007533
100001 0.003850
100010 0.001700
100011 0.000767
100100 0.005800
100101 0.002850
100110 0.004617
100111 0.002483
101000 0.000967
101001 0.002083
101010 0.000200
101011 0.001033
101100 0.001583
101101 0.003283
101110 0.007183
101111 0.018917
110000 0.010333
110001 0.004533
110010 0.001767
110011 0.000483
110100 0.033433
110101 0.010767
110110 0.118617
110111 0.036350
111000 0.000933
111001 0.001550
111010 0.000217
111011 0.000800
111100 0.001433
111101 0.004133
111110 0.048500
111111 0.162267
