0.022229
0.005678
0.002344
0.002247
0.000745
0.000161
0.000085
0.000158
0.016664
0.020694
0.002084
0.020637
0.000336
0.000524
0.000425
0.002532
0.000996
0.001117
0.000273
0.001371
0.000491
0.000291
0.001727
0.002787
0.000611
0.003135
0.000323
0.008969
0.000129
0.000280
0.001622
0.009139
0.019734
0.006273
0.001790
0.001580
0.000899
0.000275
0.000283
0.000153
0.054482
0.082459
0.005744
0.065959
0.003824
0.004313
0.004125
0.021744
0.000879
0.000885
0.000137
0.000548
0.000403
0.000345
0.002045
0.002527
0.001626
0.009009
0.000480
0.025306
0.000646
0.001795
0.009286
0.052701
0.038927
0.005234
0.003469
0.001018
0.004731
0.000460
0.000980
0.000214
0.009151
0.007540
0.001026
0.002327
0.000905
0.000472
0.000346
0.000360
0.005654
0.002757
0.001318
0.001232
0.047017
0.009881
0.082570
0.022645
0.000849
0.003134
0.000222
0.002096
0.003003
0.002527
0.011020
0.012197
0.015573
0.002632
0.000715
0.000389
0.002820
0.000362
0.000604
0.000227
0.016807
0.016939
0.001291
0.004126
0.002661
0.001654
0.001646
0.002147
0.001464
0.001410
0.000405
0.000238
0.015597
0.004601
0.028424
0.009849
0.001811
0.005723
0.000315
0.002929
0.005372
0.004837
0.021130
0.026962