0000000 0.003357
0000001 0.018086
0000010 0.010871
0000011 0.089200
0000100 0.012543
0000101 0.020857
0000110 0.002143
0000111 0.002443
0001000 0.006800
0001001 0.003314
0001010 0.069243
0001011 0.011257
0001100 0.007371
0001101 0.000529
0001110 0.000386
0001111 0.000043
0010000 0.000200
0010001 0.001843
0010010 0.002157
0010011 0.054229
0010100 0.035157
0010101 0.080471
0010110 0.007614
0010111 0.015314
0011000 0.000071
0011001 0.000000
0011010 0.002957
0011011 0.000000
0011100 0.002714
0011101 0.000057
0011110 0.000371
0011111 0.000000
0100000 0.000029
0100001 0.000371
0100010 0.000086
0100011 0.001943
0100100 0.000014
0100101 0.000786
0100110 0.000029
0100111 0.000029
0101000 0.002700
0101001 0.001143
0101010 0.013129
0101011 0.007114
0101100 0.006014
0101101 0.000271
0101110 0.000157
0101111 0.000014
0110000 0.000000
0110001 0.000086
0110010 0.000071
0110011 0.000586
0110100 0.000686
0110101 0.001029
0110110 0.000114
0110111 0.000086
0111000 0.000114
0111001 0.000114
0111010 0.000586
0111011 0.000143
0111100 0.001686
0111101 0.000114
0111110 0.000143
0111111 0.000000
1000000 0.000000
1000001 0.000114
1000010 0.000114
1000011 0.001914
1000100 0.000086
1000101 0.000743
1000110 0.000071
1000111 0.000029
1001000 0.000043
1001001 0.000171
1001010 0.000971
1001011 0.000843
1001100 0.000786
1001101 0.000071
1001110 0.000057
1001111 0.000000
1010000 0.000000
1010001 0.000243
1010010 0.000371
1010011 0.006043
1010100 0.006729
1010101 0.013314
1010110 0.001314
1010111 0.002600
1011000 0.000043
1011001 0.000029
1011010 0.000671
1011011 0.000000
1011100 0.001386
1011101 0.000043
1011110 0.000271
1011111 0.000000
1100000 0.000000
1100001 0.000357
1100010 0.000086
1100011 0.002671
1100100 0.000014
1100101 0.002671
1100110 0.000029
1100111 0.000086
1101000 0.015014
1101001 0.007329
1101010 0.079871
1101011 0.035957
1101100 0.051971
1101101 0.002386
1101110 0.002029
1101111 0.000214
1110000 0.000014
1110001 0.000486
1110010 0.000329
1110011 0.006457
1110100 0.009900
1110101 0.070200
1110110 0.003486
1110111 0.007429
1111000 0.002714
1111001 0.002643
1111010 0.021300
1111011 0.013186
1111100 0.088414
1111101 0.009843
1111110 0.017429
1111111 0.003686
