00000000 0.000138
00000001 0.000350
00000010 0.000188
00000011 0.000025
00000100 0.000138
00000101 0.000225
00000110 0.000375
00000111 0.000063
00001000 0.000100
00001001 0.028913
00001010 0.003112
00001011 0.002563
00001100 0.000000
00001101 0.000550
00001110 0.002000
00001111 0.001275
00010000 0.018475
00010001 0.011425
00010010 0.074925
00010011 0.000013
00010100 0.000188
00010101 0.000375
00010110 0.000250
00010111 0.000000
00011000 0.016450
00011001 0.018312
00011010 0.038837
00011011 0.002275
00011100 0.000025
00011101 0.000075
00011110 0.000138
00011111 0.000025
00100000 0.000000
00100001 0.000100
00100010 0.000000
00100011 0.000000
00100100 0.000212
00100101 0.018113
00100110 0.002638
00100111 0.004725
00101000 0.000000
00101001 0.002112
00101010 0.000125
00101011 0.000087
00101100 0.000025
00101101 0.107088
00101110 0.002950
00101111 0.018150
00110000 0.000438
00110001 0.000450
00110010 0.000325
00110011 0.000000
00110100 0.000600
00110101 0.000788
00110110 0.003162
00110111 0.000075
00111000 0.000300
00111001 0.000737
00111010 0.000513
00111011 0.000075
00111100 0.000000
00111101 0.000000
00111110 0.000013
00111111 0.000000
01000000 0.000025
01000001 0.000287
01000010 0.000037
01000011 0.000000
01000100 0.000287
01000101 0.000838
01000110 0.000287
01000111 0.000000
01001000 0.000237
01001001 0.010000
01001010 0.000237
01001011 0.000037
01001100 0.000000
01001101 0.000638
01001110 0.000125
01001111 0.000000
01010000 0.015575
01010001 0.005262
01010010 0.000475
01010011 0.000000
01010100 0.000138
01010101 0.000250
01010110 0.000150
01010111 0.000000
01011000 0.001213
01011001 0.001200
01011010 0.000138
01011011 0.000000
01011100 0.000000
01011101 0.000000
01011110 0.000013
01011111 0.000000
01100000 0.000075
01100001 0.005363
01100010 0.000050
01100011 0.000000
01100100 0.001788
01100101 0.046525
01100110 0.001625
01100111 0.000075
01101000 0.000000
01101001 0.004250
01101010 0.000175
01101011 0.000000
01101100 0.000037
01101101 0.005837
01101110 0.000625
01101111 0.000125
01110000 0.003512
01110001 0.001800
01110010 0.000275
01110011 0.000000
01110100 0.001300
01110101 0.000975
01110110 0.000438
01110111 0.000000
01111000 0.000262
01111001 0.000212
01111010 0.000037
01111011 0.000000
01111100 0.000000
01111101 0.000037
01111110 0.000000
01111111 0.000000
10000000 0.000000
10000001 0.000087
10000010 0.000063
10000011 0.000000
10000100 0.000000
10000101 0.000212
10000110 0.000188
10000111 0.000175
10001000 0.000000
10001001 0.000387
10001010 0.000750
10001011 0.001288
10001100 0.000000
10001101 0.000125
10001110 0.002037
10001111 0.003800
10010000 0.000125
10010001 0.000638
10010010 0.005450
10010011 0.000112
10010100 0.000000
10010101 0.000063
10010110 0.003687
10010111 0.000000
10011000 0.000063
10011001 0.001538
10011010 0.049237
10011011 0.002012
10011100 0.000000
10011101 0.000013
10011110 0.005525
10011111 0.000037
10100000 0.000000
10100001 0.000013
10100010 0.000013
10100011 0.000000
10100100 0.000013
10100101 0.000313
10100110 0.001437
10100111 0.001512
10101000 0.000000
10101001 0.000188
10101010 0.000162
10101011 0.000212
10101100 0.000000
10101101 0.000650
10101110 0.005213
10101111 0.015825
10110000 0.000013
10110001 0.000112
10110010 0.000500
10110011 0.000000
10110100 0.000050
10110101 0.000225
10110110 0.009487
10110111 0.000237
10111000 0.000000
10111001 0.000325
10111010 0.000737
10111011 0.000400
10111100 0.000000
10111101 0.000013
10111110 0.000237
10111111 0.000063
11000000 0.000000
11000001 0.000000
11000010 0.000000
11000011 0.000013
11000100 0.000050
11000101 0.000600
11000110 0.000663
11000111 0.000338
11001000 0.000087
11001001 0.003250
11001010 0.000988
11001011 0.000713
11001100 0.000000
11001101 0.000400
11001110 0.000538
11001111 0.000425
11010000 0.017513
11010001 0.002950
11010010 0.108762
11010011 0.000000
11010100 0.000063
11010101 0.000075
11010110 0.002375
11010111 0.000013
11011000 0.004537
11011001 0.002687
11011010 0.017775
11011011 0.000237
11011100 0.000000
11011101 0.000000
11011110 0.000138
11011111 0.000000
11100000 0.000025
11100001 0.000212
11100010 0.000075
11100011 0.000000
11100100 0.002575
11100101 0.037750
11100110 0.018138
11100111 0.014750
11101000 0.000000
11101001 0.000350
11101010 0.000162
11101011 0.000237
11101100 0.000000
11101101 0.073800
11101110 0.010937
11101111 0.018375
11110000 0.001075
11110001 0.001675
11110010 0.000612
11110011 0.000000
11110100 0.002612
11110101 0.003650
11110110 0.029663
11110111 0.000050
11111000 0.000050
11111001 0.000412
11111010 0.000200
11111011 0.000112
11111100 0.000000
11111101 0.000087
11111110 0.000387
11111111 0.000100
