0.013533
0.000491
0.020729
0.022116
0.009791
0.002756
0.005205
0.010802
0.002387
0.000350
0.005241
0.033063
0.002433
0.003457
0.001749
0.016901
0.003135
0.001693
0.002113
0.010659
0.004616
0.017382
0.000917
0.009471
0.001002
0.002377
0.000976
0.017016
0.002421
0.031565
0.000345
0.018554
0.003428
0.000131
0.004542
0.003343
0.002463
0.000705
0.001162
0.001814
0.001624
0.000102
0.003065
0.007396
0.001779
0.001157
0.001055
0.004123
0.002438
0.001751
0.001784
0.007443
0.004181
0.020472
0.000874
0.009043
0.001994
0.004389
0.001860
0.017684
0.003417
0.046307
0.000996
0.021330
0.018665
0.000110
0.023297
0.005719
0.011653
0.001284
0.005123
0.002864
0.004113
0.000162
0.007871
0.008416
0.003382
0.001056
0.002270
0.004122
0.004325
0.000860
0.003225
0.003000
0.006003
0.005800
0.000987
0.002994
0.001582
0.000892
0.001640
0.004925
0.002719
0.009110
0.000391
0.005014
0.032530
0.000225
0.033767
0.004710
0.019494
0.000893
0.007270
0.002233
0.014286
0.000410
0.020551
0.008118
0.011278
0.001474
0.004817
0.003963
0.018883
0.002545
0.010005
0.008810
0.022800
0.021244
0.003623
0.008580
0.012310
0.004830
0.007341
0.016303
0.019284
0.042929
0.003510
0.018307