0000000 0.000143
0000001 0.004229
0000010 0.000171
0000011 0.003357
0000100 0.000000
0000101 0.000000
0000110 0.000443
0000111 0.000100
0001000 0.044671
0001001 0.063200
0001010 0.000471
0001011 0.000400
0001100 0.021171
0001101 0.000129
0001110 0.003729
0001111 0.000000
0010000 0.000100
0010001 0.004357
0010010 0.004843
0010011 0.044800
0010100 0.000000
0010101 0.000000
0010110 0.000214
0010111 0.000057
0011000 0.005200
0011001 0.011400
0011010 0.006200
0011011 0.011471
0011100 0.002471
0011101 0.000014
0011110 0.010300
0011111 0.000014
0100000 0.000000
0100001 0.002529
0100010 0.000000
0100011 0.001029
0100100 0.000000
0100101 0.000029
0100110 0.000029
0100111 0.000329
0101000 0.000000
0101001 0.000214
0101010 0.000000
0101011 0.000014
0101100 0.000414
0101101 0.000157
0101110 0.000286
0101111 0.000014
0110000 0.000000
0110001 0.005400
0110010 0.001143
0110011 0.191157
0110100 0.000000
0110101 0.000129
0110110 0.017786
0110111 0.023157
0111000 0.000129
0111001 0.001429
0111010 0.000371
0111011 0.002229
0111100 0.001157
0111101 0.000357
0111110 0.006486
0111111 0.000943
1000000 0.000871
1000001 0.006200
1000010 0.000271
1000011 0.000971
1000100 0.002086
1000101 0.000314
1000110 0.001529
1000111 0.000171
1001000 0.022529
1001001 0.017771
1001010 0.000100
1001011 0.000000
1001100 0.193814
1001101 0.001143
1001110 0.005829
1001111 0.000000
1010000 0.000057
1010001 0.000314
1010010 0.000200
1010011 0.000500
1010100 0.000000
1010101 0.000000
1010110 0.000200
1010111 0.000029
1011000 0.000186
1011001 0.000157
1011010 0.000071
1011011 0.000000
1011100 0.000829
1011101 0.000000
1011110 0.002700
1011111 0.000000
1100000 0.000000
1100001 0.009871
1100010 0.000000
1100011 0.002729
1100100 0.010686
1100101 0.005986
1100110 0.011829
1100111 0.005114
1101000 0.000029
1101001 0.000171
1101010 0.000000
1101011 0.000000
1101100 0.044343
1101101 0.005014
1101110 0.004014
1101111 0.000157
1110000 0.000000
1110001 0.003243
1110010 0.000100
1110011 0.020443
1110100 0.000329
1110101 0.000357
1110110 0.062314
1110111 0.044100
1111000 0.000057
1111001 0.000386
1111010 0.000014
1111011 0.000000
1111100 0.003114
1111101 0.000214
1111110 0.004200
1111111 0.000186
