1.796570000000000111e-01
1.717299999999999938e-01
4.414159999999999751e-01
2.081330000000000124e-01
3.111039999999999917e-01
5.131980000000000430e-01
3.035700000000000065e-01
4.253379999999999939e-01
3.493939999999999824e-01
1.778460000000000041e-01
2.774710000000000232e-01
3.907120000000000037e-01
2.725339999999999985e-01
1.662049999999999916e-01
1.819330000000000114e-01
2.502770000000000272e-01
1.330109999999999904e-01
1.910949999999999871e-01
2.128410000000000024e-01
2.417219999999999924e-01
7.345699999999999452e-02
1.414179999999999882e-01
2.302539999999999865e-01
2.171619999999999939e-01
1.240239999999999954e-01
1.840430000000000121e-01
2.060329999999999939e-01
3.819190000000000085e-01
1.227869999999999934e-01
1.936660000000000048e-01
2.228809999999999958e-01
4.046440000000000037e-01
