9.780800000000000605e-02
1.649170000000000080e-01
1.822830000000000006e-01
2.485980000000000134e-01
4.385720000000000174e-01
3.007790000000000186e-01
2.379890000000000061e-01
2.647129999999999761e-01
1.202909999999999952e-01
2.883080000000000087e-01
1.066470000000000057e-01
2.714980000000000171e-01
6.643000000000000294e-02
8.538999999999999369e-02
2.324799999999999922e-01
3.736680000000000001e-01
1.116970000000000046e-01
2.173499999999999877e-01
3.390900000000000025e-01
6.515910000000000313e-01
1.174430000000000057e-01
1.150059999999999971e-01
3.720069999999999766e-01
2.168690000000000062e-01
2.498269999999999935e-01
4.291179999999999994e-01
3.580389999999999961e-01
2.181780000000000108e-01
4.286679999999999935e-01
2.347210000000000130e-01
2.561530000000000196e-01
2.730699999999999794e-01
