2.223529999999999951e-01
1.904980000000000007e-01
1.125919999999999976e-01
1.267300000000000093e-01
3.731410000000000005e-01
1.724930000000000074e-01
1.817860000000000031e-01
3.231829999999999981e-01
3.967539999999999956e-01
3.549709999999999810e-01
3.339960000000000151e-01
9.261500000000000288e-02
6.636159999999999837e-01
3.818969999999999865e-01
3.533580000000000054e-01
4.041890000000000205e-01
2.755879999999999996e-01
4.616660000000000208e-01
1.935409999999999908e-01
1.138519999999999949e-01
1.036880000000000024e-01
2.414179999999999937e-01
4.511260000000000270e-01
2.784050000000000136e-01
1.759900000000000075e-01
3.178929999999999811e-01
1.228319999999999967e-01
1.168809999999999988e-01
1.816109999999999947e-01
3.752599999999999825e-01
2.234710000000000030e-01
1.856659999999999977e-01
