6.404100000000000070e-02
7.286900000000000321e-02
3.015669999999999740e-01
3.134649999999999936e-01
2.461180000000000034e-01
4.351410000000000000e-01
2.181130000000000013e-01
3.307729999999999837e-01
1.495170000000000110e-01
1.744890000000000052e-01
1.302000000000000102e-01
7.124700000000000477e-02
4.079749999999999766e-01
2.256150000000000100e-01
3.276040000000000063e-01
1.626910000000000023e-01
1.771850000000000092e-01
3.731599999999999917e-01
3.244449999999999834e-01
2.221360000000000001e-01
1.076669999999999988e-01
1.626690000000000080e-01
2.303709999999999924e-01
3.338900000000000201e-01
1.996739999999999904e-01
3.478879999999999750e-01
3.306169999999999942e-01
2.484969999999999957e-01
2.233370000000000077e-01
1.193739999999999940e-01
3.694599999999999967e-02
5.225899999999999990e-02
