9.073799999999999921e-02
1.917449999999999988e-01
1.604200000000000070e-01
1.278009999999999979e-01
4.196759999999999935e-01
2.365700000000000025e-01
1.137719999999999981e-01
9.892800000000000205e-02
4.504349999999999743e-01
2.764719999999999955e-01
6.613099999999999534e-02
1.385830000000000117e-01
2.140160000000000118e-01
2.419959999999999889e-01
1.366429999999999867e-01
7.681000000000000327e-02
1.990119999999999945e-01
1.562360000000000138e-01
3.730890000000000040e-01
2.338550000000000073e-01
9.536500000000000532e-02
1.771320000000000117e-01
1.016719999999999985e-01
8.161200000000000399e-02
3.473399999999999821e-01
2.804579999999999851e-01
5.806390000000000162e-01
3.198360000000000092e-01
2.882199999999999762e-01
3.613199999999999745e-01
2.480999999999999872e-01
9.293800000000000672e-02
