8.947700000000000098e-02
2.534779999999999811e-01
4.331960000000000255e-01
6.017289999999999583e-01
2.393220000000000069e-01
4.891309999999999825e-01
3.314280000000000004e-01
1.293960000000000110e-01
3.007529999999999926e-01
1.085699999999999998e-01
2.457620000000000082e-01
4.888410000000000255e-01
1.706930000000000114e-01
1.489949999999999886e-01
1.149669999999999997e-01
1.762269999999999948e-01
1.842050000000000076e-01
4.753330000000000055e-01
4.166230000000000211e-01
2.376379999999999881e-01
2.572189999999999754e-01
2.004380000000000051e-01
3.249850000000000239e-01
6.348479999999999679e-01
4.644380000000000175e-01
2.497880000000000100e-01
2.551590000000000247e-01
3.790529999999999733e-01
1.935669999999999891e-01
3.786149999999999793e-01
1.511500000000000066e-01
1.604460000000000053e-01
