7.411700000000000232e-02
1.113439999999999985e-01
1.436780000000000002e-01
2.745340000000000003e-01
1.612609999999999877e-01
2.108430000000000026e-01
2.924680000000000057e-01
1.214350000000000013e-01
3.255239999999999800e-01
2.522320000000000118e-01
1.770609999999999962e-01
3.610149999999999748e-01
2.065130000000000021e-01
1.092970000000000053e-01
1.206460000000000032e-01
2.898589999999999778e-01
5.479230000000000489e-01
3.169239999999999835e-01
2.868820000000000259e-01
6.090229999999999810e-01
9.694500000000000339e-02
2.880289999999999795e-01
5.956069999999999975e-01
1.458329999999999904e-01
2.836380000000000012e-01
2.565279999999999783e-01
2.862370000000000192e-01
3.657460000000000155e-01
7.064430000000000431e-01
2.501579999999999915e-01
1.027740000000000042e-01
