1.681249999999999967e-01
2.772220000000000240e-01
3.504599999999999937e-01
1.735410000000000008e-01
1.541770000000000085e-01
1.946299999999999975e-01
4.704990000000000006e-01
4.194499999999999895e-01
4.080820000000000003e-01
2.472620000000000096e-01
1.154469999999999941e-01
1.191730000000000012e-01
2.478080000000000005e-01
4.402570000000000094e-01
4.253899999999999904e-01
2.103559999999999874e-01
2.168690000000000062e-01
4.246179999999999954e-01
2.679250000000000242e-01
4.252400000000000069e-01
6.706199999999999661e-02
8.235199999999999465e-02
2.866029999999999966e-01
3.566230000000000233e-01
3.776760000000000117e-01
4.514040000000000274e-01
2.011999999999999900e-01
2.390839999999999910e-01
3.472629999999999884e-01
2.022160000000000069e-01
1.528710000000000069e-01
2.883189999999999920e-01
