3.461409999999999765e-01
1.944259999999999877e-01
3.403370000000000006e-01
2.736219999999999763e-01
7.113380000000000258e-01
3.786459999999999826e-01
2.994870000000000032e-01
3.081969999999999987e-01
1.970609999999999862e-01
1.115410000000000013e-01
1.376499999999999946e-01
1.680560000000000109e-01
2.158450000000000091e-01
1.849320000000000130e-01
1.846889999999999921e-01
2.422549999999999981e-01
1.419670000000000099e-01
8.923899999999999888e-02
2.332329999999999959e-01
2.246710000000000096e-01
1.120980000000000032e-01
2.337339999999999973e-01
3.992149999999999865e-01
2.493680000000000063e-01
1.424239999999999950e-01
1.064989999999999964e-01
2.423990000000000034e-01
4.450209999999999999e-01
1.709539999999999949e-01
2.195979999999999877e-01
1.759100000000000108e-01
1.895229999999999970e-01
