7.961600000000000621e-02
1.848770000000000135e-01
1.524580000000000102e-01
1.138269999999999976e-01
8.943600000000000161e-02
1.626869999999999983e-01
3.367269999999999985e-01
1.586930000000000007e-01
5.316079999999999695e-01
2.607909999999999950e-01
9.529100000000000070e-02
6.100599999999999773e-02
1.630510000000000015e-01
1.331900000000000028e-01
3.404730000000000256e-01
1.459199999999999942e-01
2.799159999999999981e-01
2.783379999999999743e-01
2.251849999999999963e-01
2.285820000000000074e-01
3.167170000000000263e-01
2.467999999999999916e-01
2.213100000000000067e-01
2.456369999999999942e-01
2.899809999999999888e-01
1.380909999999999915e-01
4.068510000000000182e-01
1.419439999999999868e-01
1.048209999999999975e-01
2.027500000000000135e-01
8.458599999999999453e-02
1.192740000000000050e-01
