0.192287
0.286747
0.429293
0.224665
0.296726
0.319813
0.253312
0.341621
0.260331
0.295870
0.215291
0.205290
0.260307
0.304068
0.179735
0.309339
0.318572
0.586060
0.230959
0.226774
0.583609
0.306524
0.409053
0.247920
0.215214
0.253044
0.238955
0.231083
0.172115
0.236701
0.334341
0.536471
0.189810
0.359657
0.383762
0.304666
0.459331
0.193279
0.502104
0.302110
0.259129
0.230502
0.121581
0.236776
0.262721
0.278238
0.181660
0.243035
0.185976
0.277130
0.206039
0.329261
0.133941
0.394709
0.273203
0.269154
0.214777
0.244011
0.458411
0.253117
0.276162
0.549517
0.214953
0.361767
0.238270
0.376289
0.337846
0.490365
0.429032
0.244519
0.109545
0.210181