2.842879999999999852e-01
4.774840000000000195e-01
1.467769999999999908e-01
2.002200000000000091e-01
4.735269999999999757e-01
3.685160000000000102e-01
3.513530000000000264e-01
2.075839999999999907e-01
2.634009999999999962e-01
2.973469999999999724e-01
5.420019999999999838e-01
3.462879999999999847e-01
3.984659999999999869e-01
3.058600000000000207e-01
3.138520000000000199e-01
4.600929999999999742e-01
3.627900000000000014e-01
6.479740000000000499e-01
4.406599999999999961e-01
3.690849999999999964e-01
3.029459999999999931e-01
5.905920000000000059e-01
2.292180000000000051e-01
1.244760000000000033e-01
3.329779999999999962e-01
3.470570000000000044e-01
4.706850000000000200e-01
3.118630000000000013e-01
4.348850000000000215e-01
6.991279999999999717e-01
4.267099999999999782e-01
5.207319999999999727e-01
8.680799999999999628e-02
3.175370000000000137e-01
5.337300000000000377e-01
2.334630000000000039e-01
1.910100000000000131e-01
3.164560000000000151e-01
1.501780000000000059e-01
4.550719999999999765e-01
3.389610000000000123e-01
3.863779999999999992e-01
1.717930000000000013e-01
9.041299999999999337e-02
2.660440000000000027e-01
2.440940000000000054e-01
3.097900000000000098e-01
1.964839999999999920e-01
1.256400000000000017e-01
4.251380000000000159e-01
