1.714559999999999973e-01
2.350690000000000002e-01
1.230409999999999976e-01
1.860459999999999892e-01
2.985229999999999828e-01
5.086349999999999483e-01
1.974660000000000026e-01
3.311669999999999892e-01
2.554950000000000276e-01
1.813800000000000134e-01
4.520299999999999874e-01
2.831609999999999960e-01
2.310719999999999996e-01
2.488779999999999881e-01
2.863089999999999802e-01
3.329079999999999817e-01
3.892439999999999789e-01
6.394969999999999821e-01
3.456210000000000115e-01
2.308800000000000019e-01
2.837560000000000082e-01
4.750820000000000043e-01
2.246980000000000088e-01
4.161199999999999899e-01
2.423970000000000014e-01
2.723940000000000250e-01
2.273650000000000115e-01
3.780180000000000207e-01
3.075979999999999825e-01
3.048679999999999723e-01
3.595030000000000170e-01
3.424889999999999879e-01
3.237479999999999802e-01
2.028079999999999883e-01
2.709500000000000242e-01
1.615099999999999869e-01
1.577880000000000116e-01
2.573389999999999844e-01
1.433210000000000039e-01
1.336600000000000010e-01
2.050339999999999940e-01
1.923759999999999915e-01
4.026629999999999932e-01
2.587309999999999888e-01
2.345220000000000082e-01
3.601820000000000022e-01
2.560999999999999943e-01
2.242689999999999961e-01
3.071999999999999731e-01
2.772060000000000080e-01
4.091359999999999997e-01
2.336260000000000003e-01
2.928390000000000160e-01
3.339630000000000098e-01
3.746979999999999755e-01
2.435579999999999967e-01
3.935949999999999727e-01
6.593130000000000379e-01
4.093700000000000117e-01
2.676319999999999810e-01
7.331649999999999556e-01
4.580029999999999935e-01
3.612609999999999988e-01
3.946290000000000076e-01
2.062529999999999919e-01
2.863600000000000034e-01
3.690080000000000027e-01
2.219409999999999994e-01
2.786449999999999760e-01
2.056590000000000085e-01
1.320250000000000035e-01
2.341010000000000035e-01
8.782099999999999629e-02
1.740899999999999948e-01
2.094759999999999955e-01
3.228889999999999816e-01
1.555219999999999936e-01
3.225250000000000061e-01
3.280239999999999823e-01
3.093489999999999851e-01
2.557119999999999949e-01
2.466369999999999951e-01
1.513190000000000091e-01
1.420140000000000013e-01
2.365450000000000053e-01
4.353529999999999900e-01
2.188839999999999952e-01
1.653080000000000105e-01
2.370120000000000005e-01
2.113530000000000131e-01
1.661289999999999989e-01
2.682189999999999852e-01
2.417900000000000049e-01
2.544790000000000108e-01
3.165140000000000176e-01
5.354839999999999600e-01
2.217439999999999967e-01
1.871829999999999883e-01
1.257600000000000107e-01
1.467880000000000018e-01
1.784580000000000055e-01
1.839399999999999924e-01
1.419569999999999999e-01
9.805500000000000327e-02
1.317869999999999875e-01
2.287569999999999881e-01
4.364739999999999731e-01
2.511450000000000071e-01
1.037129999999999996e-01
2.445589999999999986e-01
2.369030000000000025e-01
2.670609999999999928e-01
4.260639999999999983e-01
2.400150000000000061e-01
1.701749999999999929e-01
2.073470000000000035e-01
3.139520000000000088e-01
4.958839999999999915e-01
2.116069999999999895e-01
1.926759999999999862e-01
2.689329999999999776e-01
4.192370000000000263e-01
2.758729999999999793e-01
2.685119999999999729e-01
2.680379999999999985e-01
2.614569999999999950e-01
2.371739999999999959e-01
2.886389999999999789e-01
