1.287349999999999883e-01
1.724839999999999984e-01
9.210599999999999343e-02
1.136849999999999944e-01
1.667629999999999946e-01
4.146679999999999811e-01
2.869950000000000001e-01
1.669589999999999963e-01
1.186090000000000061e-01
1.593310000000000004e-01
2.337289999999999923e-01
3.842289999999999872e-01
2.647059999999999969e-01
3.378149999999999764e-01
3.143560000000000243e-01
1.478089999999999959e-01
7.066430000000000211e-01
3.872869999999999924e-01
2.167360000000000120e-01
4.750599999999999823e-01
3.569089999999999763e-01
4.935910000000000020e-01
2.304720000000000102e-01
2.966980000000000173e-01
4.004550000000000054e-01
2.622410000000000019e-01
1.343640000000000112e-01
1.078279999999999933e-01
1.131700000000000067e-01
2.385069999999999968e-01
1.437110000000000054e-01
1.890169999999999906e-01
3.217329999999999912e-01
1.941720000000000113e-01
1.686159999999999881e-01
3.880509999999999793e-01
2.656049999999999800e-01
1.555120000000000113e-01
1.821629999999999916e-01
1.005090000000000011e-01
1.574639999999999929e-01
2.624230000000000174e-01
1.043980000000000047e-01
1.496290000000000120e-01
2.073290000000000133e-01
1.844840000000000091e-01
3.545579999999999843e-01
1.957450000000000023e-01
5.122029999999999639e-01
3.256479999999999930e-01
1.650860000000000105e-01
3.295669999999999988e-01
1.419769999999999921e-01
3.294270000000000254e-01
3.582389999999999741e-01
1.453200000000000047e-01
1.280350000000000099e-01
1.429120000000000112e-01
2.243159999999999876e-01
2.450080000000000036e-01
3.699100000000000166e-01
2.768990000000000062e-01
1.379630000000000023e-01
2.875519999999999743e-01
2.198779999999999901e-01
2.239680000000000004e-01
1.610300000000000065e-01
1.424100000000000088e-01
1.979920000000000013e-01
3.483580000000000010e-01
1.194930000000000020e-01
1.654770000000000130e-01
