7.300500000000000045e-02
1.322659999999999947e-01
4.622029999999999750e-01
2.392690000000000095e-01
2.910139999999999949e-01
1.151549999999999935e-01
1.442879999999999996e-01
1.993040000000000089e-01
2.008010000000000073e-01
2.410670000000000035e-01
3.310330000000000217e-01
6.255690000000000417e-01
1.787640000000000062e-01
2.314140000000000086e-01
3.548810000000000020e-01
1.283579999999999999e-01
6.549199999999999466e-02
8.600900000000000212e-02
2.972290000000000210e-01
1.247759999999999980e-01
2.076729999999999965e-01
4.182429999999999759e-01
2.018159999999999954e-01
2.406339999999999868e-01
1.782819999999999960e-01
3.413570000000000215e-01
1.612709999999999977e-01
2.283550000000000024e-01
1.708129999999999926e-01
1.762269999999999948e-01
1.606470000000000120e-01
2.655069999999999930e-01
8.781400000000000317e-02
1.475980000000000070e-01
1.751520000000000021e-01
3.351720000000000255e-01
3.920159999999999756e-01
1.966829999999999967e-01
1.811540000000000095e-01
3.209609999999999963e-01
1.753979999999999984e-01
2.211519999999999875e-01
1.916740000000000110e-01
3.286439999999999917e-01
2.348240000000000050e-01
4.007169999999999899e-01
1.574510000000000076e-01
2.609659999999999758e-01
6.399399999999999533e-02
6.878399999999999792e-02
1.783119999999999983e-01
2.039120000000000099e-01
3.184739999999999793e-01
2.201140000000000041e-01
3.930130000000000012e-01
2.244369999999999976e-01
2.038190000000000002e-01
3.767639999999999878e-01
1.661410000000000109e-01
3.474880000000000191e-01
1.604990000000000028e-01
1.770130000000000037e-01
1.756709999999999938e-01
2.038220000000000032e-01
8.423100000000000032e-02
9.461500000000000465e-02
2.755830000000000224e-01
2.728419999999999734e-01
4.036109999999999975e-01
2.778289999999999926e-01
1.583060000000000023e-01
1.310919999999999863e-01
1.220399999999999957e-01
1.540199999999999902e-01
1.463019999999999876e-01
2.619000000000000217e-01
1.575989999999999891e-01
1.384610000000000007e-01
1.725260000000000127e-01
1.494080000000000130e-01
1.481329999999999869e-01
2.208509999999999918e-01
3.143940000000000068e-01
1.703270000000000062e-01
1.439729999999999899e-01
1.831520000000000092e-01
1.391189999999999927e-01
1.632160000000000000e-01
1.373699999999999921e-01
1.583559999999999968e-01
2.111719999999999986e-01
3.168889999999999763e-01
4.819249999999999923e-01
2.952739999999999809e-01
2.543929999999999803e-01
2.314160000000000106e-01
9.240800000000000403e-02
1.431510000000000005e-01
