0.137688
0.182129
0.221806
0.145211
0.446905
0.237225
0.179385
0.179763
0.491442
0.252787
0.107381
0.107879
0.404078
0.538317
0.113612
0.197963
0.294930
0.187951
0.222456
0.169080
0.156803
0.311303
0.122283
0.133393
0.238209
0.226361
0.223165
0.188882
0.069606
0.222576
0.250234
0.127388
0.285927
0.204785
0.105025
0.210334
0.291484
0.313805
0.267540
0.547528
0.167308
0.373017
0.088603
0.172051
0.629255
0.403423
0.117768
0.313392
0.179564
0.282467
0.087155
0.278988
0.234010
0.359093
0.108407
0.153909
0.122094
0.333564
0.066775
0.066183
0.372112
0.337321
0.350672
0.212464
0.395117
0.262382
0.339381
0.718126
0.257367
0.442300
0.150109
0.094709