0.141333
0.140408
0.366432
0.419696
0.413586
0.227076
0.294261
0.325554
0.292799
0.311436
0.149577
0.153954
0.377730
0.198706
0.238751
0.268168
0.383342
0.170449
0.418212
0.269451
0.766972
0.417481
0.763642
0.408481
0.181195
0.349450
0.195840
0.187604
0.208297
0.354051
0.377964
0.294791
0.123291
0.174708
0.330985
0.226006
0.319676
0.217556
0.161245
0.125923
0.352400
0.228710
0.181700
0.208831
0.471953
0.160360
0.212989
0.200057
0.059125
0.272003
0.379372
0.115031
0.094478
0.197543
0.168395
0.171390
0.154235
0.211164
0.484502
0.166462
0.211143
0.183993
0.382469
0.119628
0.076366
0.258042
0.131898
0.137573
0.170110
0.322435
0.273185
0.285893
0.329940
0.512383
0.527666
0.324641
0.335893
0.448693
0.305675
0.433392
0.299946
0.246637
0.245944
0.208748
0.414621
0.261889
0.321088
0.422919
0.189482
0.142840
0.260618
0.279984
0.282521
0.243334
0.131473
0.127149
0.061902
0.111802