1.918130000000000113e-01
1.991610000000000047e-01
1.664239999999999886e-01
2.405420000000000058e-01
4.621399999999999952e-01
2.500109999999999832e-01
1.494880000000000098e-01
1.603680000000000105e-01
2.073109999999999953e-01
1.826589999999999880e-01
4.332730000000000192e-01
2.526720000000000077e-01
7.263000000000000012e-02
2.414090000000000125e-01
2.519560000000000133e-01
2.431300000000000128e-01
1.702680000000000027e-01
1.295620000000000105e-01
2.602920000000000234e-01
1.202050000000000063e-01
2.674949999999999828e-01
1.998209999999999986e-01
1.637339999999999907e-01
2.434459999999999957e-01
1.360000000000000098e-01
1.810319999999999985e-01
1.632830000000000115e-01
2.887850000000000139e-01
1.692299999999999915e-01
2.160249999999999948e-01
2.785400000000000098e-01
2.854679999999999995e-01
4.711159999999999792e-01
1.733339999999999881e-01
2.563940000000000108e-01
3.081539999999999835e-01
5.249999999999999806e-02
9.009999999999999953e-02
6.104760000000000186e-01
1.978550000000000031e-01
2.464530000000000054e-01
2.686649999999999872e-01
4.408719999999999861e-01
1.519500000000000017e-01
2.455309999999999993e-01
2.773800000000000154e-01
4.148919999999999830e-01
1.971320000000000017e-01
4.748299999999999743e-02
7.840400000000000147e-02
