1.765619999999999967e-01
3.528540000000000010e-01
2.752399999999999847e-01
1.028410000000000019e-01
1.302810000000000079e-01
8.634899999999999520e-02
1.301900000000000002e-01
8.716799999999999549e-02
8.614600000000000035e-02
2.385889999999999955e-01
3.059330000000000105e-01
2.205100000000000116e-01
6.221800000000000247e-02
1.521230000000000082e-01
1.146490000000000009e-01
8.771900000000000530e-02
1.401429999999999898e-01
4.149249999999999883e-01
1.450750000000000095e-01
1.753939999999999944e-01
2.865130000000000177e-01
4.174959999999999782e-01
1.889190000000000036e-01
3.569740000000000135e-01
9.681299999999999628e-02
6.558100000000000041e-02
3.053690000000000015e-01
1.704299999999999982e-01
2.875800000000000023e-01
6.825179999999999580e-01
3.678739999999999788e-01
5.905080000000000329e-01
9.446699999999999542e-02
2.562869999999999870e-01
1.021100000000000063e-01
1.209289999999999948e-01
6.913999999999999313e-02
1.904460000000000042e-01
1.826780000000000070e-01
1.816540000000000099e-01
4.018849999999999922e-01
2.148239999999999872e-01
5.453299999999999814e-01
3.397419999999999884e-01
8.251200000000000201e-02
2.856810000000000183e-01
2.345730000000000037e-01
4.843330000000000135e-01
6.982599999999999918e-02
1.426739999999999953e-01
