1.331150000000000111e-01
1.618110000000000104e-01
3.621559999999999779e-01
2.030049999999999910e-01
2.254099999999999993e-01
2.869709999999999761e-01
2.405519999999999881e-01
2.830329999999999790e-01
4.071609999999999951e-01
2.107759999999999911e-01
1.209149999999999947e-01
1.482469999999999899e-01
1.938970000000000138e-01
1.660240000000000049e-01
2.822600000000000109e-01
4.631640000000000201e-01
2.179369999999999918e-01
3.982459999999999889e-01
3.026760000000000006e-01
2.191269999999999885e-01
6.969790000000000152e-01
3.454260000000000108e-01
3.089629999999999876e-01
3.131490000000000107e-01
2.025450000000000028e-01
3.944139999999999868e-01
1.660889999999999866e-01
1.333640000000000103e-01
1.945270000000000055e-01
2.109479999999999966e-01
2.815250000000000252e-01
2.169359999999999900e-01
2.575689999999999924e-01
1.865449999999999886e-01
2.155759999999999899e-01
1.282240000000000046e-01
1.256990000000000052e-01
2.333330000000000126e-01
2.378989999999999994e-01
2.544230000000000103e-01
1.728929999999999911e-01
1.722289999999999932e-01
1.498939999999999995e-01
1.138099999999999945e-01
2.002059999999999951e-01
3.351250000000000062e-01
3.761990000000000056e-01
2.115080000000000016e-01
1.413530000000000064e-01
1.724729999999999874e-01
1.388159999999999950e-01
1.488810000000000133e-01
2.447870000000000046e-01
2.360520000000000118e-01
1.177170000000000022e-01
1.592369999999999897e-01
1.695909999999999918e-01
1.500249999999999917e-01
1.957540000000000113e-01
1.090170000000000028e-01
1.431030000000000080e-01
1.896190000000000098e-01
1.903340000000000032e-01
1.730669999999999986e-01
1.943819999999999992e-01
1.346999999999999864e-01
3.149859999999999882e-01
1.784779999999999978e-01
2.219589999999999896e-01
2.742089999999999805e-01
2.381600000000000106e-01
5.018839999999999968e-01
9.611200000000000299e-02
1.698729999999999962e-01
1.032769999999999938e-01
1.430569999999999897e-01
2.021110000000000129e-01
1.338469999999999938e-01
1.550189999999999901e-01
2.458899999999999975e-01
1.732940000000000036e-01
2.700520000000000143e-01
2.393520000000000092e-01
2.011479999999999935e-01
3.421009999999999884e-01
3.119190000000000018e-01
3.501639999999999753e-01
2.752709999999999879e-01
2.563520000000000243e-01
5.117549999999999599e-01
1.689489999999999881e-01
1.143119999999999969e-01
2.993009999999999837e-01
5.454179999999999584e-01
3.095780000000000198e-01
2.186160000000000048e-01
4.179910000000000014e-01
2.078399999999999970e-01
2.349809999999999954e-01
3.978030000000000177e-01
2.324829999999999952e-01
3.169710000000000027e-01
2.581260000000000221e-01
3.007029999999999981e-01
2.103679999999999994e-01
1.157129999999999964e-01
1.430790000000000117e-01
2.877330000000000165e-01
9.032600000000000351e-02
1.103599999999999998e-01
1.469940000000000135e-01
2.770770000000000177e-01
1.928509999999999946e-01
3.591949999999999865e-01
1.423719999999999986e-01
1.693020000000000080e-01
2.540939999999999865e-01
2.921420000000000128e-01
2.648340000000000138e-01
2.440380000000000049e-01
1.376310000000000033e-01
2.126570000000000127e-01
2.385899999999999965e-01
1.238709999999999950e-01
1.515309999999999990e-01
2.013590000000000102e-01
1.000749999999999973e-01
1.456149999999999944e-01
