1.353389999999999871e-01
3.291229999999999989e-01
2.164179999999999993e-01
1.283509999999999929e-01
1.796810000000000074e-01
1.424930000000000085e-01
3.788039999999999741e-01
2.034870000000000012e-01
2.847049999999999859e-01
5.298490000000000144e-01
4.522519999999999873e-01
7.040239999999999831e-01
9.443200000000000205e-02
8.296800000000000008e-02
2.401480000000000004e-01
6.540259999999999962e-01
3.012699999999999823e-01
4.019179999999999975e-01
3.452669999999999906e-01
3.698009999999999908e-01
4.096179999999999821e-01
1.518609999999999960e-01
1.896680000000000033e-01
3.810220000000000273e-01
5.816700000000000342e-02
6.368000000000000049e-02
3.283409999999999940e-01
3.003009999999999846e-01
3.332919999999999772e-01
3.725729999999999875e-01
3.007989999999999831e-01
2.598179999999999934e-01
1.710440000000000016e-01
3.117309999999999803e-01
2.374610000000000054e-01
1.761419999999999930e-01
1.657859999999999889e-01
1.363850000000000062e-01
2.181379999999999986e-01
3.887229999999999852e-01
2.985450000000000048e-01
1.643820000000000003e-01
1.934720000000000051e-01
1.102400000000000047e-01
1.012340000000000045e-01
1.148190000000000044e-01
1.911859999999999948e-01
1.136179999999999968e-01
2.439729999999999954e-01
4.992449999999999943e-01
