1.404310000000000003e-01
1.655729999999999980e-01
1.556099999999999983e-01
1.982210000000000083e-01
1.656050000000000022e-01
3.100919999999999788e-01
1.704090000000000049e-01
1.483960000000000001e-01
4.845639999999999947e-01
3.254560000000000231e-01
1.959940000000000015e-01
1.776089999999999891e-01
1.810720000000000107e-01
2.805909999999999793e-01
2.803760000000000141e-01
1.410230000000000095e-01
2.798610000000000264e-01
4.245289999999999897e-01
2.991050000000000098e-01
5.483590000000000408e-01
2.086760000000000004e-01
2.626060000000000061e-01
1.019219999999999987e-01
1.282099999999999906e-01
1.450329999999999953e-01
1.504320000000000102e-01
1.724350000000000049e-01
3.025280000000000191e-01
5.161470000000000224e-01
3.570789999999999798e-01
1.974069999999999991e-01
1.848039999999999961e-01
2.736830000000000096e-01
2.691100000000000159e-01
1.586730000000000085e-01
3.034069999999999823e-01
2.739300000000000068e-01
1.805980000000000085e-01
2.952210000000000112e-01
2.379340000000000066e-01
3.612980000000000080e-01
5.122980000000000311e-01
3.889489999999999892e-01
2.152310000000000056e-01
2.077970000000000095e-01
1.351600000000000024e-01
1.902989999999999959e-01
1.977430000000000021e-01
2.808069999999999733e-01
2.767229999999999968e-01
2.045800000000000118e-01
2.133569999999999911e-01
2.847959999999999936e-01
2.998709999999999987e-01
1.682150000000000034e-01
1.730980000000000019e-01
2.799699999999999966e-01
2.525310000000000055e-01
3.365850000000000231e-01
2.547740000000000005e-01
5.270610000000000017e-01
3.249719999999999831e-01
2.031229999999999980e-01
2.152010000000000034e-01
3.267510000000000137e-01
1.920630000000000115e-01
2.654580000000000273e-01
1.824840000000000073e-01
3.031940000000000190e-01
2.951329999999999787e-01
2.098859999999999892e-01
2.093049999999999911e-01
3.473439999999999861e-01
5.821509999999999740e-01
3.515750000000000264e-01
1.898299999999999987e-01
2.719139999999999890e-01
2.930579999999999852e-01
2.101250000000000062e-01
3.565699999999999981e-01
2.660870000000000180e-01
2.276519999999999933e-01
3.103440000000000087e-01
1.915169999999999928e-01
1.729420000000000124e-01
1.398409999999999931e-01
1.629559999999999897e-01
1.685429999999999984e-01
1.541039999999999910e-01
1.575120000000000131e-01
3.266459999999999919e-01
1.898559999999999970e-01
2.910449999999999982e-01
4.669969999999999954e-01
2.607289999999999885e-01
1.533049999999999968e-01
4.837219999999999853e-01
2.814760000000000040e-01
1.941680000000000073e-01
2.781399999999999983e-01
2.811400000000000010e-01
2.419090000000000129e-01
1.910590000000000066e-01
3.938479999999999759e-01
1.721070000000000100e-01
1.578469999999999873e-01
1.884170000000000011e-01
1.721290000000000042e-01
2.931520000000000237e-01
2.790940000000000087e-01
2.593530000000000002e-01
1.961370000000000058e-01
2.565509999999999735e-01
2.797009999999999774e-01
2.979060000000000041e-01
1.639589999999999936e-01
2.660029999999999895e-01
2.310210000000000041e-01
2.775549999999999962e-01
2.941340000000000066e-01
2.314410000000000078e-01
2.258910000000000085e-01
1.565930000000000100e-01
1.652480000000000060e-01
1.423629999999999896e-01
2.310699999999999976e-01
1.506889999999999896e-01
1.496470000000000022e-01
2.047150000000000081e-01
2.567360000000000197e-01
1.490889999999999993e-01
1.665040000000000131e-01
1.093100000000000044e-01
1.757910000000000028e-01
1.376459999999999906e-01
1.480450000000000099e-01
1.698139999999999927e-01
2.413869999999999905e-01
4.925999999999999823e-01
2.470920000000000061e-01
2.651029999999999776e-01
1.980439999999999978e-01
1.925969999999999904e-01
3.825259999999999772e-01
1.710430000000000006e-01
1.395810000000000106e-01
2.953760000000000274e-01
1.448889999999999900e-01
2.653289999999999815e-01
2.744099999999999873e-01
1.899440000000000017e-01
1.836339999999999917e-01
1.927969999999999962e-01
2.890559999999999796e-01
8.067199999999999371e-02
1.006439999999999974e-01
2.408349999999999935e-01
2.618980000000000197e-01
1.919450000000000045e-01
3.273860000000000103e-01
1.642000000000000126e-01
2.087299999999999989e-01
1.493569999999999898e-01
1.165029999999999955e-01
2.288439999999999919e-01
1.154150000000000037e-01
1.342279999999999862e-01
1.373729999999999951e-01
2.310300000000000131e-01
1.987349999999999950e-01
1.852499999999999980e-01
2.860869999999999802e-01
2.105720000000000092e-01
2.107549999999999979e-01
1.178799999999999987e-01
1.344410000000000049e-01
9.621799999999999797e-02
1.870640000000000081e-01
2.708920000000000217e-01
1.831170000000000020e-01
2.136170000000000013e-01
2.392499999999999905e-01
1.469449999999999923e-01
1.552199999999999969e-01
1.471439999999999970e-01
2.325530000000000097e-01
1.485650000000000026e-01
1.430839999999999890e-01
1.694209999999999883e-01
2.433200000000000085e-01
1.487050000000000038e-01
2.672579999999999956e-01
2.475070000000000048e-01
1.866770000000000096e-01
2.234760000000000080e-01
1.421520000000000006e-01
2.399860000000000049e-01
4.171119999999999828e-01
1.243269999999999931e-01
2.541570000000000218e-01
