0.264941
0.186977
0.366524
0.252074
0.214179
0.333933
0.277230
0.489827
0.279086
0.295912
0.270776
0.487868
0.181782
0.149252
0.151424
0.229871
0.163657
0.297809
0.168750
0.395915
0.581540
0.311679
0.413145
0.177338
0.127082
0.285641
0.261722
0.461290
0.112068
0.208317
0.158088
0.185174
0.210631
0.194995
0.101318
0.154950
0.182431
0.112680
0.189963
0.226186
0.201060
0.157911
0.086464
0.261346
0.102038
0.224568
0.113573
0.128461
0.295037
0.152429
0.356545
0.159601
0.413799
0.547137
0.090203
0.206487
0.141206
0.187242
0.414901
0.213103
0.252690
0.145683
0.330223
0.294913
0.425998
0.289974
0.267038
0.451726
0.310599
0.229468
0.132905
0.177708