2.269579999999999931e-01
2.915269999999999806e-01
2.084040000000000059e-01
1.914530000000000121e-01
2.407040000000000013e-01
2.736560000000000104e-01
3.386819999999999831e-01
2.487870000000000081e-01
4.016649999999999943e-01
3.272030000000000216e-01
3.116889999999999938e-01
4.861420000000000186e-01
2.664079999999999782e-01
3.683759999999999812e-01
3.699140000000000206e-01
2.683329999999999882e-01
2.508290000000000242e-01
2.335560000000000136e-01
2.759759999999999991e-01
3.984920000000000129e-01
4.979000000000000092e-01
3.646229999999999749e-01
1.788470000000000060e-01
2.267790000000000084e-01
4.496450000000000169e-01
2.712849999999999984e-01
3.276959999999999873e-01
4.311550000000000105e-01
3.618750000000000022e-01
2.103720000000000034e-01
1.879859999999999864e-01
3.254569999999999963e-01
3.770879999999999788e-01
5.430779999999999497e-01
3.917530000000000179e-01
4.023349999999999982e-01
2.382730000000000126e-01
2.379280000000000006e-01
2.965149999999999730e-01
2.919050000000000256e-01
5.010409999999999586e-01
2.562420000000000253e-01
2.357039999999999969e-01
1.956569999999999976e-01
2.257959999999999967e-01
3.163940000000000086e-01
3.543629999999999836e-01
1.776989999999999958e-01
3.535010000000000097e-01
4.067060000000000120e-01
1.836349999999999927e-01
4.035810000000000231e-01
3.157539999999999791e-01
3.821160000000000112e-01
1.707220000000000126e-01
3.040729999999999822e-01
2.562110000000000221e-01
4.217119999999999758e-01
2.964399999999999813e-01
2.533929999999999794e-01
2.263989999999999891e-01
2.958979999999999944e-01
4.392719999999999958e-01
2.079370000000000107e-01
4.964729999999999976e-01
2.725770000000000137e-01
2.290169999999999983e-01
2.644909999999999761e-01
3.080600000000000005e-01
2.925820000000000087e-01
1.714539999999999953e-01
2.700380000000000003e-01
3.066989999999999994e-01
3.634709999999999885e-01
2.144620000000000137e-01
3.544669999999999765e-01
2.166929999999999967e-01
2.389110000000000122e-01
2.557719999999999994e-01
2.628639999999999866e-01
3.140689999999999871e-01
5.520500000000000407e-01
2.591729999999999867e-01
2.839789999999999814e-01
2.905789999999999762e-01
4.991280000000000161e-01
3.220359999999999889e-01
3.522000000000000131e-01
5.624749999999999472e-01
5.195910000000000251e-01
5.789900000000000047e-01
3.895919999999999939e-01
2.875030000000000086e-01
3.195490000000000275e-01
4.617020000000000013e-01
2.896610000000000018e-01
5.387920000000000487e-01
2.722760000000000180e-01
2.685279999999999889e-01
4.845849999999999880e-01
2.330569999999999864e-01
3.241850000000000009e-01
1.712279999999999913e-01
2.792379999999999862e-01
2.494770000000000043e-01
2.761759999999999771e-01
3.613009999999999833e-01
5.259989999999999943e-01
2.252709999999999990e-01
3.115870000000000029e-01
2.011149999999999882e-01
2.930960000000000232e-01
3.664689999999999892e-01
2.947679999999999745e-01
4.082910000000000150e-01
3.986060000000000159e-01
2.560540000000000038e-01
4.609699999999999909e-01
2.792769999999999975e-01
2.559560000000000168e-01
2.798300000000000232e-01
3.699640000000000151e-01
2.402100000000000068e-01
2.558630000000000071e-01
4.334890000000000132e-01
2.994499999999999940e-01
2.960289999999999866e-01
3.291990000000000194e-01
3.356290000000000107e-01
3.887309999999999932e-01
3.321899999999999853e-01
3.473370000000000068e-01
2.672610000000000263e-01
3.626119999999999899e-01
3.087489999999999957e-01
2.609949999999999770e-01
1.706330000000000069e-01
2.460289999999999977e-01
4.044869999999999854e-01
2.304350000000000009e-01
3.111349999999999949e-01
5.318650000000000322e-01
2.276660000000000073e-01
4.960749999999999882e-01
4.141179999999999861e-01
3.165520000000000000e-01
2.605799999999999783e-01
4.139650000000000274e-01
2.915940000000000198e-01
3.681949999999999945e-01
4.119430000000000036e-01
1.646680000000000088e-01
4.010020000000000251e-01
3.106539999999999857e-01
2.982850000000000223e-01
2.622280000000000166e-01
2.465390000000000081e-01
2.401389999999999914e-01
2.817020000000000080e-01
3.065019999999999967e-01
1.969359999999999999e-01
2.975960000000000272e-01
2.345679999999999987e-01
2.468470000000000109e-01
2.227919999999999900e-01
2.658139999999999947e-01
3.747389999999999888e-01
6.241299999999999626e-01
4.354890000000000150e-01
3.863019999999999787e-01
5.031849999999999934e-01
3.448359999999999759e-01
5.382439999999999447e-01
4.111440000000000095e-01
3.024439999999999906e-01
1.738139999999999963e-01
2.041360000000000119e-01
2.220060000000000089e-01
3.085010000000000252e-01
5.572409999999999863e-01
3.069060000000000121e-01
2.909780000000000144e-01
4.894499999999999962e-01
2.447219999999999951e-01
2.526840000000000197e-01
1.935360000000000136e-01
3.543439999999999923e-01
3.188690000000000135e-01
5.346260000000000456e-01
4.154070000000000262e-01
3.552089999999999970e-01
2.391870000000000107e-01
4.669929999999999914e-01
3.936160000000000214e-01
2.671350000000000113e-01
4.160739999999999994e-01
2.307780000000000109e-01
4.219539999999999957e-01
2.479459999999999997e-01
2.700380000000000003e-01
