1.115509999999999974e-01
2.068989999999999996e-01
1.722420000000000062e-01
3.022940000000000071e-01
2.868580000000000019e-01
3.020200000000000107e-01
2.974789999999999934e-01
2.536050000000000249e-01
3.198329999999999784e-01
2.472910000000000108e-01
1.793180000000000052e-01
1.804920000000000135e-01
2.181190000000000073e-01
2.112960000000000116e-01
2.434050000000000102e-01
3.413309999999999955e-01
1.511929999999999941e-01
1.640729999999999966e-01
2.692780000000000173e-01
1.853539999999999910e-01
1.689100000000000046e-01
1.511039999999999883e-01
4.173479999999999968e-01
2.824240000000000084e-01
5.684869999999999646e-01
4.072310000000000096e-01
4.003889999999999949e-01
7.395389999999999464e-01
2.237740000000000007e-01
1.747309999999999974e-01
2.930590000000000139e-01
1.769830000000000014e-01
3.478769999999999918e-01
4.345899999999999763e-01
4.783569999999999767e-01
2.812749999999999972e-01
4.285979999999999790e-01
1.475080000000000002e-01
2.435700000000000087e-01
1.953840000000000021e-01
1.899039999999999895e-01
2.743209999999999815e-01
3.488220000000000209e-01
2.039330000000000032e-01
3.042110000000000092e-01
2.577059999999999906e-01
3.361910000000000176e-01
1.633759999999999935e-01
4.835809999999999831e-01
2.386590000000000100e-01
3.099290000000000100e-01
3.676209999999999756e-01
2.178029999999999966e-01
3.894909999999999761e-01
3.580610000000000182e-01
1.508760000000000101e-01
1.522779999999999967e-01
1.548569999999999947e-01
2.740900000000000003e-01
2.064429999999999876e-01
1.479699999999999904e-01
2.539950000000000263e-01
1.850600000000000023e-01
2.721950000000000203e-01
2.802160000000000206e-01
1.600020000000000053e-01
2.298969999999999902e-01
1.550529999999999964e-01
3.138639999999999763e-01
4.396189999999999820e-01
3.473339999999999761e-01
1.888340000000000019e-01
1.552119999999999889e-01
2.401649999999999896e-01
1.776580000000000104e-01
2.524319999999999897e-01
3.614789999999999948e-01
6.399430000000000396e-01
2.373629999999999907e-01
3.459690000000000265e-01
1.467239999999999933e-01
2.662919999999999732e-01
1.971809999999999952e-01
4.105659999999999865e-01
1.451729999999999965e-01
2.779300000000000104e-01
3.792590000000000128e-01
3.376199999999999757e-01
2.256660000000000055e-01
2.236360000000000015e-01
2.325530000000000097e-01
1.096720000000000056e-01
4.248770000000000047e-01
2.989910000000000068e-01
3.530079999999999885e-01
2.056499999999999995e-01
3.912640000000000007e-01
2.324249999999999927e-01
2.482370000000000132e-01
2.962339999999999973e-01
1.324579999999999924e-01
1.498730000000000062e-01
5.049730000000000052e-01
2.445529999999999926e-01
4.422200000000000020e-01
3.705430000000000113e-01
2.273499999999999965e-01
4.021270000000000122e-01
4.331119999999999970e-01
2.102700000000000125e-01
2.239420000000000022e-01
1.688860000000000083e-01
3.172570000000000112e-01
2.598869999999999791e-01
3.503959999999999853e-01
2.650589999999999891e-01
2.527519999999999767e-01
3.123580000000000245e-01
1.886130000000000029e-01
1.435379999999999989e-01
1.225109999999999949e-01
2.126290000000000124e-01
4.563949999999999951e-01
5.851189999999999447e-01
2.141589999999999883e-01
2.008020000000000083e-01
3.031179999999999986e-01
1.775529999999999886e-01
1.237940000000000013e-01
1.567350000000000132e-01
2.363550000000000095e-01
2.307230000000000114e-01
4.419420000000000015e-01
2.292049999999999921e-01
2.592869999999999897e-01
1.950409999999999922e-01
1.743369999999999920e-01
2.920079999999999898e-01
2.035599999999999909e-01
1.570350000000000079e-01
1.804240000000000010e-01
2.809470000000000023e-01
1.837580000000000047e-01
3.307769999999999877e-01
2.111220000000000041e-01
2.153110000000000024e-01
3.999659999999999882e-01
2.107809999999999961e-01
3.536949999999999816e-01
2.964959999999999818e-01
3.349599999999999800e-01
5.160249999999999559e-01
2.324180000000000135e-01
3.668580000000000174e-01
2.095950000000000035e-01
1.870120000000000116e-01
4.258970000000000256e-01
2.670449999999999768e-01
3.212459999999999760e-01
4.105800000000000005e-01
1.445859999999999923e-01
1.520900000000000030e-01
