0.090400
0.172812
0.250021
0.220421
0.356428
0.256781
0.129230
0.153984
0.186924
0.249179
0.171992
0.241482
0.343999
0.465942
0.117102
0.142175
0.204222
0.269414
0.134656
0.170591
0.225238
0.173331
0.084336
0.180470
0.307603
0.335927
0.144379
0.160996
0.305333
0.210856
0.280133
0.132780
0.293156
0.166310
0.248211
0.143398
0.190215
0.458443
0.139853
0.145231
0.126792
0.180679
0.149889
0.115311
0.120771
0.268890
0.084747
0.092107
0.129915
0.143160
0.111030
0.152188
0.153651
0.144937
0.090827
0.098463
0.099354
0.215677
0.180468
0.110876
0.242625
0.545856
0.180073
0.291924
0.284699
0.420316
0.071323
0.084680
0.299766
0.234573
0.150162
0.206924
0.279813
0.318082
0.357707
0.210323
0.317879
0.172196
0.339254
0.181912
0.205477
0.483548
0.211604
0.270078
0.232863
0.375191
0.297778
0.136437
0.137604
0.185926
0.189533
0.315121
0.293910
0.254294
0.335010
0.193211
0.300126
0.201903
0.329596
0.172187
0.248976
0.206326
0.241543
0.154910
0.336965
0.353081
0.140051
0.179053
0.324381
0.221745
0.076549
0.110948
0.328625
0.160665
0.270909
0.156864
0.162842
0.239401
0.197265
0.311150
0.240232
0.168507
0.446013
0.209581
0.306338
0.305138
0.146511
0.317099
0.290669
0.210466
0.175692
0.121986
0.120744
0.157393
0.270773
0.154729
0.154630
0.254474
0.133681
0.145999
0.168047
0.263526
0.246643
0.282911
0.301555
0.412641
0.342168
0.175893
0.645445
0.315075
0.170511
0.198811
0.361107
0.240418
0.087948
0.119054
0.296569
0.239439
0.199359
0.168203
0.176412
0.221000
0.168857
0.248931
0.540569
0.433026
0.168578
0.142462
0.224212
0.283171
0.108802
0.254511
0.191730
0.325455
0.127097
0.152722
0.115738
0.240860
0.151352
0.130918
0.182001
0.287203
0.281682
0.570388
0.438429
0.588089
0.400625
0.188539
0.279696
0.308335
0.185227
0.344246
0.398459
0.601391
0.182312
0.181115
0.553245
0.280408
0.111018
0.121492