0.063251
0.099741
0.181341
0.167216
0.151528
0.184329
0.215320
0.165179
0.218123
0.177624
0.159903
0.388004
0.323194
0.211118
0.388863
0.209956
0.094500
0.095466
0.124412
0.520777
0.218917
0.401328
0.176311
0.339684
0.167350
0.215702
0.278099
0.307278
0.205215
0.377525
0.127104
0.577843
0.090341
0.092881
0.223247
0.191843
0.189804
0.222148
0.411998
0.218919
0.297133
0.284458
0.423584
0.231101
0.223646
0.280468
0.255362
0.245938
0.455420
0.347755
0.481776
0.197857
0.256399
0.457337
0.759668
0.420905
0.251976
0.155038
0.118914
0.184568
0.151612
0.138904
0.125383
0.189691
0.089433
0.263882
0.117287
0.142582
0.283596
0.131922
0.095490
0.154838
0.170169
0.158546
0.174738
0.155567
0.162722
0.197961
0.194086
0.368949
0.059125
0.141155
0.186142
0.327461
0.140468
0.098387
0.137749
0.164093
0.149955
0.143239
0.176986
0.154230
0.359484
0.148671
0.114898
0.173162
0.122859
0.232311