0.111603
0.273602
0.338361
0.416105
0.119211
0.344555
0.600114
0.317669
0.195711
0.472602
0.133813
0.297761
0.352852
0.142842
0.456505
0.169893
0.178034
0.326967
0.283565
0.522482
0.342146
0.254804
0.170158
0.266908
0.177279
0.335520
0.436863
0.242007
0.230631
0.472272
0.416359
0.502173
0.260407
0.141864
0.237291
0.367005
0.286601
0.143573
0.575047
0.258270
0.138982
0.229629
0.162777
0.165438
0.253006
0.325661
0.193281
0.337990
0.138668
0.242905
0.164008
0.400777
0.177748
0.266867
0.215514
0.166162
0.169020
0.261563
0.292233
0.168223
0.324161
0.213189
0.245969
0.289437
0.102742
0.199348
0.265814
0.228240
0.244008
0.412062
0.337253
0.165992
0.415750
0.322757
0.336618
0.240515
0.242034
0.275491
0.345620
0.195899
0.143308
0.292732
0.221157
0.203656
0.474898
0.334982
0.218233
0.361846
0.133338
0.368817
0.276403
0.116292
0.075889
0.145280
0.182642
0.419300
0.134218
0.261585