2.126210000000000044e-01
2.795889999999999764e-01
2.910900000000000154e-01
4.592660000000000076e-01
4.767779999999999796e-01
1.913990000000000136e-01
2.808849999999999958e-01
2.379900000000000071e-01
2.056929999999999870e-01
2.429159999999999930e-01
1.936670000000000058e-01
1.716540000000000010e-01
3.197269999999999834e-01
3.122579999999999800e-01
1.969319999999999959e-01
2.083430000000000004e-01
2.555029999999999801e-01
4.758769999999999945e-01
3.397819999999999729e-01
5.803739999999999455e-01
2.830969999999999875e-01
1.899879999999999902e-01
3.588589999999999836e-01
2.043879999999999864e-01
2.420769999999999866e-01
1.810609999999999997e-01
3.351319999999999855e-01
2.536100000000000021e-01
1.806730000000000003e-01
4.206730000000000191e-01
2.010440000000000005e-01
1.834020000000000095e-01
1.782440000000000135e-01
2.818280000000000229e-01
1.326680000000000081e-01
1.154270000000000018e-01
3.444550000000000112e-01
2.555959999999999899e-01
2.115049999999999986e-01
2.864689999999999737e-01
2.495489999999999930e-01
2.053379999999999928e-01
1.333290000000000031e-01
2.507440000000000224e-01
2.638690000000000202e-01
2.483190000000000119e-01
3.271319999999999784e-01
2.198499999999999899e-01
4.939769999999999994e-01
3.182079999999999909e-01
2.597169999999999757e-01
2.223459999999999881e-01
2.464379999999999904e-01
1.888400000000000079e-01
1.894010000000000138e-01
2.801799999999999846e-01
1.035940000000000055e-01
2.467910000000000104e-01
3.200520000000000032e-01
1.657379999999999964e-01
4.325720000000000121e-01
2.218890000000000029e-01
4.138850000000000029e-01
2.358629999999999893e-01
5.880999999999999561e-01
3.380429999999999824e-01
2.671080000000000121e-01
3.818619999999999792e-01
7.078060000000000462e-01
4.902859999999999996e-01
1.279329999999999912e-01
9.838099999999999623e-02
