7.224300000000000166e-02
9.838299999999999823e-02
3.831840000000000246e-01
2.798840000000000217e-01
2.267419999999999991e-01
2.240469999999999962e-01
2.449689999999999923e-01
1.702859999999999929e-01
2.243840000000000001e-01
1.831649999999999945e-01
1.682200000000000084e-01
1.673449999999999938e-01
1.681090000000000084e-01
1.856339999999999935e-01
1.593529999999999947e-01
1.103419999999999956e-01
1.098610000000000003e-01
2.440489999999999882e-01
1.421250000000000013e-01
2.302919999999999967e-01
4.339470000000000272e-01
2.353300000000000114e-01
2.842879999999999852e-01
1.890479999999999938e-01
2.033750000000000002e-01
2.412239999999999940e-01
2.598400000000000154e-01
1.442460000000000131e-01
2.155040000000000011e-01
2.116240000000000065e-01
2.000490000000000046e-01
4.318969999999999754e-01
1.087670000000000026e-01
1.077629999999999977e-01
2.506809999999999872e-01
2.638159999999999950e-01
5.988219999999999654e-01
4.321650000000000214e-01
2.240580000000000072e-01
4.187620000000000231e-01
1.152149999999999980e-01
2.122219999999999940e-01
2.607579999999999898e-01
1.134899999999999937e-01
1.394360000000000044e-01
1.620010000000000061e-01
1.679710000000000092e-01
1.701749999999999929e-01
6.462800000000000489e-02
1.721679999999999877e-01
1.776639999999999886e-01
1.682329999999999937e-01
1.216160000000000019e-01
1.401620000000000088e-01
1.122129999999999933e-01
1.226399999999999990e-01
2.096830000000000083e-01
2.175980000000000136e-01
2.055839999999999890e-01
4.452550000000000119e-01
5.105319999999999858e-01
2.084789999999999976e-01
2.400130000000000041e-01
2.389600000000000057e-01
1.109620000000000051e-01
1.483279999999999876e-01
1.610419999999999907e-01
2.291239999999999943e-01
1.821679999999999966e-01
3.863679999999999892e-01
2.346260000000000012e-01
4.355370000000000075e-01
2.439300000000000079e-01
2.141689999999999983e-01
2.235240000000000005e-01
2.555120000000000169e-01
3.549220000000000153e-01
6.050119999999999942e-01
2.028149999999999953e-01
2.779940000000000189e-01
1.199439999999999951e-01
1.277409999999999934e-01
3.986330000000000151e-01
2.235659999999999870e-01
3.489389999999999992e-01
2.662039999999999962e-01
2.275050000000000128e-01
1.930369999999999864e-01
1.950179999999999969e-01
2.580009999999999803e-01
1.971189999999999887e-01
2.692559999999999953e-01
2.009650000000000047e-01
2.866659999999999764e-01
3.915299999999999891e-01
2.102890000000000037e-01
1.124229999999999952e-01
1.582739999999999980e-01
