8.950700000000000323e-02
1.168399999999999994e-01
2.064779999999999949e-01
1.680959999999999954e-01
1.799749999999999961e-01
2.761410000000000253e-01
2.629630000000000023e-01
1.439479999999999926e-01
2.672039999999999971e-01
1.911879999999999968e-01
2.913180000000000214e-01
4.341960000000000264e-01
1.639490000000000114e-01
3.618299999999999850e-01
1.904139999999999999e-01
1.983640000000000125e-01
1.732279999999999931e-01
3.577910000000000257e-01
1.905320000000000069e-01
1.204130000000000061e-01
8.553399999999999892e-02
1.629480000000000095e-01
1.198670000000000013e-01
1.884810000000000096e-01
2.275220000000000020e-01
1.548660000000000037e-01
4.064189999999999747e-01
2.761839999999999851e-01
3.858269999999999755e-01
1.828919999999999990e-01
9.157099999999999962e-02
1.230760000000000048e-01
1.567769999999999997e-01
1.598620000000000041e-01
1.482999999999999874e-01
2.891369999999999774e-01
1.596889999999999976e-01
1.995679999999999954e-01
1.807539999999999980e-01
3.617029999999999967e-01
1.068250000000000033e-01
1.914260000000000128e-01
2.249329999999999941e-01
3.696820000000000106e-01
1.500039999999999984e-01
2.451190000000000035e-01
1.878199999999999870e-01
4.041199999999999792e-01
1.421880000000000088e-01
1.311710000000000098e-01
1.579160000000000008e-01
1.905129999999999879e-01
1.607240000000000058e-01
1.428989999999999982e-01
1.680540000000000089e-01
1.154540000000000011e-01
1.759300000000000030e-01
1.442680000000000073e-01
1.794080000000000119e-01
1.984750000000000125e-01
9.453699999999999604e-02
1.897010000000000085e-01
1.886059999999999959e-01
1.632029999999999870e-01
1.797960000000000114e-01
1.711820000000000008e-01
1.062010000000000037e-01
1.226610000000000061e-01
2.555959999999999899e-01
1.516979999999999995e-01
1.291100000000000025e-01
2.524460000000000037e-01
2.056149999999999922e-01
1.781270000000000076e-01
3.853260000000000018e-01
2.162429999999999908e-01
2.326830000000000009e-01
4.527760000000000118e-01
2.243670000000000109e-01
2.164600000000000135e-01
1.239520000000000066e-01
1.428899999999999892e-01
2.214470000000000049e-01
1.474630000000000107e-01
1.404430000000000123e-01
1.433770000000000044e-01
2.239980000000000027e-01
1.789330000000000087e-01
1.526959999999999984e-01
1.744670000000000110e-01
1.950469999999999982e-01
1.575860000000000039e-01
1.659579999999999944e-01
1.655889999999999862e-01
2.382640000000000036e-01
1.851609999999999923e-01
2.085639999999999994e-01
3.259239999999999915e-01
2.357059999999999989e-01
2.008369999999999878e-01
1.210200000000000026e-01
1.750559999999999894e-01
1.441119999999999901e-01
2.504359999999999919e-01
1.739900000000000058e-01
3.149890000000000190e-01
1.568759999999999877e-01
1.538170000000000093e-01
2.641319999999999779e-01
4.900289999999999924e-01
2.463019999999999932e-01
4.396120000000000028e-01
2.995849999999999902e-01
2.390430000000000055e-01
3.150209999999999955e-01
5.667079999999999895e-01
2.284909999999999997e-01
3.167740000000000000e-01
2.673639999999999906e-01
2.326580000000000037e-01
2.066320000000000101e-01
1.168580000000000035e-01
2.549960000000000004e-01
2.173090000000000022e-01
2.230080000000000118e-01
1.707180000000000086e-01
2.304110000000000047e-01
2.084979999999999889e-01
2.307829999999999881e-01
1.897429999999999950e-01
1.820009999999999961e-01
2.962420000000000053e-01
2.487999999999999934e-01
4.408409999999999829e-01
4.913319999999999910e-01
2.628159999999999941e-01
2.454030000000000100e-01
2.302639999999999965e-01
1.636140000000000094e-01
1.602609999999999868e-01
3.591969999999999885e-01
2.720719999999999805e-01
2.018989999999999951e-01
3.573899999999999855e-01
2.346000000000000030e-01
3.736729999999999774e-01
1.546140000000000014e-01
2.082549999999999957e-01
4.683860000000000245e-01
2.421409999999999951e-01
2.014060000000000017e-01
2.428730000000000055e-01
1.599559999999999871e-01
2.604079999999999728e-01
2.143849999999999922e-01
2.105430000000000079e-01
1.585610000000000075e-01
1.393490000000000006e-01
1.633100000000000107e-01
1.998459999999999959e-01
9.199599999999999445e-02
1.189709999999999934e-01
