0.291796
0.279344
0.400870
0.195170
0.417273
0.241491
0.136758
0.140279
0.159696
0.311170
0.181495
0.173926
0.371333
0.512744
0.099383
0.200672
0.119344
0.412248
0.185402
0.200204
0.194506
0.442309
0.253709
0.200889
0.307862
0.157679
0.287718
0.171758
0.137788
0.310223
0.090277
0.117422
0.308059
0.261750
0.124424
0.175609
0.295944
0.351437
0.237145
0.211262
0.231665
0.331447
0.069048
0.087974
0.168286
0.216023
0.582597
0.245546
0.397855
0.261121
0.322731
0.604530
0.669363
0.361273
0.204148
0.397369
0.112866
0.097370
0.204139
0.293564
0.306114
0.315687
0.202948
0.209142
0.274863
0.281403
0.410248
0.302089
0.175220
0.185011
0.085658
0.097470