2.095019999999999938e-01
1.782459999999999878e-01
4.814769999999999883e-01
4.097509999999999764e-01
5.738360000000000127e-01
2.367319999999999980e-01
1.579139999999999988e-01
4.019699999999999940e-01
1.775559999999999916e-01
5.135530000000000372e-01
1.644110000000000016e-01
1.687720000000000053e-01
1.635969999999999924e-01
3.225089999999999901e-01
4.103269999999999973e-01
1.652689999999999992e-01
1.779340000000000088e-01
2.905719999999999970e-01
1.080890000000000045e-01
2.236990000000000089e-01
2.260479999999999989e-01
1.920489999999999975e-01
2.505009999999999737e-01
3.817139999999999977e-01
1.036200000000000038e-01
2.461569999999999869e-01
2.116000000000000103e-01
3.653359999999999941e-01
1.549590000000000134e-01
2.157030000000000058e-01
3.103250000000000175e-01
5.905369999999999786e-01
2.609859999999999958e-01
3.037279999999999980e-01
1.905860000000000054e-01
2.796170000000000044e-01
2.378379999999999939e-01
1.682220000000000104e-01
5.088000000000000300e-01
2.085039999999999949e-01
1.643419999999999881e-01
2.995979999999999754e-01
4.229319999999999746e-01
2.772169999999999912e-01
2.064310000000000034e-01
2.586300000000000265e-01
3.555320000000000147e-01
2.076459999999999972e-01
1.246960000000000013e-01
2.604380000000000028e-01
