6.746099999999999319e-02
1.824020000000000086e-01
1.343930000000000125e-01
6.468400000000000538e-02
1.427769999999999873e-01
1.514900000000000135e-01
1.928110000000000102e-01
1.733379999999999921e-01
2.262480000000000047e-01
4.317799999999999971e-01
9.743699999999999584e-02
1.087940000000000018e-01
2.085839999999999916e-01
1.833579999999999932e-01
1.574190000000000034e-01
9.508700000000000485e-02
8.298149999999999693e-01
4.053910000000000013e-01
2.115140000000000076e-01
1.148190000000000044e-01
2.502559999999999785e-01
2.366590000000000082e-01
3.177409999999999957e-01
2.773900000000000254e-01
2.173690000000000067e-01
3.695820000000000216e-01
1.841750000000000054e-01
3.499450000000000061e-01
3.240580000000000127e-01
2.780360000000000054e-01
2.428990000000000038e-01
1.618799999999999961e-01
2.881659999999999777e-01
2.684230000000000227e-01
1.591950000000000032e-01
1.597169999999999979e-01
3.609780000000000211e-01
2.468640000000000001e-01
5.900729999999999587e-01
3.191309999999999980e-01
2.675159999999999760e-01
2.647530000000000161e-01
1.702529999999999877e-01
1.591970000000000052e-01
2.767740000000000200e-01
2.975510000000000099e-01
1.798210000000000086e-01
2.105750000000000122e-01
1.807900000000000063e-01
2.260359999999999869e-01
1.283779999999999921e-01
2.317110000000000003e-01
1.407529999999999892e-01
2.438839999999999897e-01
1.074259999999999937e-01
2.218360000000000054e-01
4.299910000000000121e-01
2.293939999999999868e-01
1.390470000000000039e-01
1.200650000000000051e-01
2.325510000000000077e-01
1.848009999999999931e-01
1.178120000000000001e-01
1.477729999999999877e-01
2.026060000000000083e-01
2.234629999999999950e-01
1.135260000000000019e-01
1.414410000000000112e-01
3.295799999999999841e-01
1.937470000000000026e-01
2.069000000000000006e-01
2.295999999999999985e-01
1.009700000000000042e-01
1.960369999999999890e-01
2.554089999999999971e-01
1.152930000000000066e-01
1.879730000000000012e-01
2.714550000000000018e-01
1.676120000000000110e-01
3.235060000000000158e-01
2.086669999999999914e-01
2.919180000000000108e-01
1.313459999999999905e-01
1.416570000000000051e-01
1.851750000000000063e-01
1.912719999999999976e-01
2.859380000000000255e-01
5.338230000000000475e-01
2.663209999999999744e-01
2.675770000000000093e-01
8.941599999999999548e-02
1.127950000000000064e-01
1.497749999999999915e-01
3.284250000000000225e-01
1.417579999999999951e-01
3.412419999999999898e-01
2.019660000000000066e-01
1.457610000000000017e-01
1.752360000000000029e-01
9.773800000000000543e-02
1.232319999999999943e-01
1.318680000000000130e-01
1.892330000000000123e-01
1.300739999999999952e-01
1.764709999999999890e-01
1.632230000000000070e-01
9.545499999999999818e-02
2.205060000000000076e-01
6.761999999999999955e-02
1.267749999999999988e-01
1.358779999999999988e-01
8.250899999999999901e-02
2.878450000000000175e-01
2.445199999999999874e-01
1.466810000000000058e-01
1.419690000000000119e-01
2.011199999999999932e-01
2.022529999999999883e-01
2.938029999999999808e-01
2.080950000000000022e-01
2.741870000000000140e-01
2.713499999999999801e-01
2.012279999999999902e-01
3.747770000000000268e-01
7.374249999999999972e-01
3.260299999999999865e-01
7.370400000000000562e-02
1.149550000000000016e-01
