1.097289999999999932e-01
1.570529999999999982e-01
1.808559999999999890e-01
3.778279999999999972e-01
2.294460000000000111e-01
1.252320000000000100e-01
2.532050000000000134e-01
1.706479999999999941e-01
7.539230000000000098e-01
4.332500000000000240e-01
1.538390000000000035e-01
2.438549999999999884e-01
2.332460000000000089e-01
1.634379999999999999e-01
1.602040000000000131e-01
4.056609999999999938e-01
4.459279999999999911e-01
2.473249999999999893e-01
3.967849999999999988e-01
1.601619999999999988e-01
2.500550000000000272e-01
2.091780000000000028e-01
3.102420000000000178e-01
2.472419999999999896e-01
2.900159999999999960e-01
2.210169999999999912e-01
2.527940000000000187e-01
5.077399999999999691e-01
3.987089999999999801e-01
2.945960000000000245e-01
2.149790000000000034e-01
2.717760000000000176e-01
4.871519999999999739e-01
2.376179999999999959e-01
1.836500000000000077e-01
3.631849999999999801e-01
2.697930000000000050e-01
3.060939999999999772e-01
1.967329999999999912e-01
1.437289999999999957e-01
2.067950000000000066e-01
1.339980000000000060e-01
2.976260000000000017e-01
4.361400000000000277e-01
1.379879999999999995e-01
3.040709999999999802e-01
2.434649999999999870e-01
1.264760000000000051e-01
2.851909999999999723e-01
1.616120000000000057e-01
1.115700000000000025e-01
3.495309999999999806e-01
2.967250000000000165e-01
2.305500000000000049e-01
2.446929999999999938e-01
1.308080000000000076e-01
3.597670000000000035e-01
2.533039999999999736e-01
1.207850000000000035e-01
9.319600000000000106e-02
2.511669999999999736e-01
4.454730000000000079e-01
3.886910000000000087e-01
2.068859999999999866e-01
1.304230000000000111e-01
2.521590000000000220e-01
1.180130000000000068e-01
2.167870000000000075e-01
2.366129999999999900e-01
4.457990000000000008e-01
4.749459999999999793e-01
2.378389999999999949e-01
1.500229999999999897e-01
3.823670000000000124e-01
6.001279999999999948e-01
4.489369999999999750e-01
3.093770000000000131e-01
3.783779999999999921e-01
1.473579999999999890e-01
3.981529999999999792e-01
2.042859999999999954e-01
1.866049999999999931e-01
2.740119999999999778e-01
4.622280000000000277e-01
4.002049999999999774e-01
2.447590000000000043e-01
2.566269999999999940e-01
1.516560000000000130e-01
1.918920000000000070e-01
2.918209999999999971e-01
1.452859999999999985e-01
2.190789999999999960e-01
2.401159999999999961e-01
1.788049999999999917e-01
1.624579999999999913e-01
3.253880000000000106e-01
5.919750000000000290e-01
4.275490000000000124e-01
1.455609999999999959e-01
2.537869999999999848e-01
3.573560000000000070e-01
2.276209999999999900e-01
2.277760000000000062e-01
1.447829999999999950e-01
2.280000000000000082e-01
1.955089999999999884e-01
1.604460000000000053e-01
2.625000000000000111e-01
2.603219999999999978e-01
2.635660000000000225e-01
1.401110000000000133e-01
2.190219999999999945e-01
1.958920000000000106e-01
2.151210000000000067e-01
1.547099999999999864e-01
2.541100000000000025e-01
4.885999999999999788e-01
3.336210000000000009e-01
1.302850000000000119e-01
2.594710000000000072e-01
4.525279999999999858e-01
2.651129999999999876e-01
2.029870000000000008e-01
3.693270000000000164e-01
4.938000000000000167e-01
2.568449999999999900e-01
2.542550000000000088e-01
1.820380000000000054e-01
3.812610000000000166e-01
2.465880000000000016e-01
1.978399999999999881e-01
4.720590000000000064e-01
1.586879999999999957e-01
1.732690000000000063e-01
1.571299999999999919e-01
4.140510000000000024e-01
3.925020000000000175e-01
3.236060000000000048e-01
3.371080000000000187e-01
1.240210000000000062e-01
1.363920000000000132e-01
2.478360000000000007e-01
3.682480000000000198e-01
1.834099999999999897e-01
2.458130000000000037e-01
4.685779999999999945e-01
5.759269999999999667e-01
1.920189999999999952e-01
2.384819999999999995e-01
4.265700000000000047e-01
2.146460000000000035e-01
2.836060000000000247e-01
1.601760000000000128e-01
2.009690000000000087e-01
2.516950000000000021e-01
1.303110000000000102e-01
3.120240000000000236e-01
3.651380000000000181e-01
1.309720000000000051e-01
1.588189999999999880e-01
3.292919999999999736e-01
2.177659999999999874e-01
1.957959999999999978e-01
2.836110000000000020e-01
2.101079999999999892e-01
2.081169999999999964e-01
2.103200000000000069e-01
1.661809999999999954e-01
2.738039999999999918e-01
2.326129999999999864e-01
2.074459999999999915e-01
3.659379999999999855e-01
2.026300000000000046e-01
1.528170000000000084e-01
1.887330000000000119e-01
2.390480000000000105e-01
1.124489999999999934e-01
1.733159999999999978e-01
1.559339999999999893e-01
1.304559999999999886e-01
2.287039999999999906e-01
1.759809999999999985e-01
2.830980000000000163e-01
4.474420000000000064e-01
2.124540000000000040e-01
1.660399999999999932e-01
2.229710000000000025e-01
1.652029999999999887e-01
3.153009999999999979e-01
1.973610000000000086e-01
1.907780000000000031e-01
1.885699999999999876e-01
1.941209999999999880e-01
1.790629999999999999e-01
4.494279999999999942e-01
5.732599999999999918e-01
3.764379999999999948e-01
2.961960000000000148e-01
8.645100000000000007e-02
1.455440000000000067e-01
