0.192980
0.261427
0.198773
0.208588
0.277057
0.499319
0.228614
0.224869
0.167694
0.149467
0.237305
0.191752
0.350195
0.171986
0.345174
0.244877
0.228823
0.259629
0.247320
0.380660
0.472465
0.596930
0.153288
0.237289
0.281097
0.266652
0.199778
0.489989
0.140245
0.266332
0.250476
0.520869
0.146975
0.204908
0.217506
0.341007
0.482776
0.210679
0.352154
0.418447
0.287002
0.237611
0.195649
0.310819
0.204009
0.368554
0.219595
0.150259
0.116684
0.138568
0.157862
0.148985
0.173456
0.289278
0.258587
0.385468
0.197315
0.336953
0.269230
0.201978
0.400954
0.265479
0.165319
0.275167
0.322173
0.474010
0.145731
0.226805
0.309167
0.158739
0.260799
0.183776
0.211419
0.141978
0.361883
0.168283
0.273170
0.519599
0.242329
0.419825
0.397353
0.270308
0.156043
0.273957
0.304714
0.299113
0.261431
0.179891
0.097645
0.130989
0.250245
0.187986
0.435870
0.232312
0.441882
0.219834
0.151128
0.283704
0.265114
0.402410
0.424871
0.252799
0.186899
0.265980
0.513357
0.319252
0.558714
0.221923
0.308274
0.133776
0.131514
0.164358
0.244005
0.204291
0.485690
0.281790
0.145574
0.284075
0.327036
0.403216
0.443034
0.248678
0.282873
0.501356
0.266260
0.299182
0.256781
0.229095
0.148551
0.260662
0.216917
0.321387
0.136896
0.181476
0.319153
0.227218
0.199758
0.262515
0.400255
0.518949
0.318741
0.430915
0.224810
0.509627
0.497668
0.271758
0.235042
0.177382
0.252860
0.148272
0.511424
0.244238
0.207018
0.190363
0.208271
0.293110
0.197265
0.219525
0.228656
0.346026
0.245449
0.375089
0.237722
0.139759
0.277918
0.242211
0.126681
0.192075
0.083982
0.114347
0.138601
0.230419
0.155879
0.193867
0.489448
0.691225
0.155317
0.287071
0.503307
0.403999
0.371722
0.178357
0.242332
0.375902
0.266164
0.266892
0.251752
0.179004
0.156379
0.157742
0.355829
0.207832
0.424228
0.204705
0.313497
0.314654
0.197108
0.288143
0.208541
0.376904