1.144830000000000014e-01
1.735680000000000001e-01
1.397180000000000089e-01
1.185640000000000027e-01
2.855940000000000145e-01
1.191890000000000033e-01
1.323120000000000129e-01
1.244699999999999973e-01
4.113930000000000087e-01
1.812410000000000132e-01
2.876310000000000255e-01
2.737430000000000141e-01
1.105899999999999939e-01
1.810859999999999970e-01
2.199869999999999881e-01
1.606899999999999995e-01
2.188690000000000080e-01
1.617220000000000046e-01
4.181119999999999837e-01
2.539690000000000003e-01
2.048329999999999873e-01
1.378860000000000086e-01
7.849299999999999333e-02
1.086950000000000000e-01
3.146700000000000053e-01
1.681219999999999937e-01
2.398220000000000074e-01
1.282600000000000129e-01
2.566120000000000068e-01
1.430579999999999907e-01
3.483519999999999950e-01
2.630779999999999785e-01
2.402620000000000033e-01
4.485890000000000155e-01
2.795279999999999987e-01
1.581100000000000005e-01
1.034609999999999974e-01
1.924649999999999972e-01
3.410520000000000218e-01
4.701770000000000116e-01
1.848309999999999953e-01
1.562719999999999942e-01
2.187929999999999875e-01
1.129600000000000048e-01
1.000449999999999950e-01
2.285179999999999989e-01
1.400009999999999866e-01
1.191640000000000060e-01
2.146069999999999922e-01
1.655880000000000130e-01
5.068890000000000340e-01
2.625100000000000211e-01
1.395289999999999864e-01
1.978749999999999953e-01
1.903920000000000057e-01
2.133150000000000046e-01
1.393169999999999964e-01
1.815930000000000044e-01
2.240979999999999916e-01
2.195830000000000004e-01
4.551609999999999823e-01
2.152739999999999931e-01
3.151390000000000025e-01
1.713230000000000031e-01
3.500710000000000210e-01
2.040319999999999911e-01
1.614410000000000012e-01
1.098750000000000004e-01
6.152440000000000131e-01
2.401300000000000101e-01
3.661579999999999835e-01
3.429289999999999838e-01
1.754370000000000096e-01
2.665339999999999931e-01
6.282400000000000206e-01
2.612410000000000010e-01
2.351310000000000067e-01
4.691770000000000107e-01
2.618759999999999977e-01
3.273610000000000131e-01
1.131629999999999997e-01
8.295800000000000396e-02
1.197529999999999983e-01
8.080299999999999983e-02
2.412340000000000040e-01
1.099949999999999956e-01
9.072900000000000409e-02
8.135299999999999476e-02
9.158600000000000074e-02
2.093990000000000018e-01
2.559779999999999833e-01
2.677180000000000115e-01
1.389459999999999862e-01
3.415759999999999907e-01
3.455259999999999998e-01
1.076529999999999987e-01
1.442910000000000026e-01
3.285410000000000275e-01
1.952810000000000101e-01
1.945840000000000070e-01
1.747049999999999992e-01
1.704910000000000037e-01
2.343760000000000010e-01
1.301529999999999909e-01
1.933549999999999991e-01
2.334189999999999876e-01
1.436540000000000039e-01
2.107350000000000056e-01
1.951209999999999889e-01
1.800070000000000003e-01
1.649899999999999978e-01
1.982679999999999998e-01
1.395019999999999871e-01
1.746590000000000087e-01
1.911110000000000031e-01
2.166150000000000020e-01
1.610389999999999877e-01
2.710659999999999736e-01
3.293550000000000089e-01
2.003109999999999891e-01
1.774320000000000064e-01
3.247669999999999724e-01
1.122589999999999977e-01
2.273709999999999898e-01
2.677430000000000088e-01
5.423719999999999652e-01
1.346289999999999987e-01
2.390609999999999957e-01
1.457730000000000137e-01
2.090970000000000051e-01
2.541349999999999998e-01
3.149799999999999822e-01
9.580199999999999827e-02
1.085630000000000067e-01
1.744390000000000107e-01
2.421879999999999866e-01
3.768610000000000015e-01
1.612740000000000007e-01
2.393480000000000052e-01
2.372420000000000084e-01
2.956650000000000111e-01
1.496450000000000002e-01
1.323300000000000032e-01
1.054220000000000018e-01
4.385270000000000001e-01
2.012150000000000050e-01
1.085799999999999960e-01
1.110899999999999943e-01
1.880759999999999932e-01
1.279669999999999974e-01
2.883589999999999764e-01
2.458519999999999872e-01
1.290340000000000098e-01
1.982029999999999903e-01
9.458999999999999353e-02
2.202050000000000118e-01
1.198250000000000010e-01
1.761659999999999893e-01
2.134929999999999883e-01
2.111860000000000126e-01
1.363169999999999937e-01
2.074139999999999873e-01
1.361439999999999872e-01
2.684949999999999837e-01
1.713770000000000016e-01
3.019120000000000137e-01
1.132070000000000021e-01
2.138819999999999888e-01
1.479679999999999884e-01
2.328629999999999867e-01
2.783539999999999903e-01
2.917339999999999933e-01
2.187489999999999990e-01
1.453619999999999912e-01
1.398300000000000098e-01
2.692490000000000161e-01
7.835300000000000598e-02
1.102770000000000000e-01
2.556320000000000259e-01
1.928880000000000039e-01
1.391249999999999987e-01
1.974249999999999894e-01
1.336459999999999870e-01
1.184390000000000026e-01
2.304070000000000007e-01
2.290399999999999936e-01
1.228090000000000015e-01
1.231450000000000045e-01
1.852679999999999882e-01
2.132550000000000001e-01
2.569600000000000217e-01
2.444129999999999914e-01
1.854600000000000137e-01
2.904379999999999740e-01
1.820799999999999919e-01
2.291819999999999968e-01
1.752049999999999996e-01
1.601650000000000018e-01
9.971700000000000008e-02
1.142809999999999937e-01
