1.454129999999999867e-01
4.905700000000000061e-01
1.650739999999999985e-01
1.397720000000000073e-01
2.284519999999999884e-01
2.320869999999999878e-01
2.921210000000000195e-01
5.049109999999999987e-01
2.969689999999999830e-01
2.188960000000000072e-01
2.116969999999999963e-01
3.851069999999999771e-01
2.227510000000000046e-01
4.302960000000000118e-01
2.596809999999999952e-01
5.329920000000000213e-01
2.023790000000000033e-01
1.485480000000000134e-01
4.658740000000000103e-01
2.318550000000000055e-01
3.850589999999999846e-01
2.404870000000000063e-01
8.113890000000000269e-01
4.540009999999999879e-01
4.990840000000000276e-01
3.790529999999999733e-01
3.760669999999999846e-01
7.524140000000000272e-01
1.606080000000000008e-01
3.159259999999999846e-01
4.384330000000000171e-01
3.454639999999999933e-01
7.827199999999999436e-02
1.868660000000000043e-01
2.684150000000000147e-01
1.756310000000000093e-01
1.250090000000000090e-01
1.612929999999999919e-01
1.616360000000000019e-01
2.254249999999999865e-01
1.289790000000000103e-01
2.355619999999999936e-01
1.730869999999999909e-01
2.512630000000000141e-01
1.701419999999999877e-01
1.143570000000000003e-01
1.710029999999999883e-01
1.693060000000000120e-01
1.128659999999999941e-01
2.620149999999999979e-01
2.370170000000000055e-01
1.374940000000000051e-01
2.141959999999999975e-01
3.535510000000000042e-01
2.127709999999999879e-01
1.696179999999999910e-01
2.196130000000000027e-01
4.982820000000000027e-01
4.680400000000000116e-01
1.447809999999999930e-01
7.553710000000000147e-01
4.328949999999999743e-01
3.625820000000000154e-01
2.360849999999999893e-01
1.873299999999999965e-01
2.893229999999999968e-01
3.114069999999999894e-01
5.282090000000000396e-01
1.861929999999999974e-01
3.521340000000000026e-01
5.941180000000000350e-01
2.283250000000000002e-01
3.654780000000000251e-01
2.318649999999999878e-01
2.115430000000000088e-01
2.654770000000000185e-01
4.420979999999999910e-01
2.819340000000000179e-01
4.229470000000000174e-01
2.162969999999999893e-01
1.576140000000000041e-01
2.888149999999999884e-01
2.192659999999999887e-01
3.301810000000000023e-01
7.088210000000000344e-01
5.554289999999999505e-01
1.892939999999999900e-01
4.480549999999999811e-01
2.251509999999999900e-01
4.585020000000000207e-01
3.958349999999999924e-01
5.981309999999999683e-01
1.459610000000000074e-01
2.971469999999999945e-01
5.186469999999999692e-01
2.425640000000000018e-01
2.031320000000000070e-01
3.085870000000000002e-01
