7.159000000000000086e-02
2.827939999999999898e-01
1.233770000000000006e-01
1.088760000000000006e-01
1.536750000000000060e-01
2.947199999999999820e-01
2.379719999999999891e-01
1.714890000000000025e-01
6.541139999999999732e-01
3.809810000000000141e-01
4.755150000000000210e-01
1.323189999999999922e-01
5.863939999999999708e-01
4.217750000000000110e-01
6.530869999999999731e-01
3.503029999999999755e-01
2.999200000000000199e-01
1.370379999999999932e-01
1.304970000000000019e-01
7.991900000000000392e-02
1.413889999999999869e-01
1.404670000000000085e-01
3.851399999999999824e-01
1.386509999999999965e-01
3.510679999999999912e-01
9.904899999999999816e-02
1.492279999999999995e-01
1.034380000000000022e-01
1.601839999999999931e-01
3.109930000000000194e-01
8.605300000000000449e-02
2.774969999999999937e-01
