1.262939999999999896e-01
2.961230000000000251e-01
2.662959999999999772e-01
1.622109999999999941e-01
1.148330000000000045e-01
2.101850000000000107e-01
1.277280000000000082e-01
2.275530000000000053e-01
1.367909999999999959e-01
2.673550000000000093e-01
1.957069999999999921e-01
2.042660000000000031e-01
2.524700000000000277e-01
5.368190000000000461e-01
1.978429999999999911e-01
1.604579999999999895e-01
2.334469999999999879e-01
1.772600000000000009e-01
2.821429999999999771e-01
2.477100000000000135e-01
2.182280000000000053e-01
1.872010000000000063e-01
3.131120000000000014e-01
2.619090000000000029e-01
1.764519999999999977e-01
3.733690000000000064e-01
3.796470000000000122e-01
2.125380000000000047e-01
1.195100000000000051e-01
1.204049999999999981e-01
3.103960000000000052e-01
1.158050000000000052e-01
3.447580000000000089e-01
1.710480000000000056e-01
6.306659999999999489e-01
3.332689999999999819e-01
1.558930000000000038e-01
3.033159999999999745e-01
2.425350000000000006e-01
1.161250000000000060e-01
2.014950000000000074e-01
1.226919999999999955e-01
7.384200000000000486e-02
2.504390000000000227e-01
1.980550000000000088e-01
1.293930000000000080e-01
2.583110000000000128e-01
2.176200000000000079e-01
2.038810000000000067e-01
3.239949999999999775e-01
2.235499999999999987e-01
1.312089999999999923e-01
5.660690000000000444e-01
2.004670000000000063e-01
5.325429999999999886e-01
2.687610000000000277e-01
1.066929999999999962e-01
1.023239999999999983e-01
3.501480000000000148e-01
1.690570000000000128e-01
3.216939999999999800e-01
5.060109999999999886e-01
2.593400000000000150e-01
1.355149999999999966e-01
1.760440000000000060e-01
1.339029999999999943e-01
4.233190000000000008e-01
2.160829999999999973e-01
2.179959999999999953e-01
1.239880000000000010e-01
1.170479999999999993e-01
2.358979999999999966e-01
