1.363989999999999925e-01
2.975900000000000212e-01
1.725770000000000082e-01
2.188970000000000082e-01
2.322589999999999932e-01
2.623260000000000036e-01
2.422100000000000086e-01
2.396399999999999919e-01
2.806190000000000073e-01
4.655400000000000094e-01
2.272129999999999983e-01
1.947520000000000084e-01
3.171100000000000030e-01
3.072429999999999883e-01
2.754519999999999746e-01
3.072949999999999848e-01
2.576640000000000041e-01
3.796849999999999947e-01
3.908840000000000092e-01
1.957059999999999911e-01
2.476190000000000058e-01
1.863460000000000116e-01
4.449719999999999787e-01
7.069919999999999538e-01
3.240020000000000122e-01
6.538770000000000415e-01
3.001940000000000164e-01
2.873180000000000178e-01
2.990499999999999825e-01
2.684840000000000004e-01
6.275680000000000147e-01
4.418869999999999743e-01
4.637229999999999963e-01
6.370749999999999469e-01
2.883499999999999952e-01
2.710540000000000171e-01
2.160900000000000043e-01
3.682909999999999795e-01
3.333329999999999904e-01
5.406870000000000287e-01
2.214379999999999959e-01
1.185890000000000000e-01
3.024069999999999814e-01
1.702049999999999952e-01
2.553960000000000119e-01
3.092469999999999941e-01
2.338250000000000051e-01
2.750110000000000054e-01
2.200940000000000119e-01
4.130630000000000135e-01
4.117239999999999789e-01
2.589369999999999727e-01
2.606419999999999848e-01
2.768959999999999755e-01
3.143259999999999943e-01
5.455219999999999514e-01
1.800829999999999931e-01
2.032430000000000070e-01
3.957950000000000079e-01
1.843569999999999931e-01
1.466330000000000133e-01
2.255429999999999935e-01
2.969999999999999862e-01
2.402890000000000026e-01
3.007929999999999771e-01
4.946920000000000206e-01
3.045860000000000234e-01
3.666039999999999854e-01
3.714830000000000076e-01
3.215899999999999870e-01
2.991110000000000158e-01
4.359850000000000114e-01
3.072619999999999796e-01
2.056699999999999917e-01
2.333600000000000119e-01
1.715949999999999975e-01
2.080450000000000077e-01
2.754980000000000206e-01
1.944160000000000055e-01
2.321840000000000015e-01
1.356140000000000123e-01
2.148619999999999974e-01
4.590500000000000136e-01
2.170769999999999922e-01
2.882830000000000115e-01
2.863410000000000122e-01
2.319080000000000030e-01
3.242369999999999974e-01
2.557900000000000174e-01
3.903050000000000130e-01
2.244829999999999881e-01
1.713330000000000131e-01
1.661459999999999881e-01
1.766419999999999935e-01
1.965490000000000015e-01
2.284349999999999992e-01
2.268010000000000026e-01
1.986340000000000050e-01
2.245659999999999878e-01
3.731599999999999917e-01
1.100310000000000038e-01
2.082489999999999897e-01
2.355119999999999991e-01
2.831040000000000223e-01
2.783450000000000091e-01
2.742249999999999965e-01
2.370909999999999962e-01
1.941789999999999905e-01
4.735289999999999777e-01
2.608869999999999800e-01
2.275139999999999940e-01
2.401129999999999931e-01
3.451919999999999988e-01
2.177229999999999999e-01
1.863239999999999896e-01
2.529959999999999987e-01
2.173460000000000114e-01
2.391659999999999897e-01
2.205540000000000000e-01
2.004440000000000111e-01
2.017789999999999861e-01
3.215899999999999870e-01
2.089219999999999966e-01
3.327689999999999815e-01
2.291269999999999973e-01
4.321039999999999881e-01
2.283159999999999912e-01
2.767430000000000168e-01
1.768699999999999994e-01
2.854340000000000210e-01
3.698299999999999921e-01
1.860690000000000122e-01
4.863489999999999758e-01
2.572619999999999907e-01
3.432319999999999816e-01
5.135619999999999630e-01
1.406280000000000030e-01
2.427839999999999998e-01
5.541989999999999972e-01
3.681499999999999773e-01
2.102360000000000062e-01
3.097179999999999933e-01
2.375929999999999986e-01
2.525100000000000122e-01
3.040289999999999937e-01
2.530629999999999824e-01
3.930830000000000157e-01
1.803929999999999978e-01
2.755580000000000251e-01
2.725549999999999917e-01
2.494919999999999916e-01
2.416750000000000009e-01
2.707350000000000034e-01
2.711850000000000094e-01
2.792299999999999782e-01
4.743660000000000099e-01
3.487970000000000237e-01
2.709300000000000042e-01
4.956169999999999742e-01
3.772559999999999802e-01
2.015810000000000102e-01
2.370359999999999967e-01
