0.137741
0.257268
0.436357
0.213775
0.210132
0.293401
0.192715
0.111984
0.135713
0.296011
0.244336
0.123683
0.148181
0.392004
0.113364
0.117504
0.259853
0.447848
0.151495
0.234284
0.194380
0.251875
0.141343
0.241256
0.183433
0.203049
0.358224
0.168845
0.291204
0.320529
0.151246
0.117368
0.410770
0.666276
0.206256
0.248269
0.174101
0.200461
0.120380
0.278283
0.228498
0.206313
0.227704
0.606544
0.792264
0.524487
0.152225
0.274310
0.362381
0.265956
0.506489
0.252293
0.141179
0.414519
0.096099
0.139796
0.197224
0.253005
0.277852
0.164187
0.292372
0.465487
0.323993
0.173455
0.274796
0.320766
0.199916
0.508444
0.389927
0.191335
0.151834
0.327878
0.106975
0.154733
0.149619
0.275465
0.412281
0.291896
0.120708
0.161514
0.279380
0.212522
0.185210
0.241109
0.226157
0.266804
0.238177
0.166729
0.383987
0.275370
0.098427
0.218787
0.272161
0.391688
0.152503
0.137712
0.175662
0.261612
0.174873
0.175967
0.164561
0.317022
0.107686
0.192078
0.144085
0.183849
0.171120
0.381360
0.174142
0.368703
0.116434
0.124238
0.411931
0.243738
0.271574
0.372646
0.511141
0.814071
0.539396
0.292476
0.300161
0.539332
0.309351
0.163507
0.227340
0.544654
0.120024
0.088997