0.480691
0.347900
0.288569
0.272322
0.580411
0.301956
0.276758
0.279479
0.250727
0.222609
0.249497
0.429108
0.528102
0.270555
0.200640
0.134054
0.096701
0.232301
0.168538
0.224168
0.170811
0.236474
0.191908
0.141206
0.133132
0.274445
0.347770
0.151960
0.265787
0.168599
0.296466
0.139584
0.125975
0.184885
0.449794
0.340233
0.410051
0.188181
0.164577
0.222042
0.236617
0.125512
0.205516
0.192990
0.509804
0.300655
0.398580
0.284930
0.184666
0.217960
0.385886
0.170673
0.161589
0.213849
0.244126
0.186240
0.229464
0.149595
0.496459
0.217439
0.165617
0.256381
0.228414
0.375938
0.130368
0.190558
0.111657
0.170390
0.373592
0.159791
0.377664
0.214057
0.243159
0.280356
0.298048
0.216807
0.266140
0.216020
0.300718
0.477733
0.318895
0.219980
0.229061
0.242580
0.228444
0.127838
0.197414
0.253039
0.197697
0.244722
0.236300
0.385148
0.195003
0.173376
0.116907
0.160644
0.089876
0.183300