1.252979999999999927e-01
2.226150000000000073e-01
1.774850000000000039e-01
1.451220000000000010e-01
1.399779999999999913e-01
2.012919999999999987e-01
1.643429999999999891e-01
1.169749999999999956e-01
2.923899999999999832e-01
1.423429999999999973e-01
1.512999999999999901e-01
2.545410000000000172e-01
1.122469999999999996e-01
1.137600000000000000e-01
9.299100000000000421e-02
1.634430000000000049e-01
8.214499999999999580e-02
8.743199999999999583e-02
3.102730000000000210e-01
2.576789999999999914e-01
1.403280000000000083e-01
1.673999999999999932e-01
1.753830000000000111e-01
3.718940000000000023e-01
3.834159999999999791e-01
2.505539999999999989e-01
2.491929999999999978e-01
2.387869999999999993e-01
3.839770000000000127e-01
1.290409999999999890e-01
4.306360000000000188e-01
1.859230000000000049e-01
2.078560000000000130e-01
1.642419999999999991e-01
1.307010000000000116e-01
1.281410000000000049e-01
2.154179999999999984e-01
2.471530000000000116e-01
1.422410000000000063e-01
2.227669999999999928e-01
1.497439999999999882e-01
2.719260000000000010e-01
3.465889999999999804e-01
1.866980000000000028e-01
3.895239999999999814e-01
2.511570000000000191e-01
1.687220000000000109e-01
3.129000000000000115e-01
1.273809999999999942e-01
1.576279999999999903e-01
1.530509999999999926e-01
1.783129999999999993e-01
1.162369999999999931e-01
1.168119999999999992e-01
2.698079999999999923e-01
2.631959999999999855e-01
2.131250000000000089e-01
3.774350000000000205e-01
2.423480000000000079e-01
2.937139999999999751e-01
9.380399999999999849e-02
1.491020000000000123e-01
2.435640000000000027e-01
2.091139999999999943e-01
2.691060000000000119e-01
2.872890000000000166e-01
1.760950000000000015e-01
1.741800000000000015e-01
1.236700000000000021e-01
3.096450000000000036e-01
9.740000000000000047e-02
1.144109999999999988e-01
2.763860000000000205e-01
1.990939999999999932e-01
2.141139999999999988e-01
1.864119999999999944e-01
2.311100000000000099e-01
4.616790000000000060e-01
2.001050000000000051e-01
1.756479999999999986e-01
1.213459999999999955e-01
1.909480000000000066e-01
1.857409999999999894e-01
2.932960000000000012e-01
1.381020000000000025e-01
1.400139999999999996e-01
1.623229999999999951e-01
1.598950000000000093e-01
1.039120000000000044e-01
1.087710000000000066e-01
5.227600000000000025e-01
3.254469999999999863e-01
3.114810000000000079e-01
1.627480000000000038e-01
1.219890000000000002e-01
3.393539999999999890e-01
2.190080000000000082e-01
2.155579999999999996e-01
5.161090000000000400e-01
2.820639999999999814e-01
1.289410000000000001e-01
2.818260000000000209e-01
2.011199999999999932e-01
1.406930000000000125e-01
2.052209999999999868e-01
1.520809999999999940e-01
1.263080000000000036e-01
1.307619999999999894e-01
3.484599999999999920e-01
3.131140000000000034e-01
5.360650000000000137e-01
3.504579999999999917e-01
4.118640000000000079e-01
6.792340000000000044e-01
2.457590000000000052e-01
2.556889999999999996e-01
2.780079999999999774e-01
2.636660000000000115e-01
7.788209999999999855e-01
4.265880000000000227e-01
1.476079999999999892e-01
1.123529999999999945e-01
2.485580000000000012e-01
1.652589999999999892e-01
1.655590000000000117e-01
1.563019999999999965e-01
4.519050000000000011e-01
3.528459999999999930e-01
2.716609999999999858e-01
2.723769999999999802e-01
3.209380000000000011e-01
3.297379999999999756e-01
1.778980000000000006e-01
2.823419999999999819e-01
2.734989999999999921e-01
2.752310000000000034e-01
3.342950000000000088e-01
3.356950000000000212e-01
2.578210000000000224e-01
3.462450000000000250e-01
1.049439999999999956e-01
1.281660000000000021e-01
2.827919999999999878e-01
1.177160000000000012e-01
3.979809999999999737e-01
5.263759999999999550e-01
3.290850000000000164e-01
2.759030000000000094e-01
3.567259999999999875e-01
3.937350000000000017e-01
3.643850000000000144e-01
6.512580000000000036e-01
3.088500000000000134e-01
3.272370000000000001e-01
4.339729999999999976e-01
3.451859999999999928e-01
5.078770000000000229e-01
2.782830000000000026e-01
5.991090000000000027e-01
2.737899999999999778e-01
2.629870000000000263e-01
1.284490000000000076e-01
