0.095657
0.098527
0.262365
0.239862
0.230714
0.262994
0.137018
0.364521
0.238444
0.229088
0.253195
0.260651
0.171816
0.170302
0.181130
0.291806
0.265444
0.443818
0.196648
0.158582
0.147392
0.162799
0.134305
0.264014
0.349574
0.222111
0.202067
0.115778
0.157618
0.173218
0.204620
0.117131
0.162157
0.253202
0.177353
0.192347
0.188047
0.365229
0.111226
0.144805
0.149022
0.180032
0.441192
0.266136
0.186176
0.169076
0.133856
0.112745
0.217109
0.204021
0.463220
0.235554
0.268123
0.159537
0.213305
0.219530
0.221218
0.459042
0.148757
0.197216
0.288925
0.540444
0.292518
0.288634
0.538918
0.335494
0.218356
0.120192
0.261548
0.264407
0.538413
0.296029
0.364602
0.207095
0.361441
0.232523
0.275573
0.301222
0.207631
0.242500
0.301448
0.181070
0.500503
0.275501
0.223979
0.176344
0.147000
0.147087
0.130179
0.157453
0.221203
0.217459
0.183914
0.319058
0.225696
0.255448
0.205049
0.225993
0.121521
0.155289
0.140265
0.170940
0.219057
0.194072
0.190090
0.295668
0.125775
0.116847
0.315739
0.173640
0.137616
0.246830
0.240414
0.144970
0.405577
0.252035
0.205639
0.222233
0.136749
0.179077
0.214220
0.407100
0.196279
0.284020
0.278597
0.412655
0.159878
0.136003
0.223558
0.254421
0.270167
0.450227
0.110679
0.125346
0.521413
0.314696
0.286390
0.443093
0.308418
0.141820
0.152936
0.184941
0.238542
0.395302
0.394910
0.259448
0.128328
0.126441
0.351786
0.229467
0.204397
0.234553
0.155461
0.151249
0.150761
0.196747
0.196340
0.233103
0.146727
0.143717
0.152821
0.158922
0.375454
0.215040
0.195607
0.202796
0.117177
0.117007
0.204597
0.178635
0.197403
0.363692
0.139031
0.143911
0.350567
0.231886
0.141807
0.217982
0.131501
0.141497
0.416051
0.259633
0.211563
0.332781
0.250337
0.302595
0.180835
0.189302
0.310331
0.512137
0.255023
0.306558
0.431028
0.245138
0.331033
0.282077
0.269293
0.299609
0.310526
0.210618