1.021669999999999939e-01
2.028129999999999933e-01
4.036009999999999875e-01
2.156180000000000041e-01
3.526369999999999783e-01
5.763979999999999659e-01
1.536619999999999930e-01
1.375959999999999961e-01
2.106139999999999957e-01
3.157460000000000266e-01
4.055929999999999813e-01
5.219519999999999715e-01
3.540590000000000126e-01
1.363439999999999930e-01
1.167979999999999990e-01
2.423990000000000034e-01
2.492939999999999878e-01
2.681000000000000050e-01
1.158949999999999980e-01
8.657600000000000018e-02
2.807990000000000208e-01
5.592040000000000344e-01
1.594460000000000044e-01
2.473839999999999928e-01
2.326969999999999872e-01
1.550680000000000114e-01
2.369519999999999960e-01
2.599460000000000104e-01
2.513349999999999751e-01
2.945490000000000053e-01
2.899619999999999975e-01
1.757809999999999928e-01
2.599929999999999741e-01
2.804030000000000133e-01
3.166430000000000078e-01
4.502249999999999863e-01
5.473270000000000080e-01
2.350420000000000009e-01
7.598789999999999711e-01
5.387509999999999799e-01
3.309000000000000274e-01
4.133560000000000012e-01
2.858910000000000062e-01
1.958380000000000121e-01
2.483720000000000094e-01
3.888559999999999794e-01
2.259569999999999912e-01
4.165749999999999731e-01
1.487249999999999961e-01
2.751560000000000117e-01
3.121590000000000198e-01
1.941110000000000058e-01
2.503580000000000250e-01
1.920910000000000117e-01
1.037619999999999931e-01
2.153730000000000089e-01
1.600100000000000133e-01
2.984289999999999998e-01
2.045309999999999906e-01
3.114009999999999834e-01
1.630739999999999967e-01
1.666479999999999906e-01
2.460299999999999987e-01
2.573540000000000272e-01
3.036349999999999882e-01
2.557249999999999801e-01
1.238960000000000061e-01
1.420869999999999911e-01
5.274780000000000024e-01
2.551530000000000187e-01
1.471099999999999908e-01
1.886390000000000011e-01
