0.129478
0.227725
0.204298
0.145335
0.452537
0.256870
0.268172
0.210766
0.416085
0.207354
0.255931
0.267581
0.398190
0.218356
0.151159
0.260192
0.334262
0.304221
0.220367
0.297242
0.167401
0.135918
0.303223
0.479324
0.241067
0.316848
0.289028
0.260704
0.332582
0.321794
0.306699
0.459680
0.208585
0.183528
0.395798
0.417579
0.480082
0.237169
0.154008
0.294763
0.432190
0.270932
0.495570
0.257224
0.192553
0.239414
0.554972
0.367162
0.776050
0.427849
0.190788
0.362404
0.572418
0.419154
0.483160
0.239873
0.150362
0.262381
0.510028
0.270719
0.144858
0.201770
0.443454
0.237183
0.309920
0.260747
0.396254
0.221836
0.159225
0.181487
0.383951
0.289895
0.218767
0.409262
0.125855
0.129197
0.333692
0.360151
0.203875
0.358505
0.164974
0.226024
0.261535
0.232562
0.297879
0.241084
0.122989
0.236873
0.294760
0.301272
0.278092
0.211763
0.130050
0.159484
0.420037
0.396665
0.507400
0.300259
0.238787
0.220551
0.134529
0.196473
0.367011
0.229393
0.157487
0.178585
0.445734
0.229325
0.242358
0.144406
0.146876
0.276945
0.610139
0.199025
0.289327
0.200819
0.296975
0.433287
0.459391
0.561557
0.250301
0.289637
0.154184
0.195430
0.478583
0.579098
0.272391
0.276231
0.287238
0.153032
0.383140
0.488479
0.256892
0.313934
0.286250
0.277996
0.334407
0.353590
0.313130
0.447985
0.225629
0.178355
0.399156
0.416391
0.171743
0.264000
0.107555
0.183804
0.327464
0.355639
0.184986
0.274860
0.159037
0.301584
0.220220
0.124576
0.309945
0.147892
0.126937
0.130572
0.180155
0.309838