1.116029999999999939e-01
2.736020000000000119e-01
3.383610000000000229e-01
4.161050000000000026e-01
1.192109999999999975e-01
3.445550000000000002e-01
6.001140000000000363e-01
3.176689999999999792e-01
1.957109999999999961e-01
4.726020000000000221e-01
1.338129999999999875e-01
2.977609999999999979e-01
3.528519999999999990e-01
1.428419999999999968e-01
4.565049999999999941e-01
1.698929999999999885e-01
1.780339999999999978e-01
3.269670000000000076e-01
2.835650000000000115e-01
5.224820000000000020e-01
3.421460000000000057e-01
2.548039999999999750e-01
1.701580000000000037e-01
2.669079999999999786e-01
1.772789999999999921e-01
3.355199999999999849e-01
4.368630000000000013e-01
2.420069999999999999e-01
2.306310000000000027e-01
4.722720000000000251e-01
4.163589999999999791e-01
5.021729999999999805e-01
2.604069999999999996e-01
1.418639999999999901e-01
2.372910000000000019e-01
3.670050000000000257e-01
2.866009999999999946e-01
1.435730000000000062e-01
5.750469999999999748e-01
2.582699999999999996e-01
1.389819999999999944e-01
2.296289999999999998e-01
1.627770000000000050e-01
1.654380000000000017e-01
2.530060000000000087e-01
3.256609999999999783e-01
1.932810000000000084e-01
3.379900000000000126e-01
1.386680000000000135e-01
2.429050000000000098e-01
1.640079999999999871e-01
4.007769999999999944e-01
1.777479999999999893e-01
2.668670000000000209e-01
2.155140000000000111e-01
1.661620000000000041e-01
1.690200000000000036e-01
2.615629999999999900e-01
2.922330000000000205e-01
1.682230000000000114e-01
3.241609999999999769e-01
2.131889999999999896e-01
2.459689999999999932e-01
2.894369999999999998e-01
1.027420000000000000e-01
1.993479999999999974e-01
2.658139999999999947e-01
2.282399999999999984e-01
2.440080000000000027e-01
4.120619999999999838e-01
3.372530000000000250e-01
1.659920000000000007e-01
4.157500000000000084e-01
3.227570000000000161e-01
3.366179999999999728e-01
2.405150000000000066e-01
2.420339999999999991e-01
2.754909999999999859e-01
3.456199999999999828e-01
1.958989999999999898e-01
1.433079999999999909e-01
2.927319999999999922e-01
2.211569999999999925e-01
2.036560000000000037e-01
4.748979999999999868e-01
3.349820000000000020e-01
2.182330000000000103e-01
3.618460000000000010e-01
1.333380000000000121e-01
3.688170000000000059e-01
2.764030000000000098e-01
1.162920000000000065e-01
7.588899999999999813e-02
1.452799999999999925e-01
1.826419999999999988e-01
4.193000000000000060e-01
1.342180000000000040e-01
2.615850000000000120e-01
