2.782850000000000046e-01
3.235549999999999815e-01
4.929359999999999853e-01
2.909809999999999897e-01
1.584409999999999985e-01
1.982879999999999920e-01
4.446840000000000237e-01
1.892179999999999973e-01
3.448760000000000159e-01
1.821180000000000021e-01
3.005340000000000233e-01
2.535879999999999801e-01
3.829380000000000006e-01
5.378159999999999608e-01
1.623860000000000026e-01
2.860509999999999997e-01
2.151500000000000079e-01
2.389699999999999880e-01
4.005199999999999871e-01
2.210900000000000087e-01
2.550160000000000204e-01
2.505180000000000184e-01
2.932460000000000067e-01
2.593799999999999994e-01
3.438320000000000265e-01
3.863050000000000095e-01
2.664150000000000129e-01
3.374030000000000085e-01
1.721380000000000132e-01
9.697000000000000064e-02
1.787239999999999940e-01
2.522119999999999918e-01
3.093060000000000254e-01
4.938370000000000259e-01
2.066939999999999888e-01
4.123459999999999903e-01
2.908709999999999907e-01
3.449329999999999896e-01
3.406210000000000071e-01
2.023240000000000038e-01
3.628000000000000114e-01
2.443599999999999939e-01
1.290580000000000060e-01
1.994080000000000019e-01
2.097809999999999953e-01
2.481109999999999982e-01
3.810239999999999738e-01
2.159699999999999953e-01
4.305849999999999955e-01
3.382769999999999944e-01
3.818540000000000267e-01
2.354449999999999876e-01
3.911780000000000257e-01
5.828619999999999912e-01
5.279810000000000336e-01
2.064870000000000039e-01
1.572439999999999949e-01
1.859679999999999944e-01
7.086839999999999806e-01
4.385760000000000214e-01
2.769050000000000122e-01
2.826779999999999848e-01
5.447809999999999597e-01
2.645879999999999899e-01
1.786949999999999927e-01
2.413230000000000097e-01
2.158909999999999996e-01
1.342689999999999995e-01
1.852540000000000020e-01
3.356410000000000227e-01
2.229399999999999993e-01
3.308510000000000062e-01
