0.002588
0.000189
0.001181
0.000291
0.006458
0.017576
0.001336
0.003986
0.000213
0.000067
0.000212
0.000241
0.000430
0.007059
0.000443
0.016004
0.004391
0.000076
0.032130
0.001629
0.008862
0.007660
0.041661
0.023006
0.000253
0.000000
0.001777
0.000345
0.000325
0.001971
0.002693
0.013562
0.008193
0.003550
0.000445
0.000445
0.004190
0.052827
0.000076
0.003456
0.000542
0.001790
0.000072
0.000871
0.000259
0.021511
0.000043
0.018420
0.013737
0.001882
0.009411
0.002110
0.006243
0.025260
0.003712
0.019420
0.000680
0.000454
0.000632
0.000691
0.000150
0.006136
0.000240
0.014331
0.005253
0.000628
0.001249
0.000104
0.001584
0.001112
0.000244
0.000193
0.010111
0.003517
0.011141
0.005847
0.003894
0.010525
0.004200
0.023551
0.011438
0.000425
0.034594
0.001950
0.004187
0.000906
0.011500
0.002927
0.009067
0.000673
0.036391
0.003131
0.002989
0.002548
0.011615
0.008061
0.012929
0.007324
0.000236
0.000340
0.000756
0.002539
0.000024
0.000023
0.032935
0.057866
0.005473
0.019671
0.001747
0.044173
0.000342
0.023968
0.033545
0.005745
0.012437
0.003345
0.001582
0.002463
0.001061
0.000992
0.025979
0.011998
0.018824
0.008347
0.001221
0.007911
0.001311
0.006945