0000000 0.000171
0000001 0.001957
0000010 0.000086
0000011 0.000043
0000100 0.000786
0000101 0.013100
0000110 0.000843
0000111 0.001143
0001000 0.000343
0001001 0.005557
0001010 0.000129
0001011 0.000114
0001100 0.000771
0001101 0.017086
0001110 0.000557
0001111 0.000400
0010000 0.001043
0010001 0.057157
0010010 0.012943
0010011 0.042129
0010100 0.000100
0010101 0.017114
0010110 0.003100
0010111 0.013014
0011000 0.002871
0011001 0.082286
0011010 0.010171
0011011 0.020343
0011100 0.000071
0011101 0.001386
0011110 0.000143
0011111 0.000457
0100000 0.000243
0100001 0.002914
0100010 0.000143
0100011 0.000000
0100100 0.002600
0100101 0.040257
0100110 0.002129
0100111 0.002000
0101000 0.004800
0101001 0.035643
0101010 0.000386
0101011 0.000114
0101100 0.004514
0101101 0.055257
0101110 0.001086
0101111 0.000214
0110000 0.000371
0110001 0.009886
0110010 0.000800
0110011 0.001114
0110100 0.000029
0110101 0.001814
0110110 0.000043
0110111 0.000271
0111000 0.000957
0111001 0.019914
0111010 0.000529
0111011 0.000286
0111100 0.000000
0111101 0.000529
0111110 0.000071
0111111 0.000086
1000000 0.000057
1000001 0.000000
1000010 0.000729
1000011 0.000000
1000100 0.000329
1000101 0.000686
1000110 0.020929
1000111 0.000829
1001000 0.000257
1001001 0.000071
1001010 0.002143
1001011 0.000014
1001100 0.001300
1001101 0.000843
1001110 0.009629
1001111 0.000186
1010000 0.000286
1010001 0.001071
1010010 0.057671
1010011 0.003957
1010100 0.000086
1010101 0.000457
1010110 0.035714
1010111 0.004886
1011000 0.001786
1011001 0.001529
1011010 0.040886
1011011 0.002486
1011100 0.000014
1011101 0.000114
1011110 0.002800
1011111 0.000143
1100000 0.000671
1100001 0.000200
1100010 0.001814
1100011 0.000043
1100100 0.020614
1100101 0.009343
1100110 0.082800
1100111 0.002743
1101000 0.012829
1101001 0.002800
1101010 0.017243
1101011 0.000171
1101100 0.043086
1101101 0.013743
1101110 0.058300
1101111 0.001029
1110000 0.000357
1110001 0.000486
1110010 0.015914
1110011 0.000957
1110100 0.000114
1110101 0.000171
1110110 0.005000
1110111 0.000329
1111000 0.000971
1111001 0.000857
1111010 0.013757
1111011 0.000957
1111100 0.000100
1111101 0.000129
1111110 0.002243
1111111 0.000129
