0000000 0.000143
0000001 0.000714
0000010 0.012171
0000011 0.008629
0000100 0.000043
0000101 0.000086
0000110 0.004457
0000111 0.000014
0001000 0.000014
0001001 0.000229
0001010 0.000000
0001011 0.000071
0001100 0.000157
0001101 0.000643
0001110 0.000157
0001111 0.000086
0010000 0.000100
0010001 0.000329
0010010 0.078543
0010011 0.036314
0010100 0.000029
0010101 0.000029
0010110 0.156186
0010111 0.000286
0011000 0.000000
0011001 0.000114
0011010 0.000186
0011011 0.000429
0011100 0.000729
0011101 0.001457
0011110 0.059457
0011111 0.008000
0100000 0.004829
0100001 0.005414
0100010 0.064871
0100011 0.000714
0100100 0.000829
0100101 0.000171
0100110 0.015386
0100111 0.000014
0101000 0.000157
0101001 0.000143
0101010 0.000000
0101011 0.000043
0101100 0.004071
0101101 0.000671
0101110 0.003071
0101111 0.000114
0110000 0.000157
0110001 0.000029
0110010 0.013600
0110011 0.000171
0110100 0.000071
0110101 0.000014
0110110 0.009857
0110111 0.000014
0111000 0.000014
0111001 0.000000
0111010 0.000100
0111011 0.000000
0111100 0.000743
0111101 0.000071
0111110 0.004814
0111111 0.000029
1000000 0.000129
1000001 0.004714
1000010 0.000014
1000011 0.000671
1000100 0.000029
1000101 0.000100
1000110 0.000057
1000111 0.000000
1001000 0.000000
1001001 0.009600
1001010 0.000000
1001011 0.000029
1001100 0.000157
1001101 0.013229
1001110 0.000071
1001111 0.000114
1010000 0.000100
1010001 0.003400
1010010 0.000571
1010011 0.003714
1010100 0.000000
1010101 0.000057
1010110 0.000200
1010111 0.000114
1011000 0.000029
1011001 0.015586
1011010 0.000171
1011011 0.000900
1011100 0.000729
1011101 0.066071
1011110 0.005871
1011111 0.004714
1100000 0.007500
1100001 0.061886
1100010 0.001700
1100011 0.000586
1100100 0.000343
1100101 0.000071
1100110 0.000100
1100111 0.000014
1101000 0.000271
1101001 0.154929
1101010 0.000086
1101011 0.000043
1101100 0.034286
1101101 0.077486
1101110 0.000443
1101111 0.000129
1110000 0.000014
1110001 0.000314
1110010 0.000614
1110011 0.000114
1110100 0.000086
1110101 0.000014
1110110 0.000143
1110111 0.000000
1111000 0.000014
1111001 0.004829
1111010 0.000071
1111011 0.000029
1111100 0.008057
1111101 0.012114
1111110 0.000700
1111111 0.000086
