0.131562
0.073409
0.015510
0.008851
0.002676
0.070963
0.000325
0.005323
0.020044
0.010231
0.001892
0.001042
0.000535
0.013160
0.000074
0.000830
0.005148
0.002982
0.006983
0.003147
0.000966
0.045404
0.000990
0.007976
0.002061
0.001106
0.003520
0.001150
0.000853
0.020904
0.001802
0.007572
0.040893
0.013214
0.018040
0.004584
0.000956
0.013632
0.000380
0.002902
0.025697
0.007451
0.009894
0.001795
0.000975
0.011535
0.000227
0.001535
0.002034
0.000768
0.024717
0.004416
0.000529
0.010467
0.004419
0.010720
0.004077
0.001274
0.090625
0.006132
0.002293
0.027288
0.098693
0.088850