00000000 0.000013
00000001 0.000237
00000010 0.000025
00000011 0.000225
00000100 0.000175
00000101 0.000000
00000110 0.000400
00000111 0.000075
00001000 0.000025
00001001 0.000175
00001010 0.000000
00001011 0.000000
00001100 0.000087
00001101 0.000100
00001110 0.000138
00001111 0.000050
00010000 0.001800
00010001 0.001388
00010010 0.001025
00010011 0.001138
00010100 0.016350
00010101 0.000313
00010110 0.020425
00010111 0.000825
00011000 0.000013
00011001 0.000000
00011010 0.000000
00011011 0.000000
00011100 0.001400
00011101 0.000162
00011110 0.001850
00011111 0.000037
00100000 0.000400
00100001 0.003438
00100010 0.000450
00100011 0.003325
00100100 0.000075
00100101 0.000000
00100110 0.000287
00100111 0.000000
00101000 0.000262
00101001 0.001313
00101010 0.000000
00101011 0.000013
00101100 0.000087
00101101 0.000000
00101110 0.000200
00101111 0.000000
00110000 0.003000
00110001 0.003788
00110010 0.004038
00110011 0.004725
00110100 0.000700
00110101 0.000000
00110110 0.003563
00110111 0.000075
00111000 0.000463
00111001 0.000387
00111010 0.000013
00111011 0.000075
00111100 0.000513
00111101 0.000050
00111110 0.000650
00111111 0.000000
01000000 0.000013
01000001 0.000100
01000010 0.000075
01000011 0.000412
01000100 0.000000
01000101 0.000000
01000110 0.000538
01000111 0.000025
01001000 0.000000
01001001 0.000000
01001010 0.000025
01001011 0.000000
01001100 0.000087
01001101 0.000000
01001110 0.000225
01001111 0.000000
01010000 0.000338
01010001 0.000150
01010010 0.000700
01010011 0.000825
01010100 0.000112
01010101 0.000000
01010110 0.007537
01010111 0.000800
01011000 0.000025
01011001 0.000000
01011010 0.000000
01011011 0.000000
01011100 0.000438
01011101 0.000000
01011110 0.001425
01011111 0.000000
01100000 0.000812
01100001 0.009575
01100010 0.029525
01100011 0.092613
01100100 0.000000
01100101 0.000000
01100110 0.002938
01100111 0.000562
01101000 0.003275
01101001 0.006663
01101010 0.016400
01101011 0.015675
01101100 0.000575
01101101 0.000063
01101110 0.006575
01101111 0.000500
01110000 0.010900
01110001 0.002375
01110010 0.098150
01110011 0.065588
01110100 0.000075
01110101 0.000000
01110110 0.022138
01110111 0.001125
01111000 0.001175
01111001 0.000487
01111010 0.003625
01111011 0.002425
01111100 0.000687
01111101 0.000000
01111110 0.011200
01111111 0.000125
10000000 0.000112
10000001 0.010762
10000010 0.000000
10000011 0.000725
10000100 0.002662
10000101 0.003962
10000110 0.000550
10000111 0.001288
10001000 0.000925
10001001 0.022025
10001010 0.000000
10001011 0.000150
10001100 0.065138
10001101 0.097412
10001110 0.002413
10001111 0.010600
10010000 0.000400
10010001 0.005812
10010010 0.000037
10010011 0.000650
10010100 0.014937
10010101 0.015938
10010110 0.006750
10010111 0.003375
10011000 0.000588
10011001 0.002775
10011010 0.000000
10011011 0.000013
10011100 0.093787
10011101 0.030988
10011110 0.009075
10011111 0.000800
10100000 0.000000
10100001 0.001325
10100010 0.000000
10100011 0.000425
10100100 0.000000
10100101 0.000000
10100110 0.000000
10100111 0.000000
10101000 0.000700
10101001 0.007725
10101010 0.000000
10101011 0.000162
10101100 0.000850
10101101 0.000800
10101110 0.000162
10101111 0.000338
10110000 0.000000
10110001 0.000250
10110010 0.000000
10110011 0.000075
10110100 0.000013
10110101 0.000000
10110110 0.000000
10110111 0.000000
10111000 0.000013
10111001 0.000500
10111010 0.000000
10111011 0.000000
10111100 0.000338
10111101 0.000037
10111110 0.000100
10111111 0.000000
11000000 0.000000
11000001 0.000838
11000010 0.000025
11000011 0.000487
11000100 0.000050
11000101 0.000138
11000110 0.000550
11000111 0.000438
11001000 0.000025
11001001 0.003087
11001010 0.000013
11001011 0.000463
11001100 0.004638
11001101 0.004163
11001110 0.003600
11001111 0.002587
11010000 0.000000
11010001 0.000138
11010010 0.000000
11010011 0.000125
11010100 0.000075
11010101 0.000000
11010110 0.001275
11010111 0.000287
11011000 0.000000
11011001 0.000200
11011010 0.000000
11011011 0.000050
11011100 0.003225
11011101 0.000675
11011110 0.003187
11011111 0.000262
11100000 0.000063
11100001 0.001563
11100010 0.000175
11100011 0.001675
11100100 0.000000
11100101 0.000000
11100110 0.000063
11100111 0.000063
11101000 0.001025
11101001 0.019425
11101010 0.000225
11101011 0.016125
11101100 0.001075
11101101 0.001288
11101110 0.001587
11101111 0.002162
11110000 0.000025
11110001 0.000162
11110010 0.000112
11110011 0.000162
11110100 0.000000
11110101 0.000000
11110110 0.000138
11110111 0.000025
11111000 0.000025
11111001 0.000562
11111010 0.000000
11111011 0.000100
11111100 0.000150
11111101 0.000025
11111110 0.000175
11111111 0.000013
