0.027816
0.036450
0.006383
0.077083
0.004883
0.009121
0.002383
0.025933
0.005083
0.007717
0.001950
0.020316
0.006850
0.011572
0.004017
0.035483
0.026916
0.008033
0.009717
0.009633
0.007667
0.002417
0.005017
0.004133
0.009333
0.002283
0.003500
0.003950
0.012683
0.004517
0.008433
0.007567
0.003600
0.004950
0.002633
0.021150
0.002700
0.004650
0.002683
0.023783
0.002850
0.004967
0.002583
0.022600
0.006267
0.011800
0.006683
0.055483
0.034066
0.005667
0.018666
0.014017
0.029183
0.006433
0.024016
0.018100
0.032583
0.006267
0.019700
0.014617
0.073099
0.014983
0.058383
0.042000