00000000 0.000287
00000001 0.000025
00000010 0.002737
00000011 0.000100
00000100 0.000087
00000101 0.000175
00000110 0.000112
00000111 0.000150
00001000 0.002650
00001001 0.000100
00001010 0.001863
00001011 0.000013
00001100 0.000063
00001101 0.001525
00001110 0.000000
00001111 0.000013
00010000 0.001412
00010001 0.000050
00010010 0.007737
00010011 0.000100
00010100 0.000438
00010101 0.000350
00010110 0.000350
00010111 0.000138
00011000 0.012587
00011001 0.000025
00011010 0.004112
00011011 0.000000
00011100 0.001213
00011101 0.000588
00011110 0.000025
00011111 0.000000
00100000 0.000000
00100001 0.000000
00100010 0.000162
00100011 0.000000
00100100 0.000000
00100101 0.000013
00100110 0.000000
00100111 0.000000
00101000 0.006600
00101001 0.000862
00101010 0.010000
00101011 0.000338
00101100 0.000212
00101101 0.006338
00101110 0.000050
00101111 0.000275
00110000 0.000000
00110001 0.000000
00110010 0.000562
00110011 0.000050
00110100 0.000000
00110101 0.000000
00110110 0.000013
00110111 0.000013
00111000 0.012350
00111001 0.000513
00111010 0.006812
00111011 0.000150
00111100 0.001662
00111101 0.001225
00111110 0.000075
00111111 0.000112
01000000 0.000050
01000001 0.000025
01000010 0.000087
01000011 0.000063
01000100 0.000212
01000101 0.001187
01000110 0.000225
01000111 0.000788
01001000 0.000025
01001001 0.000050
01001010 0.000000
01001011 0.000000
01001100 0.000125
01001101 0.000675
01001110 0.000000
01001111 0.000000
01010000 0.033763
01010001 0.000025
01010010 0.094488
01010011 0.000087
01010100 0.025388
01010101 0.002512
01010110 0.009675
01010111 0.001725
01011000 0.036975
01011001 0.000063
01011010 0.000350
01011011 0.000000
01011100 0.008587
01011101 0.001587
01011110 0.000000
01011111 0.000000
01100000 0.000000
01100001 0.000000
01100010 0.000188
01100011 0.000037
01100100 0.000037
01100101 0.000737
01100110 0.000063
01100111 0.000450
01101000 0.000687
01101001 0.000450
01101010 0.000463
01101011 0.000313
01101100 0.000700
01101101 0.005338
01101110 0.000188
01101111 0.000212
01110000 0.009938
01110001 0.000000
01110010 0.023825
01110011 0.000037
01110100 0.005075
01110101 0.002662
01110110 0.001100
01110111 0.000913
01111000 0.075412
01111001 0.000562
01111010 0.023325
01111011 0.000175
01111100 0.029138
01111101 0.013675
01111110 0.000425
01111111 0.000237
10000000 0.000250
10000001 0.000450
10000010 0.013725
10000011 0.029538
10000100 0.000138
10000101 0.023100
10000110 0.000663
10000111 0.072913
10001000 0.000737
10001001 0.001012
10001010 0.002425
10001011 0.005962
10001100 0.000025
10001101 0.023275
10001110 0.000000
10001111 0.009987
10010000 0.000338
10010001 0.000100
10010010 0.005025
10010011 0.000825
10010100 0.000150
10010101 0.000463
10010110 0.000600
10010111 0.000737
10011000 0.000475
10011001 0.000063
10011010 0.000450
10011011 0.000000
10011100 0.000037
10011101 0.000075
10011110 0.000000
10011111 0.000000
10100000 0.000000
10100001 0.000000
10100010 0.001550
10100011 0.008400
10100100 0.000000
10100101 0.000438
10100110 0.000050
10100111 0.035200
10101000 0.001662
10101001 0.009000
10101010 0.002725
10101011 0.024162
10101100 0.000075
10101101 0.095575
10101110 0.000125
10101111 0.034525
10110000 0.000000
10110001 0.000000
10110010 0.000650
10110011 0.000087
10110100 0.000000
10110101 0.000000
10110110 0.000037
10110111 0.000000
10111000 0.000663
10111001 0.000175
10111010 0.000800
10111011 0.000313
10111100 0.000000
10111101 0.000150
10111110 0.000037
10111111 0.000075
11000000 0.000150
11000001 0.000100
11000010 0.001138
11000011 0.001488
11000100 0.000138
11000101 0.006412
11000110 0.000500
11000111 0.012200
11001000 0.000025
11001001 0.000037
11001010 0.000000
11001011 0.000000
11001100 0.000087
11001101 0.000450
11001110 0.000000
11001111 0.000013
11010000 0.000275
11010001 0.000063
11010010 0.005700
11010011 0.000112
11010100 0.000425
11010101 0.009612
11010110 0.000812
11010111 0.006412
11011000 0.000025
11011001 0.000000
11011010 0.000013
11011011 0.000000
11011100 0.000050
11011101 0.000287
11011110 0.000000
11011111 0.000000
11100000 0.000000
11100001 0.000013
11100010 0.000575
11100011 0.001112
11100100 0.000013
11100101 0.004313
11100110 0.000037
11100111 0.012100
11101000 0.000162
11101001 0.000412
11101010 0.000250
11101011 0.000475
11101100 0.000037
11101101 0.007838
11101110 0.000025
11101111 0.001112
11110000 0.000025
11110001 0.000000
11110010 0.001375
11110011 0.000112
11110100 0.000000
11110101 0.002150
11110110 0.000063
11110111 0.002600
11111000 0.000100
11111001 0.000112
11111010 0.000150
11111011 0.000100
11111100 0.000112
11111101 0.002625
11111110 0.000013
11111111 0.000138
