0.000459
0.000235
0.000392
0.000021
0.001252
0.002126
0.000573
0.000346
0.001960
0.000402
0.003923
0.000575
0.067295
0.064269
0.069748
0.059218
0.017699
0.009784
0.008013
0.002934
0.003373
0.004975
0.001825
0.000692
0.008389
0.007209
0.013352
0.005118
0.021298
0.034070
0.033404
0.032930
0.016046
0.009174
0.016377
0.005013
0.003266
0.009417
0.003137
0.006873
0.001566
0.000878
0.004316
0.002445
0.008033
0.012713
0.013738
0.019360
0.094858
0.080751
0.074761
0.047888
0.006023
0.012060
0.005364
0.009142
0.003643
0.005582
0.009398
0.010534
0.002878
0.006978
0.006839
0.013091