0000000 0.000143
0000001 0.000271
0000010 0.000200
0000011 0.000214
0000100 0.000000
0000101 0.000429
0000110 0.000014
0000111 0.000043
0001000 0.010600
0001001 0.003671
0001010 0.037100
0001011 0.001214
0001100 0.004229
0001101 0.013657
0001110 0.000200
0001111 0.000100
0010000 0.000000
0010001 0.007971
0010010 0.008214
0010011 0.094300
0010100 0.000000
0010101 0.124414
0010110 0.000029
0010111 0.013300
0011000 0.000100
0011001 0.004243
0011010 0.018229
0011011 0.058071
0011100 0.000057
0011101 0.002471
0011110 0.000029
0011111 0.000871
0100000 0.000114
0100001 0.000071
0100010 0.000143
0100011 0.000114
0100100 0.000000
0100101 0.000143
0100110 0.000000
0100111 0.000000
0101000 0.005214
0101001 0.000829
0101010 0.028943
0101011 0.000114
0101100 0.003214
0101101 0.002014
0101110 0.000157
0101111 0.000000
0110000 0.000029
0110001 0.000957
0110010 0.009986
0110011 0.011300
0110100 0.000000
0110101 0.010800
0110110 0.000043
0110111 0.001443
0111000 0.000086
0111001 0.000357
0111010 0.012157
0111011 0.004400
0111100 0.000043
0111101 0.000286
0111110 0.000029
0111111 0.000114
1000000 0.000157
1000001 0.000043
1000010 0.000200
1000011 0.000014
1000100 0.004329
1000101 0.012386
1000110 0.000386
1000111 0.000157
1001000 0.001457
1001001 0.000000
1001010 0.010329
1001011 0.000000
1001100 0.012157
1001101 0.009643
1001110 0.000857
1001111 0.000000
1010000 0.000000
1010001 0.000071
1010010 0.002214
1010011 0.003129
1010100 0.000129
1010101 0.029486
1010110 0.000543
1010111 0.005100
1011000 0.000000
1011001 0.000000
1011010 0.000186
1011011 0.000000
1011100 0.000129
1011101 0.000157
1011110 0.000071
1011111 0.000086
1100000 0.000757
1100001 0.000157
1100010 0.002571
1100011 0.000071
1100100 0.058486
1100101 0.018171
1100110 0.004129
1100111 0.000029
1101000 0.013129
1101001 0.000014
1101010 0.125429
1101011 0.000000
1101100 0.096557
1101101 0.008557
1101110 0.007614
1101111 0.000000
1110000 0.000171
1110001 0.000157
1110010 0.013443
1110011 0.004671
1110100 0.001500
1110101 0.036429
1110110 0.003700
1110111 0.009886
1111000 0.000043
1111001 0.000000
1111010 0.000429
1111011 0.000000
1111100 0.000300
1111101 0.000343
1111110 0.000486
1111111 0.000214
