0.006617
0.001816
0.001908
0.000984
0.014329
0.002697
0.014135
0.005196
0.003440
0.005566
0.002620
0.005105
0.002801
0.003665
0.009555
0.013908
0.001837
0.002301
0.001022
0.001704
0.001366
0.001406
0.002762
0.001844
0.016418
0.097640
0.017195
0.084269
0.005840
0.030437
0.018292
0.059532
0.039548
0.009143
0.010467
0.005287
0.093917
0.018484
0.092960
0.029467
0.003407
0.004270
0.002034
0.003395
0.002863
0.002747
0.009036
0.010568
0.009266
0.010191
0.004286
0.006599
0.007957
0.006144
0.013241
0.009990
0.010028
0.041544
0.008852
0.036991
0.003853
0.014318
0.011697
0.029242