00000000 0.000013
00000001 0.000275
00000010 0.000000
00000011 0.000000
00000100 0.005525
00000101 0.001750
00000110 0.000112
00000111 0.000138
00001000 0.000087
00001001 0.000237
00001010 0.000000
00001011 0.000000
00001100 0.000287
00001101 0.000025
00001110 0.000025
00001111 0.000000
00010000 0.000188
00010001 0.035937
00010010 0.000000
00010011 0.000400
00010100 0.024637
00010101 0.209850
00010110 0.000325
00010111 0.020037
00011000 0.000250
00011001 0.001775
00011010 0.000000
00011011 0.000050
00011100 0.000875
00011101 0.000788
00011110 0.000063
00011111 0.000000
00100000 0.000000
00100001 0.000037
00100010 0.000013
00100011 0.000025
00100100 0.000362
00100101 0.000013
00100110 0.000338
00100111 0.000175
00101000 0.000138
00101001 0.000225
00101010 0.000037
00101011 0.000087
00101100 0.000200
00101101 0.000025
00101110 0.000188
00101111 0.000013
00110000 0.000112
00110001 0.005613
00110010 0.000037
00110011 0.006475
00110100 0.003400
00110101 0.014287
00110110 0.002450
00110111 0.013163
00111000 0.000162
00111001 0.000600
00111010 0.000013
00111011 0.000275
00111100 0.000287
00111101 0.000262
00111110 0.000100
00111111 0.000087
01000000 0.000037
01000001 0.000000
01000010 0.000000
01000011 0.000000
01000100 0.000300
01000101 0.000000
01000110 0.000013
01000111 0.000000
01001000 0.004537
01001001 0.000225
01001010 0.000037
01001011 0.000000
01001100 0.001613
01001101 0.000037
01001110 0.000075
01001111 0.000000
01010000 0.000025
01010001 0.000050
01010010 0.000000
01010011 0.000000
01010100 0.000375
01010101 0.000037
01010110 0.000000
01010111 0.000000
01011000 0.000525
01011001 0.000325
01011010 0.000000
01011011 0.000000
01011100 0.000438
01011101 0.000050
01011110 0.000013
01011111 0.000000
01100000 0.000125
01100001 0.000025
01100010 0.000063
01100011 0.000025
01100100 0.000562
01100101 0.000000
01100110 0.000212
01100111 0.000025
01101000 0.035875
01101001 0.000500
01101010 0.060812
01101011 0.001512
01101100 0.005662
01101101 0.000037
01101110 0.003025
01101111 0.000063
01110000 0.000013
01110001 0.000025
01110010 0.000025
01110011 0.000013
01110100 0.000225
01110101 0.000000
01110110 0.000125
01110111 0.000000
01111000 0.009113
01111001 0.000500
01111010 0.007275
01111011 0.003913
01111100 0.001950
01111101 0.000013
01111110 0.001225
01111111 0.000000
10000000 0.000050
10000001 0.001375
10000010 0.000025
10000011 0.001788
10000100 0.003488
10000101 0.008000
10000110 0.000713
10000111 0.008800
10001000 0.000063
10001001 0.000212
10001010 0.000000
10001011 0.000175
10001100 0.000000
10001101 0.000000
10001110 0.000037
10001111 0.000000
10010000 0.000000
10010001 0.002800
10010010 0.000000
10010011 0.005450
10010100 0.001875
10010101 0.060825
10010110 0.000487
10010111 0.037137
10011000 0.000025
10011001 0.000250
10011010 0.000000
10011011 0.000500
10011100 0.000000
10011101 0.000112
10011110 0.000013
10011111 0.000262
10100000 0.000000
10100001 0.000000
10100010 0.000013
10100011 0.000625
10100100 0.000000
10100101 0.000000
10100110 0.000313
10100111 0.000550
10101000 0.000000
10101001 0.000013
10101010 0.000000
10101011 0.000438
10101100 0.000013
10101101 0.000000
10101110 0.000100
10101111 0.000000
10110000 0.000000
10110001 0.000013
10110010 0.000025
10110011 0.001613
10110100 0.000000
10110101 0.000013
10110110 0.000188
10110111 0.004763
10111000 0.000000
10111001 0.000025
10111010 0.000000
10111011 0.000188
10111100 0.000000
10111101 0.000000
10111110 0.000025
10111111 0.000063
11000000 0.000050
11000001 0.000162
11000010 0.000313
11000011 0.000212
11000100 0.000313
11000101 0.000013
11000110 0.000812
11000111 0.000175
11001000 0.014387
11001001 0.002437
11001010 0.013588
11001011 0.003525
11001100 0.006788
11001101 0.000063
11001110 0.005712
11001111 0.000212
11010000 0.000000
11010001 0.000112
11010010 0.000013
11010011 0.000212
11010100 0.000063
11010101 0.000037
11010110 0.000125
11010111 0.000225
11011000 0.000188
11011001 0.000400
11011010 0.000050
11011011 0.000375
11011100 0.000050
11011101 0.000000
11011110 0.000050
11011111 0.000037
11100000 0.000075
11100001 0.000013
11100010 0.000625
11100011 0.000937
11100100 0.000037
11100101 0.000000
11100110 0.001725
11100111 0.000188
11101000 0.021275
11101001 0.000350
11101010 0.212300
11101011 0.025025
11101100 0.000425
11101101 0.000025
11101110 0.036562
11101111 0.000112
11110000 0.000000
11110001 0.000013
11110010 0.000063
11110011 0.000250
11110100 0.000000
11110101 0.000000
11110110 0.000275
11110111 0.000050
11111000 0.000188
11111001 0.000112
11111010 0.002112
11111011 0.005525
11111100 0.000025
11111101 0.000000
11111110 0.000262
11111111 0.000013
