0.001029
0.001132
0.000239
0.000172
0.000154
0.000115
0.000013
0.000017
0.024611
0.021961
0.008082
0.004828
0.002160
0.001499
0.001295
0.000390
0.013826
0.012024
0.001865
0.001221
0.002119
0.001462
0.000348
0.000187
0.063949
0.044542
0.018547
0.011244
0.007706
0.004887
0.003120
0.001407
0.000210
0.001236
0.000420
0.002576
0.000032
0.000169
0.000541
0.001268
0.000156
0.000550
0.001417
0.002306
0.000028
0.000053
0.000604
0.000703
0.002413
0.009274
0.001418
0.008181
0.000718
0.002539
0.001660
0.005020
0.000662
0.001393
0.001825
0.002763
0.000157
0.000230
0.000825
0.000955
0.000209
0.000111
0.000218
0.000070
0.000023
0.000000
0.000042
0.000020
0.002262
0.001299
0.006180
0.001161
0.000177
0.000068
0.001127
0.000199
0.001547
0.000792
0.001008
0.000258
0.000368
0.000096
0.000266
0.000075
0.003612
0.002125
0.005706
0.001418
0.000512
0.000227
0.001175
0.000053
0.000182
0.000495
0.008611
0.008702
0.000062
0.000056
0.024003
0.008460
0.000048
0.000084
0.005035
0.001900
0.000004
0.000012
0.004045
0.001174
0.000892
0.002579
0.009325
0.012409
0.000466
0.000927
0.035302
0.013583
0.000128
0.000096
0.001983
0.000888
0.000037
0.000025
0.001393
0.000376
0.000374
0.002564
0.000032
0.000231
0.000198
0.000796
0.000070
0.000146
0.010622
0.054106
0.002817
0.008514
0.003959
0.014765
0.001571
0.003668
0.001334
0.006557
0.000151
0.000623
0.001502
0.005114
0.000245
0.000583
0.008276
0.033691
0.002335
0.006572
0.005531
0.018746
0.002285
0.005049
0.000105
0.001873
0.000128
0.002720
0.000052
0.001722
0.000446
0.005965
0.000069
0.001163
0.000310
0.002432
0.000076
0.000682
0.000717
0.003427
0.000281
0.003745
0.000108
0.003067
0.000569
0.007439
0.000653
0.009574
0.000064
0.000600
0.000216
0.000927
0.000109
0.000732
0.000451
0.002334
0.000152
0.000186
0.000145
0.000158
0.000056
0.000042
0.000150
0.000104
0.001546
0.003918
0.002534
0.002359
0.000769
0.001313
0.002742
0.001369
0.000279
0.000504
0.000130
0.000213
0.000442
0.000550
0.000344
0.000188
0.000733
0.001624
0.000859
0.001096
0.000541
0.000856
0.001369
0.000944
0.000091
0.000945
0.002515
0.011217
0.000298
0.001660
0.041651
0.063552
0.000036
0.000135
0.001153
0.002404
0.000077
0.000192
0.008860
0.007490
0.000145
0.001143
0.001037
0.006664
0.000608
0.003519
0.025974
0.046984
0.000011
0.000086
0.000218
0.000376
0.000055
0.000104
0.001343
0.001319