0000000 0.000057
0000001 0.000014
0000010 0.000000
0000011 0.000000
0000100 0.000000
0000101 0.000000
0000110 0.000086
0000111 0.000057
0001000 0.000586
0001001 0.003229
0001010 0.000000
0001011 0.000257
0001100 0.000486
0001101 0.021500
0001110 0.001271
0001111 0.056857
0010000 0.005643
0010001 0.000000
0010010 0.000286
0010011 0.000000
0010100 0.048086
0010101 0.000029
0010110 0.059657
0010111 0.000086
0011000 0.001457
0011001 0.000229
0011010 0.000000
0011011 0.000000
0011100 0.062257
0011101 0.023943
0011110 0.091629
0011111 0.042629
0100000 0.001929
0100001 0.000314
0100010 0.001971
0100011 0.000343
0100100 0.000029
0100101 0.000000
0100110 0.000029
0100111 0.000186
0101000 0.000214
0101001 0.010057
0101010 0.000014
0101011 0.008000
0101100 0.000100
0101101 0.004857
0101110 0.000171
0101111 0.032643
0110000 0.005100
0110001 0.000029
0110010 0.002100
0110011 0.000014
0110100 0.001629
0110101 0.000000
0110110 0.006114
0110111 0.000043
0111000 0.000486
0111001 0.000014
0111010 0.000000
0111011 0.000000
0111100 0.000200
0111101 0.000043
0111110 0.000757
0111111 0.000171
1000000 0.000214
1000001 0.000700
1000010 0.000100
1000011 0.000214
1000100 0.000014
1000101 0.000000
1000110 0.000129
1000111 0.000486
1001000 0.000000
1001001 0.005729
1001010 0.000043
1001011 0.001743
1001100 0.000029
1001101 0.002071
1001110 0.000043
1001111 0.005400
1010000 0.032900
1010001 0.000071
1010010 0.005200
1010011 0.000129
1010100 0.008071
1010101 0.000014
1010110 0.009943
1010111 0.000286
1011000 0.000314
1011001 0.000143
1011010 0.000014
1011011 0.000000
1011100 0.000329
1011101 0.002143
1011110 0.000314
1011111 0.001457
1100000 0.041714
1100001 0.092957
1100010 0.024086
1100011 0.062386
1100100 0.000000
1100101 0.000000
1100110 0.000200
1100111 0.001443
1101000 0.000086
1101001 0.060443
1101010 0.000000
1101011 0.048400
1101100 0.000000
1101101 0.000300
1101110 0.000000
1101111 0.005514
1110000 0.057157
1110001 0.001300
1110010 0.021543
1110011 0.000429
1110100 0.000357
1110101 0.000000
1110110 0.003229
1110111 0.000486
1111000 0.000043
1111001 0.000143
1111010 0.000000
1111011 0.000000
1111100 0.000000
1111101 0.000000
1111110 0.000000
1111111 0.000086
