000000 0.003183
000001 0.000500
000010 0.000700
000011 0.000133
000100 0.008500
000101 0.006450
000110 0.000267
000111 0.000100
001000 0.082633
001001 0.037117
001010 0.028833
001011 0.044117
001100 0.023083
001101 0.035817
001110 0.000633
001111 0.000483
010000 0.002683
010001 0.000417
010010 0.000917
010011 0.000100
010100 0.183767
010101 0.012950
010110 0.001100
010111 0.000050
011000 0.004950
011001 0.001033
011010 0.001583
011011 0.000283
011100 0.010200
011101 0.008767
011110 0.000267
011111 0.000217
100000 0.000150
100001 0.000150
100010 0.008283
100011 0.009633
100100 0.000333
100101 0.001767
100110 0.000667
100111 0.004283
101000 0.000150
101001 0.001250
101010 0.011867
101011 0.184167
101100 0.000100
101101 0.000933
101110 0.000467
101111 0.003583
110000 0.000417
110001 0.000717
110010 0.036800
110011 0.024100
110100 0.043133
110101 0.027650
110110 0.036483
110111 0.080133
111000 0.000083
111001 0.000283
111010 0.006933
111011 0.008300
111100 0.000233
111101 0.000683
111110 0.000417
111111 0.002950
