0.010000 -0.240446
0.020000 -0.265119
0.030000 -0.287239
0.040000 -0.307120
0.050000 -0.325041
0.060000 -0.341243
0.070000 -0.355936
0.080000 -0.369302
0.090000 -0.381497
0.100000 -0.392656
0.110000 -0.402895
0.120000 -0.412315
0.130000 -0.421003
0.140000 -0.429035
0.150000 -0.436476
0.160000 -0.443386
0.170000 -0.449814
0.180000 -0.455805
0.190000 -0.461398
0.200000 -0.466629
0.210000 -0.471528
0.220000 -0.476123
0.230000 -0.480438
0.240000 -0.484495
0.250000 -0.488315
0.260000 -0.491915
0.270000 -0.495310
0.280000 -0.498517
0.290000 -0.501547
0.300000 -0.504413
0.310000 -0.507126
0.320000 -0.509696
0.330000 -0.512131
0.340000 -0.514441
0.350000 -0.516633
0.360000 -0.518714
0.370000 -0.520691
0.380000 -0.522569
0.390000 -0.524354
0.400000 -0.526051
0.410000 -0.527666
0.420000 -0.529202
0.430000 -0.530663
0.440000 -0.532054
0.450000 -0.533378
0.460000 -0.534639
0.470000 -0.535839
0.480000 -0.536981
0.490000 -0.538069
0.500000 -0.539105
0.510000 -0.540090
0.520000 -0.541029
0.530000 -0.541922
0.540000 -0.542771
0.550000 -0.543579
0.560000 -0.544348
0.570000 -0.545078
0.580000 -0.545772
0.590000 -0.546431
0.600000 -0.547057
0.610000 -0.547651
0.620000 -0.548214
0.630000 -0.548748
0.640000 -0.549253
0.650000 -0.549731
0.660000 -0.550183
0.670000 -0.550609
0.680000 -0.551011
0.690000 -0.551390
0.700000 -0.551747
0.710000 -0.552082
0.720000 -0.552395
0.730000 -0.552689
0.740000 -0.552963
0.750000 -0.553219
0.760000 -0.553457
0.770000 -0.553677
0.780000 -0.553880
0.790000 -0.554067
0.800000 -0.554239
0.810000 -0.554395
0.820000 -0.554536
0.830000 -0.554663
0.840000 -0.554777
0.850000 -0.554877
0.860000 -0.554965
0.870000 -0.555040
0.880000 -0.555103
0.890000 -0.555154
0.900000 -0.555195
0.910000 -0.555224
0.920000 -0.555242
0.930000 -0.555251
0.940000 -0.555249
0.950000 -0.555238
0.960000 -0.555218
0.970000 -0.555188
0.980000 -0.555150
0.990000 -0.555103
1.000000 -0.555048
1.010000 -0.554985
1.020000 -0.554914
1.030000 -0.554835
1.040000 -0.554749
1.050000 -0.554657
1.060000 -0.554557
1.070000 -0.554450
1.080000 -0.554337
1.090000 -0.554218
1.100000 -0.554093
1.110000 -0.553961
1.120000 -0.553824
1.130000 -0.553681
1.140000 -0.553533
1.150000 -0.553379
1.160000 -0.553220
1.170000 -0.553056
1.180000 -0.552888
1.190000 -0.552714
1.200000 -0.552536
1.210000 -0.552353
1.220000 -0.552166
1.230000 -0.551975
1.240000 -0.551780
1.250000 -0.551581
1.260000 -0.551377
1.270000 -0.551170
1.280000 -0.550960
1.290000 -0.550745
1.300000 -0.550527
1.310000 -0.550306
1.320000 -0.550082
1.330000 -0.549854
1.340000 -0.549623
1.350000 -0.549389
1.360000 -0.549152
1.370000 -0.548912
1.380000 -0.548670
1.390000 -0.548424
1.400000 -0.548176
1.410000 -0.547926
1.420000 -0.547673
1.430000 -0.547417
1.440000 -0.547159
1.450000 -0.546899
1.460000 -0.546637
1.470000 -0.546372
1.480000 -0.546105
1.490000 -0.545836
1.500000 -0.545565
1.510000 -0.545293
1.520000 -0.545018
1.530000 -0.544741
1.540000 -0.544463
1.550000 -0.544183
1.560000 -0.543901
1.570000 -0.543617
1.580000 -0.543332
1.590000 -0.543045
1.600000 -0.542757
1.610000 -0.542467
1.620000 -0.542176
1.630000 -0.541884
1.640000 -0.541590
1.650000 -0.541294
1.660000 -0.540998
1.670000 -0.540700
1.680000 -0.540401
1.690000 -0.540101
1.700000 -0.539800
1.710000 -0.539497
1.720000 -0.539194
1.730000 -0.538889
1.740000 -0.538584
1.750000 -0.538277
1.760000 -0.537970
1.770000 -0.537661
1.780000 -0.537352
1.790000 -0.537042
1.800000 -0.536731
1.810000 -0.536419
1.820000 -0.536106
1.830000 -0.535793
1.840000 -0.535479
1.850000 -0.535164
1.860000 -0.534848
1.870000 -0.534532
1.880000 -0.534215
1.890000 -0.533898
1.900000 -0.533580
1.910000 -0.533261
1.920000 -0.532942
1.930000 -0.532622
1.940000 -0.532302
1.950000 -0.531981
1.960000 -0.531660
1.970000 -0.531338
1.980000 -0.531016
1.990000 -0.530693
2.000000 -0.530370
2.010000 -0.530047
2.020000 -0.529723
2.030000 -0.529399
2.040000 -0.529074
2.050000 -0.528749
2.060000 -0.528424
2.070000 -0.528099
2.080000 -0.527773
2.090000 -0.527447
2.100000 -0.527121
2.110000 -0.526794
2.120000 -0.526467
2.130000 -0.526140
2.140000 -0.525813
2.150000 -0.525486
2.160000 -0.525158
2.170000 -0.524830
2.180000 -0.524502
2.190000 -0.524174
2.200000 -0.523846
2.210000 -0.523518
2.220000 -0.523190
2.230000 -0.522861
2.240000 -0.522532
2.250000 -0.522204
2.260000 -0.521875
2.270000 -0.521546
2.280000 -0.521217
2.290000 -0.520888
2.300000 -0.520559
2.310000 -0.520230
2.320000 -0.519901
2.330000 -0.519572
2.340000 -0.519243
2.350000 -0.518914
2.360000 -0.518585
2.370000 -0.518256
2.380000 -0.517927
2.390000 -0.517598
2.400000 -0.517269
2.410000 -0.516940
2.420000 -0.516612
2.430000 -0.516283
2.440000 -0.515954
2.450000 -0.515626
2.460000 -0.515297
2.470000 -0.514969
2.480000 -0.514641
2.490000 -0.514312
2.500000 -0.513984
2.510000 -0.513656
2.520000 -0.513329
2.530000 -0.513001
2.540000 -0.512673
2.550000 -0.512346
2.560000 -0.512019
2.570000 -0.511691
2.580000 -0.511365
2.590000 -0.511038
2.600000 -0.510711
2.610000 -0.510385
2.620000 -0.510058
2.630000 -0.509732
2.640000 -0.509406
2.650000 -0.509080
2.660000 -0.508755
2.670000 -0.508429
2.680000 -0.508104
2.690000 -0.507779
2.700000 -0.507454
2.710000 -0.507130
2.720000 -0.506805
2.730000 -0.506481
2.740000 -0.506157
2.750000 -0.505834
2.760000 -0.505510
2.770000 -0.505187
2.780000 -0.504864
2.790000 -0.504541
2.800000 -0.504219
2.810000 -0.503896
2.820000 -0.503574
2.830000 -0.503253
2.840000 -0.502931
2.850000 -0.502610
2.860000 -0.502289
2.870000 -0.501968
2.880000 -0.501648
2.890000 -0.501328
2.900000 -0.501008
2.910000 -0.500688
2.920000 -0.500369
2.930000 -0.500050
2.940000 -0.499731
2.950000 -0.499412
2.960000 -0.499094
2.970000 -0.498776
2.980000 -0.498458
2.990000 -0.498141
3.000000 -0.497824
3.010000 -0.497507
3.020000 -0.497191
3.030000 -0.496874
3.040000 -0.496559
3.050000 -0.496243
3.060000 -0.495928
3.070000 -0.495613
3.080000 -0.495298
3.090000 -0.494984
3.100000 -0.494670
3.110000 -0.494356
3.120000 -0.494043
3.130000 -0.493730
3.140000 -0.493417
3.150000 -0.493104
3.160000 -0.492792
3.170000 -0.492480
3.180000 -0.492169
3.190000 -0.491858
3.200000 -0.491547
3.210000 -0.491237
3.220000 -0.490926
3.230000 -0.490617
3.240000 -0.490307
3.250000 -0.489998
3.260000 -0.489689
3.270000 -0.489381
3.280000 -0.489072
3.290000 -0.488765
3.300000 -0.488457
3.310000 -0.488150
3.320000 -0.487843
3.330000 -0.487537
3.340000 -0.487231
3.350000 -0.486925
3.360000 -0.486620
3.370000 -0.486314
3.380000 -0.486010
3.390000 -0.485705
3.400000 -0.485401
3.410000 -0.485098
3.420000 -0.484794
3.430000 -0.484491
3.440000 -0.484189
3.450000 -0.483886
3.460000 -0.483585
3.470000 -0.483283
3.480000 -0.482982
3.490000 -0.482681
3.500000 -0.482380
3.510000 -0.482080
3.520000 -0.481780
3.530000 -0.481481
3.540000 -0.481182
3.550000 -0.480883
3.560000 -0.480585
3.570000 -0.480287
3.580000 -0.479989
3.590000 -0.479692
3.600000 -0.479395
3.610000 -0.479098
3.620000 -0.478802
3.630000 -0.478506
3.640000 -0.478211
3.650000 -0.477916
3.660000 -0.477621
3.670000 -0.477326
3.680000 -0.477032
3.690000 -0.476739
3.700000 -0.476445
3.710000 -0.476152
3.720000 -0.475860
3.730000 -0.475568
3.740000 -0.475276
3.750000 -0.474984
3.760000 -0.474693
3.770000 -0.474402
3.780000 -0.474112
3.790000 -0.473822
3.800000 -0.473532
3.810000 -0.473243
3.820000 -0.472954
3.830000 -0.472665
3.840000 -0.472377
3.850000 -0.472089
3.860000 -0.471802
3.870000 -0.471514
3.880000 -0.471228
3.890000 -0.470941
3.900000 -0.470655
3.910000 -0.470370
3.920000 -0.470084
3.930000 -0.469799
3.940000 -0.469515
3.950000 -0.469230
3.960000 -0.468947
3.970000 -0.468663
3.980000 -0.468380
3.990000 -0.468097
4.000000 -0.467815
4.010000 -0.467533
4.020000 -0.467251
4.030000 -0.466970
4.040000 -0.466689
4.050000 -0.466408
4.060000 -0.466128
4.070000 -0.465848
4.080000 -0.465569
4.090000 -0.465290
4.100000 -0.465011
4.110000 -0.464732
4.120000 -0.464454
4.130000 -0.464177
4.140000 -0.463899
4.150000 -0.463622
4.160000 -0.463346
4.170000 -0.463070
4.180000 -0.462794
4.190000 -0.462518
4.200000 -0.462243
4.210000 -0.461968
4.220000 -0.461694
4.230000 -0.461420
4.240000 -0.461146
4.250000 -0.460873
4.260000 -0.460600
4.270000 -0.460327
4.280000 -0.460055
4.290000 -0.459783
4.300000 -0.459512
4.310000 -0.459240
4.320000 -0.458970
4.330000 -0.458699
4.340000 -0.458429
4.350000 -0.458159
4.360000 -0.457890
4.370000 -0.457621
4.380000 -0.457352
4.390000 -0.457084
4.400000 -0.456816
4.410000 -0.456548
4.420000 -0.456281
4.430000 -0.456014
4.440000 -0.455748
4.450000 -0.455482
4.460000 -0.455216
4.470000 -0.454950
4.480000 -0.454685
4.490000 -0.454420
4.500000 -0.454156
4.510000 -0.453892
4.520000 -0.453628
4.530000 -0.453365
4.540000 -0.453102
4.550000 -0.452839
4.560000 -0.452577
4.570000 -0.452315
4.580000 -0.452053
4.590000 -0.451792
4.600000 -0.451531
4.610000 -0.451271
4.620000 -0.451011
4.630000 -0.450751
4.640000 -0.450491
4.650000 -0.450232
4.660000 -0.449973
4.670000 -0.449715
4.680000 -0.449457
4.690000 -0.449199
4.700000 -0.448942
4.710000 -0.448684
4.720000 -0.448428
4.730000 -0.448171
4.740000 -0.447915
4.750000 -0.447660
4.760000 -0.447404
4.770000 -0.447149
4.780000 -0.446895
4.790000 -0.446640
4.800000 -0.446386
4.810000 -0.446133
4.820000 -0.445879
4.830000 -0.445626
4.840000 -0.445374
4.850000 -0.445121
4.860000 -0.444869
4.870000 -0.444618
4.880000 -0.444367
4.890000 -0.444116
4.900000 -0.443865
4.910000 -0.443615
4.920000 -0.443365
4.930000 -0.443115
4.940000 -0.442866
4.950000 -0.442617
4.960000 -0.442369
4.970000 -0.442120
4.980000 -0.441873
4.990000 -0.441625
5.000000 -0.441378
