0.010000 -0.190726
0.020000 -0.215113
0.030000 -0.237597
0.040000 -0.258264
0.050000 -0.277227
0.060000 -0.294615
0.070000 -0.310561
0.080000 -0.325194
0.090000 -0.338638
0.100000 -0.351010
0.110000 -0.362414
0.120000 -0.372947
0.130000 -0.382694
0.140000 -0.391733
0.150000 -0.400132
0.160000 -0.407954
0.170000 -0.415252
0.180000 -0.422075
0.190000 -0.428467
0.200000 -0.434465
0.210000 -0.440105
0.220000 -0.445417
0.230000 -0.450428
0.240000 -0.455163
0.250000 -0.459643
0.260000 -0.463889
0.270000 -0.467919
0.280000 -0.471748
0.290000 -0.475391
0.300000 -0.478862
0.310000 -0.482172
0.320000 -0.485332
0.330000 -0.488352
0.340000 -0.491242
0.350000 -0.494008
0.360000 -0.496660
0.370000 -0.499204
0.380000 -0.501646
0.390000 -0.503992
0.400000 -0.506248
0.410000 -0.508419
0.420000 -0.510509
0.430000 -0.512523
0.440000 -0.514464
0.450000 -0.516337
0.460000 -0.518144
0.470000 -0.519889
0.480000 -0.521576
0.490000 -0.523206
0.500000 -0.524783
0.510000 -0.526308
0.520000 -0.527785
0.530000 -0.529215
0.540000 -0.530600
0.550000 -0.531942
0.560000 -0.533244
0.570000 -0.534506
0.580000 -0.535730
0.590000 -0.536919
0.600000 -0.538072
0.610000 -0.539192
0.620000 -0.540280
0.630000 -0.541337
0.640000 -0.542364
0.650000 -0.543362
0.660000 -0.544333
0.670000 -0.545276
0.680000 -0.546194
0.690000 -0.547087
0.700000 -0.547956
0.710000 -0.548802
0.720000 -0.549625
0.730000 -0.550426
0.740000 -0.551206
0.750000 -0.551966
0.760000 -0.552706
0.770000 -0.553426
0.780000 -0.554128
0.790000 -0.554813
0.800000 -0.555479
0.810000 -0.556129
0.820000 -0.556762
0.830000 -0.557379
0.840000 -0.557980
0.850000 -0.558566
0.860000 -0.559138
0.870000 -0.559695
0.880000 -0.560238
0.890000 -0.560768
0.900000 -0.561285
0.910000 -0.561788
0.920000 -0.562280
0.930000 -0.562759
0.940000 -0.563226
0.950000 -0.563681
0.960000 -0.564125
0.970000 -0.564559
0.980000 -0.564981
0.990000 -0.565393
1.000000 -0.565795
1.010000 -0.566187
1.020000 -0.566569
1.030000 -0.566941
1.040000 -0.567304
1.050000 -0.567658
1.060000 -0.568004
1.070000 -0.568340
1.080000 -0.568668
1.090000 -0.568988
1.100000 -0.569300
1.110000 -0.569604
1.120000 -0.569900
1.130000 -0.570188
1.140000 -0.570469
1.150000 -0.570743
1.160000 -0.571010
1.170000 -0.571269
1.180000 -0.571522
1.190000 -0.571769
1.200000 -0.572008
1.210000 -0.572242
1.220000 -0.572469
1.230000 -0.572690
1.240000 -0.572904
1.250000 -0.573113
1.260000 -0.573317
1.270000 -0.573514
1.280000 -0.573706
1.290000 -0.573893
1.300000 -0.574074
1.310000 -0.574250
1.320000 -0.574421
1.330000 -0.574586
1.340000 -0.574747
1.350000 -0.574903
1.360000 -0.575054
1.370000 -0.575201
1.380000 -0.575343
1.390000 -0.575480
1.400000 -0.575613
1.410000 -0.575742
1.420000 -0.575866
1.430000 -0.575987
1.440000 -0.576103
1.450000 -0.576215
1.460000 -0.576323
1.470000 -0.576427
1.480000 -0.576528
1.490000 -0.576624
1.500000 -0.576717
1.510000 -0.576807
1.520000 -0.576892
1.530000 -0.576975
1.540000 -0.577054
1.550000 -0.577129
1.560000 -0.577201
1.570000 -0.577270
1.580000 -0.577336
1.590000 -0.577398
1.600000 -0.577458
1.610000 -0.577514
1.620000 -0.577567
1.630000 -0.577618
1.640000 -0.577665
1.650000 -0.577710
1.660000 -0.577752
1.670000 -0.577791
1.680000 -0.577827
1.690000 -0.577861
1.700000 -0.577892
1.710000 -0.577920
1.720000 -0.577946
1.730000 -0.577970
1.740000 -0.577991
1.750000 -0.578009
1.760000 -0.578025
1.770000 -0.578039
1.780000 -0.578051
1.790000 -0.578060
1.800000 -0.578067
1.810000 -0.578071
1.820000 -0.578074
1.830000 -0.578074
1.840000 -0.578073
1.850000 -0.578069
1.860000 -0.578063
1.870000 -0.578056
1.880000 -0.578046
1.890000 -0.578034
1.900000 -0.578021
1.910000 -0.578005
1.920000 -0.577988
1.930000 -0.577969
1.940000 -0.577948
1.950000 -0.577925
1.960000 -0.577901
1.970000 -0.577874
1.980000 -0.577846
1.990000 -0.577817
2.000000 -0.577786
2.010000 -0.577753
2.020000 -0.577718
2.030000 -0.577682
2.040000 -0.577645
2.050000 -0.577606
2.060000 -0.577565
2.070000 -0.577523
2.080000 -0.577480
2.090000 -0.577435
2.100000 -0.577389
2.110000 -0.577341
2.120000 -0.577292
2.130000 -0.577241
2.140000 -0.577190
2.150000 -0.577137
2.160000 -0.577082
2.170000 -0.577027
2.180000 -0.576970
2.190000 -0.576911
2.200000 -0.576852
2.210000 -0.576792
2.220000 -0.576730
2.230000 -0.576667
2.240000 -0.576603
2.250000 -0.576538
2.260000 -0.576471
2.270000 -0.576404
2.280000 -0.576336
2.290000 -0.576266
2.300000 -0.576195
2.310000 -0.576124
2.320000 -0.576051
2.330000 -0.575977
2.340000 -0.575903
2.350000 -0.575827
2.360000 -0.575751
2.370000 -0.575673
2.380000 -0.575595
2.390000 -0.575515
2.400000 -0.575435
2.410000 -0.575354
2.420000 -0.575272
2.430000 -0.575189
2.440000 -0.575105
2.450000 -0.575020
2.460000 -0.574935
2.470000 -0.574849
2.480000 -0.574761
2.490000 -0.574674
2.500000 -0.574585
2.510000 -0.574495
2.520000 -0.574405
2.530000 -0.574314
2.540000 -0.574222
2.550000 -0.574130
2.560000 -0.574037
2.570000 -0.573943
2.580000 -0.573848
2.590000 -0.573753
2.600000 -0.573657
2.610000 -0.573561
2.620000 -0.573463
2.630000 -0.573366
2.640000 -0.573267
2.650000 -0.573168
2.660000 -0.573068
2.670000 -0.572968
2.680000 -0.572867
2.690000 -0.572765
2.700000 -0.572663
2.710000 -0.572560
2.720000 -0.572457
2.730000 -0.572353
2.740000 -0.572249
2.750000 -0.572144
2.760000 -0.572038
2.770000 -0.571932
2.780000 -0.571826
2.790000 -0.571719
2.800000 -0.571611
2.810000 -0.571503
2.820000 -0.571394
2.830000 -0.571285
2.840000 -0.571176
2.850000 -0.571066
2.860000 -0.570956
2.870000 -0.570845
2.880000 -0.570733
2.890000 -0.570622
2.900000 -0.570509
2.910000 -0.570397
2.920000 -0.570284
2.930000 -0.570170
2.940000 -0.570057
2.950000 -0.569942
2.960000 -0.569828
2.970000 -0.569713
2.980000 -0.569597
2.990000 -0.569482
3.000000 -0.569365
3.010000 -0.569249
3.020000 -0.569132
3.030000 -0.569015
3.040000 -0.568897
3.050000 -0.568779
3.060000 -0.568661
3.070000 -0.568543
3.080000 -0.568424
3.090000 -0.568304
3.100000 -0.568185
3.110000 -0.568065
3.120000 -0.567945
3.130000 -0.567825
3.140000 -0.567704
3.150000 -0.567583
3.160000 -0.567461
3.170000 -0.567340
3.180000 -0.567218
3.190000 -0.567096
3.200000 -0.566974
3.210000 -0.566851
3.220000 -0.566728
3.230000 -0.566605
3.240000 -0.566481
3.250000 -0.566358
3.260000 -0.566234
3.270000 -0.566110
3.280000 -0.565985
3.290000 -0.565861
3.300000 -0.565736
3.310000 -0.565611
3.320000 -0.565486
3.330000 -0.565360
3.340000 -0.565235
3.350000 -0.565109
3.360000 -0.564983
3.370000 -0.564857
3.380000 -0.564730
3.390000 -0.564603
3.400000 -0.564477
3.410000 -0.564350
3.420000 -0.564222
3.430000 -0.564095
3.440000 -0.563968
3.450000 -0.563840
3.460000 -0.563712
3.470000 -0.563584
3.480000 -0.563456
3.490000 -0.563328
3.500000 -0.563199
3.510000 -0.563070
3.520000 -0.562942
3.530000 -0.562813
3.540000 -0.562684
3.550000 -0.562555
3.560000 -0.562425
3.570000 -0.562296
3.580000 -0.562166
3.590000 -0.562036
3.600000 -0.561907
3.610000 -0.561777
3.620000 -0.561647
3.630000 -0.561517
3.640000 -0.561386
3.650000 -0.561256
3.660000 -0.561125
3.670000 -0.560995
3.680000 -0.560864
3.690000 -0.560733
3.700000 -0.560602
3.710000 -0.560471
3.720000 -0.560340
3.730000 -0.560209
3.740000 -0.560078
3.750000 -0.559947
3.760000 -0.559815
3.770000 -0.559684
3.780000 -0.559552
3.790000 -0.559421
3.800000 -0.559289
3.810000 -0.559157
3.820000 -0.559025
3.830000 -0.558893
3.840000 -0.558761
3.850000 -0.558629
3.860000 -0.558497
3.870000 -0.558365
3.880000 -0.558233
3.890000 -0.558101
3.900000 -0.557968
3.910000 -0.557836
3.920000 -0.557704
3.930000 -0.557571
3.940000 -0.557439
3.950000 -0.557306
3.960000 -0.557174
3.970000 -0.557041
3.980000 -0.556908
3.990000 -0.556776
4.000000 -0.556643
4.010000 -0.556510
4.020000 -0.556377
4.030000 -0.556245
4.040000 -0.556112
4.050000 -0.555979
4.060000 -0.555846
4.070000 -0.555713
4.080000 -0.555580
4.090000 -0.555447
4.100000 -0.555315
4.110000 -0.555182
4.120000 -0.555049
4.130000 -0.554916
4.140000 -0.554783
4.150000 -0.554650
4.160000 -0.554517
4.170000 -0.554384
4.180000 -0.554251
4.190000 -0.554118
4.200000 -0.553985
4.210000 -0.553852
4.220000 -0.553719
4.230000 -0.553586
4.240000 -0.553453
4.250000 -0.553320
4.260000 -0.553187
4.270000 -0.553054
4.280000 -0.552921
4.290000 -0.552788
4.300000 -0.552655
4.310000 -0.552522
4.320000 -0.552389
4.330000 -0.552256
4.340000 -0.552123
4.350000 -0.551990
4.360000 -0.551858
4.370000 -0.551725
4.380000 -0.551592
4.390000 -0.551459
4.400000 -0.551326
4.410000 -0.551194
4.420000 -0.551061
4.430000 -0.550928
4.440000 -0.550796
4.450000 -0.550663
4.460000 -0.550530
4.470000 -0.550398
4.480000 -0.550265
4.490000 -0.550133
4.500000 -0.550000
4.510000 -0.549868
4.520000 -0.549736
4.530000 -0.549603
4.540000 -0.549471
4.550000 -0.549339
4.560000 -0.549207
4.570000 -0.549074
4.580000 -0.548942
4.590000 -0.548810
4.600000 -0.548678
4.610000 -0.548546
4.620000 -0.548414
4.630000 -0.548282
4.640000 -0.548150
4.650000 -0.548018
4.660000 -0.547887
4.670000 -0.547755
4.680000 -0.547623
4.690000 -0.547492
4.700000 -0.547360
4.710000 -0.547228
4.720000 -0.547097
4.730000 -0.546966
4.740000 -0.546834
4.750000 -0.546703
4.760000 -0.546572
4.770000 -0.546440
4.780000 -0.546309
4.790000 -0.546178
4.800000 -0.546047
4.810000 -0.545916
4.820000 -0.545785
4.830000 -0.545654
4.840000 -0.545524
4.850000 -0.545393
4.860000 -0.545262
4.870000 -0.545132
4.880000 -0.545001
4.890000 -0.544871
4.900000 -0.544740
4.910000 -0.544610
4.920000 -0.544480
4.930000 -0.544350
4.940000 -0.544219
4.950000 -0.544089
4.960000 -0.543959
4.970000 -0.543829
4.980000 -0.543700
4.990000 -0.543570
5.000000 -0.543440
