01001100 0.056779 0.003909
11001100 0.105370 0.003342
01110010 0.015710 0.001149
11110110 0.012180 0.001160
11001101 0.090880 0.002373
11001110 0.012649 0.001778
00110010 0.063361 0.002591
01001101 0.042678 0.006740
10110011 0.077727 0.005476
11000110 0.019872 0.001194
00110001 0.014226 0.002438
00110110 0.015757 0.001000
00110011 0.088395 0.002868
11100110 0.012103 0.001086
11001001 0.013518 0.000789
11110010 0.027515 0.001768
11110011 0.016120 0.002018
00001101 0.011805 0.001360
10110010 0.034191 0.002831
11010010 0.011533 0.000839
10110001 0.012075 0.000406
11010110 0.010960 0.000745
