00110011 0.092771 0.005233
11001101 0.087094 0.004342
10110011 0.079088 0.001370
01001100 0.057130 0.001120
11110010 0.028821 0.001893
11001110 0.014795 0.001133
10110001 0.013226 0.001712
00110010 0.062207 0.001960
11001100 0.105988 0.002070
01001101 0.039665 0.001186
10110010 0.033203 0.003444
11000110 0.016816 0.001516
11010110 0.010761 0.001104
11100110 0.010687 0.000389
01110010 0.014338 0.001033
11001001 0.013895 0.000349
11010010 0.011490 0.000687
11110110 0.015649 0.000883
11110011 0.015846 0.000960
00110001 0.015263 0.001248
00001101 0.010961 0.001007
00110110 0.014783 0.002323
