00101 0.066210 0.002969
01001 0.057274 0.000503
10110 0.084211 0.004219
11101 0.052800 0.001727
10101 0.038689 0.001252
00010 0.058687 0.002719
11001 0.199232 0.003451
10010 0.089912 0.000542
00110 0.155612 0.003129
01101 0.040679 0.003050
01000 0.008934 0.000999
11000 0.023728 0.001538
00111 0.031493 0.000811
11010 0.036784 0.000566
10111 0.022172 0.001646
01010 0.011595 0.000711
10011 0.002875 0.000411
11011 0.004853 0.000592
00011 0.001899 0.000846
11110 0.002547 0.000330
01110 0.002541 0.000309
11111 0.000777 0.000243
00100 0.000630 0.000272
01100 0.000965 0.000399
11100 0.000969 0.000273
00000 0.000107 0.000116
01011 0.001197 0.000332
10001 0.001154 0.000167
01111 0.000541 0.000245
10100 0.000285 0.000226
00001 0.000563 0.000280
10000 0.000085 0.000116
