10011 0.002390 0.000511
11001 0.198633 0.001818
10010 0.088397 0.002095
00110 0.154826 0.008209
01000 0.009634 0.000881
11000 0.023740 0.002682
10101 0.036864 0.001847
00101 0.067772 0.001060
01101 0.043457 0.003083
11010 0.036767 0.000349
10110 0.090864 0.003770
01001 0.057015 0.003676
11101 0.051107 0.004160
11111 0.001545 0.000704
10001 0.000357 0.000230
00010 0.058071 0.004827
01110 0.002163 0.000116
11110 0.002373 0.000451
01010 0.011796 0.001273
10111 0.020712 0.000896
00111 0.028453 0.000380
01111 0.001351 0.000790
01011 0.001126 0.000178
11011 0.004612 0.000828
00011 0.001424 0.000354
01100 0.001719 0.000443
11100 0.001003 0.000394
10000 0.000114 0.000106
00100 0.001142 0.000649
00001 0.000214 0.000194
10100 0.000181 0.000128
00000 0.000179 0.000130
