0.238324
0.167935
0.278630
0.469957
0.216660
0.183847
0.250375
0.230339
0.289870
0.243702
0.391133
0.315062
0.298712
0.316828
0.273487
0.240539
0.118837
0.111912
0.126415
0.209132
0.103315
0.162348
0.143645
0.183739
0.142737
0.199303
0.237628
0.270950
0.407497
0.253065
0.184658
0.317422
0.279384
0.156534
0.237792
0.226241
0.107993
0.154973
0.260880
0.208702
0.301293
0.428084
0.319223
0.376292
0.277029
0.279164
0.561024
0.297013
0.302784
0.160924
0.213679
0.238447
0.398433
0.182688
0.117178
0.111306
0.550081
0.406418
0.411792
0.209493
0.368350
0.219685
0.323520
0.173319
0.175027
0.167877
0.186609
0.252075
0.225944
0.182957
0.482111
0.328724
0.193173
0.130235
0.764440
0.448640
0.666799
0.386509
0.297161
0.239193
0.177713
0.274223
0.207569
0.372091
0.287262
0.130078
0.202675
0.131150
0.251260
0.148136
0.144889
0.312078
0.297507
0.208512
0.268589
0.166726
0.235061
0.133847
0.174510
0.374784
0.167526
0.134153
0.208513
0.167223
0.221372
0.130702
0.340232
0.137820
0.105968
0.223384
0.226804
0.185836
0.145269
0.139001
0.397132
0.238499
0.379264
0.218389
0.421822
0.285238
0.238178
0.237375
0.281667
0.343657
0.251072
0.272226
0.155050
0.160506