0.150368
0.226888
0.235023
0.238398
0.305918
0.228281
0.220670
0.201167
0.193188
0.277501
0.209989
0.119723
0.195282
0.333876
0.370482
0.220880
0.224425
0.173421
0.249176
0.589910
0.185097
0.208399
0.154618
0.306503
0.201132
0.314045
0.159879
0.174717
0.148736
0.219956
0.156192
0.279916
0.149134
0.250936
0.183686
0.215383
0.201593
0.374539
0.189600
0.210744
0.182427
0.293299
0.298606
0.459447
0.148526
0.151137
0.238543
0.202854
0.303063
0.218254
0.166190
0.246933
0.195553
0.154577
0.542541
0.312983
0.232830
0.246256
0.266480
0.247612
0.263235
0.296712
0.305367
0.498715
0.245407
0.217277
0.175104
0.195903
0.310330
0.193132
0.213443
0.345081
0.380320
0.189545
0.250745
0.449245
0.394307
0.285052
0.324162
0.240884
0.175606
0.238421
0.143213
0.193089
0.175288
0.134741
0.168607
0.169834
0.116994
0.237311
0.139317
0.141035
0.168079
0.104153
0.213934
0.171096
0.155517
0.172864
0.400787
0.203048
0.636040
0.291326
0.297734
0.224150
0.284609
0.521897
0.273920
0.429508
0.282380
0.580168
0.134763
0.144152
0.141856
0.212954
0.236096
0.286422
0.465516
0.276491
0.159889
0.282868
0.230367
0.298709
0.247447
0.255011
0.241811
0.177600
0.221171
0.232879
0.587135
0.287862
0.168047
0.229297
0.116004
0.160164
0.283636
0.219931
0.234322
0.405866
0.288174
0.173086
0.220264
0.507311
0.330994
0.213821
0.198807
0.158686
0.332562
0.184430
0.220278
0.196402
0.170174
0.332758
0.316044
0.182849
0.139920
0.202702
0.137686
0.219022
0.214329
0.191508
0.288261
0.225599
0.359185
0.243681
0.195058
0.238422
0.413648
0.238270
0.259058
0.244881
0.263998
0.180025
0.188447
0.179540
0.187604
0.266047
0.132409
0.195828
0.230304
0.262717
0.144273
0.243131
0.449606
0.290610
0.451696
0.274410
0.239191
0.425374
0.253825
0.376047
0.241338
0.419733
0.203956
0.159843
0.512659
0.301423
0.136682
0.234794
0.200158
0.232840