1.162470000000000031e-01
2.676609999999999823e-01
1.321299999999999975e-01
1.110799999999999982e-01
2.616589999999999749e-01
2.204359999999999931e-01
2.608690000000000175e-01
2.923129999999999895e-01
2.240769999999999984e-01
3.710860000000000269e-01
1.752519999999999911e-01
1.631630000000000025e-01
2.881960000000000077e-01
2.450319999999999998e-01
2.494840000000000113e-01
4.628860000000000197e-01
2.832810000000000050e-01
1.693610000000000115e-01
1.797229999999999939e-01
1.634089999999999987e-01
8.382669999999999844e-01
4.593360000000000221e-01
2.179909999999999903e-01
1.167259999999999964e-01
3.050629999999999731e-01
4.849300000000000277e-01
3.185930000000000151e-01
4.398349999999999760e-01
2.333409999999999929e-01
2.852990000000000248e-01
4.740300000000000069e-01
2.789960000000000218e-01
3.986339999999999884e-01
3.527210000000000067e-01
2.675270000000000148e-01
3.424240000000000061e-01
2.315089999999999926e-01
2.024940000000000073e-01
2.566749999999999865e-01
2.298219999999999985e-01
1.790110000000000035e-01
3.456949999999999745e-01
1.359049999999999980e-01
2.603159999999999918e-01
9.403300000000000547e-02
2.264889999999999959e-01
2.952319999999999944e-01
3.005390000000000006e-01
1.797670000000000101e-01
1.457759999999999889e-01
1.636690000000000089e-01
1.976120000000000099e-01
2.350899999999999934e-01
2.678800000000000070e-01
2.319980000000000098e-01
2.639480000000000159e-01
1.654849999999999932e-01
1.743899999999999895e-01
1.753989999999999994e-01
1.750279999999999891e-01
1.903590000000000004e-01
3.002420000000000089e-01
1.408909999999999885e-01
2.739380000000000148e-01
1.737470000000000125e-01
2.929939999999999767e-01
1.715470000000000050e-01
2.873470000000000191e-01
3.148770000000000180e-01
2.175729999999999886e-01
1.522689999999999877e-01
1.791729999999999989e-01
4.348850000000000215e-01
3.542449999999999766e-01
2.788689999999999780e-01
1.752650000000000041e-01
1.424529999999999963e-01
2.709420000000000162e-01
1.815060000000000007e-01
2.090549999999999908e-01
2.840500000000000247e-01
2.380299999999999916e-01
1.260390000000000121e-01
1.331579999999999986e-01
2.472370000000000123e-01
1.915169999999999928e-01
2.423589999999999911e-01
3.175040000000000084e-01
8.189100000000000545e-02
1.010839999999999933e-01
1.716699999999999893e-01
1.778430000000000011e-01
2.579730000000000079e-01
2.328089999999999882e-01
2.222250000000000059e-01
2.462679999999999869e-01
3.289909999999999779e-01
1.842330000000000079e-01
1.621960000000000068e-01
1.772179999999999866e-01
3.528640000000000110e-01
2.222820000000000074e-01
1.652309999999999890e-01
1.483049999999999924e-01
5.299000000000000377e-01
3.507680000000000242e-01
4.047330000000000094e-01
7.557239999999999513e-01
4.120369999999999866e-01
2.306999999999999884e-01
1.249859999999999999e-01
1.528359999999999996e-01
6.185150000000000370e-01
4.152520000000000100e-01
2.699440000000000173e-01
3.048310000000000186e-01
1.997599999999999931e-01
1.869200000000000028e-01
4.826170000000000182e-01
2.381399999999999906e-01
2.543469999999999898e-01
2.647700000000000053e-01
1.286029999999999951e-01
1.344629999999999992e-01
2.621979999999999866e-01
1.842989999999999906e-01
1.967420000000000002e-01
3.477729999999999988e-01
2.184280000000000110e-01
3.359070000000000111e-01
1.762710000000000110e-01
1.840519999999999934e-01
1.500190000000000135e-01
1.464940000000000131e-01
2.365549999999999875e-01
2.276479999999999893e-01
1.619049999999999934e-01
1.676459999999999895e-01
3.585420000000000273e-01
1.873529999999999918e-01
3.077969999999999873e-01
2.248900000000000066e-01
1.371279999999999999e-01
1.369019999999999959e-01
1.916249999999999898e-01
2.007569999999999910e-01
2.366310000000000080e-01
3.421850000000000169e-01
1.833500000000000130e-01
3.115470000000000184e-01
3.649479999999999946e-01
1.966970000000000107e-01
2.773510000000000142e-01
2.255079999999999862e-01
1.406799999999999995e-01
2.396919999999999884e-01
1.710139999999999993e-01
1.903960000000000097e-01
3.250580000000000136e-01
1.686479999999999924e-01
3.023529999999999829e-01
3.318969999999999976e-01
1.575870000000000049e-01
1.675729999999999997e-01
5.438509999999999733e-01
3.169649999999999967e-01
3.622520000000000184e-01
3.416069999999999940e-01
2.494679999999999953e-01
2.143110000000000015e-01
2.179439999999999988e-01
2.331640000000000101e-01
3.520960000000000201e-01
3.376730000000000009e-01
3.080069999999999752e-01
5.921419999999999462e-01
2.908930000000000127e-01
1.963930000000000120e-01
2.284539999999999904e-01
2.151720000000000022e-01
3.056200000000000028e-01
2.549549999999999872e-01
1.531540000000000123e-01
1.512479999999999936e-01
3.261410000000000142e-01
1.676610000000000045e-01
1.632699999999999985e-01
3.895350000000000201e-01
4.066549999999999887e-01
2.284730000000000094e-01
3.998070000000000235e-01
2.146059999999999912e-01
3.584740000000000149e-01
2.186470000000000080e-01
2.294329999999999981e-01
3.033410000000000273e-01
3.234580000000000233e-01
1.772060000000000024e-01
1.039189999999999975e-01
1.456639999999999879e-01
