0.150803
0.282749
0.142248
0.185445
0.157810
0.215759
0.224598
0.261114
0.203405
0.177622
0.169042
0.153520
0.246925
0.235590
0.184812
0.170188
0.175052
0.175502
0.160190
0.275972
0.282757
0.234122
0.094029
0.216927
0.279404
0.192012
0.256326
0.261870
0.206830
0.166979
0.152608
0.138392
0.273657
0.189780
0.322807
0.188034
0.202284
0.204493
0.120294
0.151114
0.357503
0.286510
0.209408
0.448829
0.219241
0.177481
0.384084
0.340084
0.203677
0.235039
0.208979
0.389745
0.263804
0.391184
0.229929
0.209853
0.242278
0.484196
0.202558
0.152288
0.287839
0.240302
0.138023
0.197316
0.182068
0.151091
0.187409
0.235155
0.195200
0.309132
0.146806
0.159438
0.419950
0.299634
0.159945
0.152253
0.239549
0.382988
0.153691
0.141403
0.227065
0.352228
0.231930
0.138699
0.199882
0.352870
0.262745
0.331637
0.097069
0.138258
0.352822
0.176912
0.345124
0.214346
0.164702
0.308618
0.248636
0.147537
0.141233
0.176961
0.280496
0.324328
0.387398
0.201252
0.152201
0.234800
0.244389
0.385289
0.194979
0.269248
0.115724
0.143318
0.361450
0.209676
0.185579
0.307535
0.270650
0.161452
0.164498
0.371297
0.227976
0.302039
0.168955
0.295790
0.239167
0.167791
0.211474
0.307868
0.304852
0.180265
0.178785
0.153682
0.142785
0.207754
0.161683
0.174974
0.220502
0.196717
0.163517
0.165442
0.746221
0.424636
0.163090
0.258578
0.228295
0.201188
0.397478
0.349894
0.234053
0.233248
0.352209
0.211939
0.322354
0.370430
0.294019
0.216010
0.220772
0.259786
0.192396
0.203152
0.320556
0.344923
0.451412
0.200134
0.204247
0.238128
0.545789
0.395272
0.455362
0.263567
0.217698
0.167760
0.404917
0.207035
0.199512
0.219046
0.311355
0.217416
0.193647
0.381955
0.376042
0.293978
0.172871
0.239021
0.461669
0.279942
0.605944
0.459066
0.240586
0.461710
0.177031
0.368060
0.423843
0.610660
0.218095
0.208748
0.161358
0.271494
0.136481
0.140792