0.098770
0.180549
0.247615
0.417231
0.328511
0.148844
0.254977
0.246396
0.175408
0.264123
0.192514
0.169475
0.305174
0.161560
0.255050
0.351319
0.313979
0.229209
0.250473
0.112929
0.208535
0.320465
0.090064
0.140805
0.234358
0.186159
0.255617
0.244445
0.251239
0.189476
0.182594
0.389098
0.268725
0.285750
0.412097
0.198417
0.156250
0.297931
0.266066
0.254387
0.388215
0.243091
0.246335
0.241309
0.385618
0.279160
0.527112
0.312578
0.288737
0.286416
0.227923
0.256619
0.667759
0.379811
0.404928
0.353901
0.317274
0.309164
0.646536
0.392854
0.169270
0.292399
0.188037
0.195976
0.191416
0.318736
0.158512
0.212909
0.256883
0.204791
0.228197
0.356939
0.296672
0.462599
0.388351
0.256556
0.191051
0.273530
0.226586
0.238164
0.271701
0.204132
0.189763
0.130883
0.142640
0.116584
0.211622
0.187948
0.129192
0.254732
0.254171
0.160431
0.193084
0.211344
0.317159
0.116897
0.189631
0.248101
0.211824
0.210533
0.210408
0.155117
0.196631
0.247777
0.197243
0.243542
0.343205
0.481337
0.254693
0.579974
0.155057
0.174270
0.303956
0.240703
0.199404
0.430116
0.565468
0.363541
0.529998
0.260697
0.171432
0.191107
0.328818
0.186298
0.221048
0.143117
0.246230
0.208547
0.222177
0.239125
0.182319
0.193061
0.093365
0.186330
0.315888
0.293518
0.256991
0.243954
0.284908
0.155273
0.158101
0.272853
0.205849
0.121986
0.162864
0.155579
0.242222
0.363890
0.250835
0.202891
0.175542
0.172393
0.198893
0.229730
0.116588
0.311124
0.199428
0.255471
0.198740
0.219499
0.353775
0.220252
0.243070
0.462633
0.197043
0.268047
0.257308
0.287654
0.201037
0.589763
0.424780
0.196100
0.291680
0.282544
0.440282
0.788340
0.187835
0.173822
0.275436
0.304803
0.332920
0.207885
0.371119
0.202339
0.224594
0.145830
0.233192
0.209715
0.234643
0.248434
0.181425
0.212762
0.291231
0.152551
0.353525
0.273752
0.282132
0.411683
0.129408
0.207138