2.837390000000000190e-01
4.176940000000000097e-01
1.587349999999999872e-01
1.409779999999999922e-01
2.942679999999999740e-01
1.933749999999999913e-01
3.893409999999999926e-01
2.413829999999999865e-01
3.480309999999999793e-01
5.052330000000000432e-01
1.585900000000000087e-01
2.429379999999999873e-01
2.138220000000000121e-01
4.668950000000000045e-01
4.651890000000000192e-01
2.886130000000000084e-01
1.742769999999999875e-01
1.770819999999999894e-01
1.937989999999999990e-01
1.983939999999999870e-01
5.680340000000000389e-01
3.715419999999999834e-01
2.076780000000000015e-01
3.038489999999999802e-01
4.124220000000000108e-01
2.664810000000000234e-01
3.732509999999999994e-01
5.574639999999999596e-01
2.652340000000000253e-01
4.290559999999999929e-01
2.492669999999999886e-01
2.443440000000000056e-01
4.686790000000000123e-01
4.565799999999999859e-01
2.242699999999999971e-01
2.280760000000000010e-01
3.928170000000000273e-01
2.080249999999999877e-01
3.825749999999999984e-01
5.507199999999999873e-01
3.271359999999999824e-01
4.640000000000000235e-01
1.787330000000000030e-01
3.192459999999999742e-01
9.863700000000000245e-02
1.524890000000000134e-01
2.101780000000000037e-01
2.891070000000000029e-01
2.042460000000000109e-01
5.154300000000000548e-01
2.461359999999999937e-01
2.104389999999999872e-01
5.542019999999999724e-01
4.438050000000000050e-01
4.807500000000000107e-01
6.099320000000000297e-01
3.054850000000000065e-01
1.794749999999999956e-01
2.000170000000000003e-01
3.016099999999999892e-01
4.162759999999999794e-01
2.269539999999999891e-01
5.227309999999999457e-01
3.009240000000000248e-01
1.559589999999999865e-01
1.744620000000000060e-01
2.729710000000000192e-01
4.004179999999999962e-01
4.483730000000000215e-01
3.116349999999999953e-01
1.968000000000000027e-01
2.246940000000000048e-01
2.355879999999999919e-01
4.696580000000000199e-01
1.792870000000000019e-01
2.751219999999999777e-01
3.737190000000000234e-01
5.821410000000000196e-01
3.735330000000000039e-01
2.002210000000000101e-01
3.061090000000000200e-01
1.641029999999999989e-01
1.529590000000000116e-01
1.904420000000000002e-01
2.002230000000000121e-01
1.415220000000000089e-01
2.889769999999999839e-01
1.827509999999999968e-01
2.373300000000000132e-01
3.932459999999999845e-01
1.698959999999999915e-01
1.388870000000000104e-01
3.410000000000000253e-01
3.092699999999999894e-01
9.914199999999999402e-02
1.475819999999999910e-01
1.316130000000000078e-01
1.324480000000000102e-01
1.727509999999999879e-01
2.412209999999999910e-01
4.839379999999999793e-01
6.721610000000000085e-01
1.809919999999999862e-01
3.620050000000000212e-01
2.201539999999999886e-01
1.815869999999999984e-01
2.836810000000000165e-01
6.079780000000000184e-01
3.247050000000000214e-01
4.885760000000000103e-01
2.083510000000000084e-01
2.243660000000000099e-01
7.716960000000000486e-01
6.224629999999999885e-01
2.030980000000000008e-01
4.628450000000000064e-01
3.285489999999999799e-01
1.991140000000000132e-01
1.613920000000000077e-01
2.773579999999999934e-01
3.480010000000000048e-01
2.415859999999999952e-01
1.934809999999999863e-01
3.398909999999999987e-01
1.647980000000000000e-01
1.670840000000000103e-01
3.527569999999999872e-01
1.882709999999999939e-01
2.802549999999999764e-01
2.566390000000000060e-01
2.160650000000000071e-01
4.608220000000000094e-01
3.236640000000000073e-01
5.672329999999999872e-01
3.577179999999999804e-01
2.086600000000000121e-01
1.623570000000000013e-01
3.044350000000000112e-01
1.774300000000000044e-01
2.806989999999999763e-01
4.830949999999999966e-01
3.007670000000000066e-01
6.630329999999999835e-01
3.514829999999999899e-01
2.661910000000000109e-01
4.363259999999999916e-01
3.580349999999999921e-01
2.303070000000000117e-01
4.713010000000000255e-01
3.267100000000000004e-01
3.394780000000000020e-01
5.468039999999999567e-01
4.227899999999999991e-01
6.168590000000000462e-01
2.781100000000000239e-01
1.681429999999999869e-01
2.267470000000000041e-01
2.962449999999999806e-01
5.337159999999999682e-01
3.318119999999999958e-01
3.525320000000000120e-01
4.636109999999999953e-01
3.756840000000000179e-01
2.431349999999999900e-01
2.381419999999999926e-01
1.731010000000000049e-01
1.995190000000000019e-01
3.195680000000000187e-01
2.839200000000000057e-01
5.025899999999999812e-01
5.135049999999999892e-01
2.810559999999999725e-01
5.867390000000000105e-01
4.422389999999999932e-01
2.276040000000000008e-01
3.980679999999999774e-01
2.265089999999999881e-01
1.290409999999999890e-01
1.542959999999999887e-01
3.476859999999999951e-01
4.382659999999999889e-01
2.118609999999999938e-01
5.395240000000000036e-01
2.480239999999999945e-01
2.064539999999999986e-01
4.541970000000000174e-01
2.194460000000000022e-01
3.259489999999999887e-01
6.645370000000000443e-01
5.283980000000000343e-01
2.174689999999999956e-01
2.556889999999999996e-01
2.628499999999999726e-01
4.930140000000000078e-01
3.872709999999999764e-01
1.885280000000000011e-01
1.583509999999999918e-01
3.243099999999999872e-01
1.342220000000000080e-01
2.887520000000000087e-01
