3.427760000000000251e-01
2.571720000000000117e-01
2.983239999999999781e-01
3.205089999999999884e-01
2.141129999999999978e-01
1.687619999999999953e-01
4.798620000000000108e-01
2.771100000000000230e-01
5.076190000000000424e-01
2.730830000000000202e-01
2.085370000000000001e-01
2.347770000000000135e-01
4.701930000000000276e-01
2.513469999999999871e-01
1.657470000000000054e-01
2.072710000000000108e-01
2.044420000000000126e-01
1.784129999999999883e-01
1.629400000000000015e-01
2.511369999999999991e-01
2.884439999999999782e-01
1.480710000000000082e-01
2.274539999999999895e-01
1.475319999999999965e-01
1.972990000000000022e-01
2.092890000000000028e-01
3.435019999999999740e-01
2.199810000000000099e-01
1.772380000000000067e-01
1.734229999999999938e-01
1.747450000000000114e-01
3.017070000000000030e-01
2.012559999999999905e-01
1.924170000000000047e-01
2.997509999999999897e-01
2.775529999999999942e-01
2.715069999999999983e-01
1.983850000000000058e-01
4.653939999999999744e-01
2.674400000000000110e-01
2.148400000000000032e-01
2.838330000000000020e-01
1.973769999999999969e-01
1.917040000000000133e-01
1.902850000000000097e-01
1.900709999999999900e-01
2.617590000000000194e-01
1.398500000000000021e-01
1.576609999999999956e-01
1.796959999999999946e-01
2.645770000000000066e-01
1.831889999999999907e-01
1.413300000000000112e-01
2.439719999999999944e-01
9.951300000000000423e-02
2.027829999999999910e-01
2.065680000000000016e-01
1.493980000000000030e-01
1.374690000000000079e-01
1.461079999999999879e-01
1.531629999999999936e-01
1.145759999999999973e-01
1.099210000000000048e-01
1.051580000000000015e-01
1.716949999999999865e-01
3.129580000000000140e-01
3.369639999999999858e-01
1.990659999999999930e-01
1.420629999999999948e-01
1.759940000000000115e-01
2.272210000000000063e-01
2.083800000000000097e-01
9.501700000000000423e-02
1.889639999999999931e-01
3.389280000000000070e-01
1.816419999999999979e-01
3.701160000000000005e-01
1.803960000000000008e-01
1.243279999999999941e-01
1.279609999999999914e-01
1.394819999999999949e-01
1.888009999999999966e-01
6.116430000000000478e-01
3.225239999999999774e-01
2.726399999999999935e-01
1.461339999999999861e-01
3.997379999999999822e-01
2.450839999999999963e-01
2.585310000000000108e-01
1.824099999999999888e-01
9.811799999999999689e-02
1.813339999999999952e-01
1.797499999999999931e-01
1.362609999999999932e-01
3.520139999999999936e-01
1.317570000000000130e-01
1.433039999999999869e-01
1.988439999999999930e-01
3.458709999999999840e-01
2.125690000000000079e-01
1.477469999999999895e-01
1.963370000000000115e-01
2.394399999999999862e-01
2.322690000000000032e-01
5.322710000000000496e-01
3.030939999999999745e-01
2.034789999999999932e-01
1.491609999999999880e-01
9.672400000000000442e-02
1.117329999999999990e-01
1.601970000000000061e-01
1.145950000000000024e-01
2.646589999999999776e-01
4.821509999999999962e-01
3.975509999999999877e-01
2.772009999999999752e-01
2.454149999999999943e-01
4.048889999999999989e-01
2.596209999999999907e-01
3.052409999999999846e-01
3.290850000000000164e-01
2.244500000000000106e-01
4.821190000000000198e-01
2.731359999999999899e-01
4.202279999999999904e-01
2.524230000000000085e-01
3.299610000000000043e-01
1.900689999999999880e-01
