2.233140000000000125e-01
3.821069999999999744e-01
5.358950000000000102e-01
2.814090000000000202e-01
1.438730000000000009e-01
3.026030000000000109e-01
4.505790000000000073e-01
5.921849999999999614e-01
1.952550000000000119e-01
2.670500000000000096e-01
7.368600000000000150e-02
1.563350000000000017e-01
2.524569999999999870e-01
1.423260000000000081e-01
2.357950000000000046e-01
4.685540000000000260e-01
3.945159999999999778e-01
4.252380000000000049e-01
2.904700000000000060e-01
3.514340000000000241e-01
1.743349999999999900e-01
1.653930000000000122e-01
5.090069999999999872e-01
4.007129999999999859e-01
2.216100000000000014e-01
2.328469999999999984e-01
1.327280000000000126e-01
1.708939999999999904e-01
8.899500000000000466e-02
9.727399999999999936e-02
2.490110000000000101e-01
4.285869999999999957e-01
