0.152406
0.423793
0.431816
0.299662
0.386960
0.295403
0.414927
0.272592
0.229920
0.237814
0.401527
0.225483
0.296826
0.172059
0.270163
0.536084
0.137952
0.293844
0.338529
0.201317
0.345855
0.263675
0.370635
0.340159
0.179367
0.188094
0.274667
0.312233
0.262960
0.295185
0.335214
0.209233
0.201277
0.320529
0.578639
0.212667
0.436330
0.317611
0.257825
0.340880
0.272052
0.285340
0.274626
0.251737
0.284922
0.258518
0.318683
0.293248
0.178687
0.405218
0.587461
0.386080
0.352571
0.180792
0.202801
0.361525
0.587790
0.358819
0.393314
0.504355
0.354703
0.424894
0.316567
0.445202
0.342636
0.368145
0.294492
0.110044
0.687374
0.580351
0.321424
0.528784
0.342631
0.302075
0.376912
0.283997
0.368848
0.304408
0.428643
0.311086
0.146261
0.238451
0.424416
0.224648
0.257681
0.332516
0.577895
0.414973
0.562828
0.436357
0.641544
0.403035
0.440004
0.310815
0.511389
0.230717
0.290482
0.285990