6.325100000000000167e-02
9.974099999999999633e-02
1.813410000000000022e-01
1.672160000000000035e-01
1.515279999999999960e-01
1.843289999999999929e-01
2.153200000000000114e-01
1.651789999999999925e-01
2.181230000000000113e-01
1.776240000000000041e-01
1.599029999999999896e-01
3.880040000000000155e-01
3.231939999999999813e-01
2.111180000000000001e-01
3.888630000000000142e-01
2.099560000000000037e-01
9.450000000000000067e-02
9.546599999999999531e-02
1.244119999999999948e-01
5.207770000000000454e-01
2.189170000000000005e-01
4.013280000000000181e-01
1.763109999999999955e-01
3.396839999999999860e-01
1.673499999999999988e-01
2.157020000000000048e-01
2.780989999999999851e-01
3.072779999999999956e-01
2.052150000000000085e-01
3.775249999999999995e-01
1.271039999999999948e-01
5.778429999999999955e-01
9.034100000000000463e-02
9.288100000000000522e-02
2.232470000000000010e-01
1.918430000000000135e-01
1.898040000000000005e-01
2.221480000000000121e-01
4.119979999999999754e-01
2.189190000000000025e-01
2.971329999999999805e-01
2.844579999999999886e-01
4.235840000000000161e-01
2.311010000000000009e-01
2.236460000000000115e-01
2.804679999999999951e-01
2.553619999999999779e-01
2.459379999999999900e-01
4.554199999999999915e-01
3.477549999999999808e-01
4.817759999999999820e-01
1.978570000000000051e-01
2.563989999999999880e-01
4.573369999999999935e-01
7.596680000000000099e-01
4.209049999999999736e-01
2.519759999999999778e-01
1.550380000000000091e-01
1.189140000000000058e-01
1.845680000000000098e-01
1.516119999999999968e-01
1.389039999999999997e-01
1.253829999999999945e-01
1.896909999999999985e-01
8.943299999999999861e-02
2.638820000000000054e-01
1.172870000000000024e-01
1.425819999999999865e-01
2.835960000000000147e-01
1.319220000000000115e-01
9.549000000000000543e-02
1.548380000000000034e-01
1.701689999999999869e-01
1.585459999999999925e-01
1.747380000000000044e-01
1.555670000000000108e-01
1.627220000000000055e-01
1.979609999999999981e-01
1.940860000000000085e-01
3.689490000000000269e-01
5.912499999999999700e-02
1.411550000000000027e-01
1.861420000000000019e-01
3.274610000000000021e-01
1.404680000000000095e-01
9.838700000000000223e-02
1.377490000000000103e-01
1.640929999999999889e-01
1.499550000000000050e-01
1.432390000000000052e-01
1.769860000000000044e-01
1.542300000000000060e-01
3.594840000000000257e-01
1.486709999999999976e-01
1.148980000000000001e-01
1.731620000000000104e-01
1.228589999999999960e-01
2.323109999999999897e-01
