1.635169999999999957e-01
2.721799999999999775e-01
4.194979999999999820e-01
2.423559999999999881e-01
4.070369999999999822e-01
3.231550000000000256e-01
2.032690000000000052e-01
3.069830000000000059e-01
2.204569999999999863e-01
1.674889999999999990e-01
1.933580000000000021e-01
3.376390000000000224e-01
1.851009999999999878e-01
2.015250000000000097e-01
1.819639999999999869e-01
2.301880000000000037e-01
1.699650000000000050e-01
1.408059999999999867e-01
2.376800000000000024e-01
2.205070000000000086e-01
2.867750000000000021e-01
3.166010000000000213e-01
1.769040000000000057e-01
2.850920000000000121e-01
5.124039999999999706e-01
7.129619999999999846e-01
2.586410000000000098e-01
2.525080000000000102e-01
1.918499999999999928e-01
2.572840000000000127e-01
1.704940000000000067e-01
2.453180000000000083e-01
2.234379999999999977e-01
2.311890000000000056e-01
3.332869999999999999e-01
5.041769999999999863e-01
1.906289999999999929e-01
1.956110000000000071e-01
3.429510000000000058e-01
4.851559999999999762e-01
2.606249999999999956e-01
1.744630000000000070e-01
4.752020000000000133e-01
3.201010000000000244e-01
3.253159999999999941e-01
3.964730000000000198e-01
2.161430000000000018e-01
1.654899999999999982e-01
1.530380000000000074e-01
2.695509999999999851e-01
3.391649999999999943e-01
1.875350000000000072e-01
1.940749999999999975e-01
1.582790000000000030e-01
2.052059999999999995e-01
4.177029999999999910e-01
1.165520000000000028e-01
2.451659999999999950e-01
2.359269999999999978e-01
1.688709999999999933e-01
3.322010000000000240e-01
2.299319999999999975e-01
5.115699999999999692e-01
3.146280000000000188e-01
3.893240000000000034e-01
3.798570000000000002e-01
1.559609999999999885e-01
1.763639999999999930e-01
2.424689999999999901e-01
1.816619999999999902e-01
2.098559999999999870e-01
3.356149999999999967e-01
4.569540000000000268e-01
2.176299999999999901e-01
1.918970000000000120e-01
2.346219999999999972e-01
1.443959999999999966e-01
1.774469999999999936e-01
4.543599999999999861e-01
2.959359999999999769e-01
3.523609999999999798e-01
3.594689999999999830e-01
3.187260000000000093e-01
3.699770000000000003e-01
5.026840000000000197e-01
4.432240000000000069e-01
2.976840000000000042e-01
2.830130000000000146e-01
4.377659999999999885e-01
3.088060000000000249e-01
4.958359999999999990e-01
2.781420000000000003e-01
2.940450000000000008e-01
2.429050000000000098e-01
3.171459999999999835e-01
2.971790000000000265e-01
4.192629999999999968e-01
2.394880000000000064e-01
3.234719999999999818e-01
3.217300000000000160e-01
5.636219999999999564e-01
3.342539999999999956e-01
3.548560000000000048e-01
2.486510000000000109e-01
4.680349999999999788e-01
3.522980000000000000e-01
5.201069999999999860e-01
2.781899999999999928e-01
2.926739999999999897e-01
1.634629999999999972e-01
1.305850000000000066e-01
1.836379999999999957e-01
4.547590000000000243e-01
2.260689999999999922e-01
2.496649999999999980e-01
5.248530000000000140e-01
1.839300000000000102e-01
3.515539999999999776e-01
2.824599999999999889e-01
2.045410000000000006e-01
3.378039999999999932e-01
1.948100000000000109e-01
3.217519999999999825e-01
2.087920000000000054e-01
4.256980000000000208e-01
3.857099999999999973e-01
2.716859999999999831e-01
1.807249999999999968e-01
2.442169999999999896e-01
1.788659999999999972e-01
4.198819999999999775e-01
2.115769999999999873e-01
9.349899999999999878e-02
1.564810000000000090e-01
1.886990000000000056e-01
2.304450000000000109e-01
1.560149999999999870e-01
1.794949999999999879e-01
2.761370000000000213e-01
2.228169999999999873e-01
3.987450000000000161e-01
2.810819999999999985e-01
1.722779999999999867e-01
3.106979999999999742e-01
4.459170000000000078e-01
3.655129999999999768e-01
2.503980000000000095e-01
4.862380000000000035e-01
1.899399999999999977e-01
2.283419999999999894e-01
2.201220000000000121e-01
1.905719999999999914e-01
1.721660000000000135e-01
2.419219999999999982e-01
1.764640000000000097e-01
1.885920000000000096e-01
3.621240000000000014e-01
1.960729999999999973e-01
2.614870000000000250e-01
2.768379999999999730e-01
3.455500000000000238e-01
5.440260000000000096e-01
2.012700000000000045e-01
3.439829999999999832e-01
3.960600000000000231e-01
4.326900000000000190e-01
1.982879999999999920e-01
2.634900000000000020e-01
1.954940000000000011e-01
2.124350000000000127e-01
2.271849999999999981e-01
2.052940000000000043e-01
2.066540000000000044e-01
2.201369999999999993e-01
2.551419999999999799e-01
1.845519999999999938e-01
1.053329999999999961e-01
1.497620000000000062e-01
2.427620000000000056e-01
2.957600000000000229e-01
3.387780000000000236e-01
2.061159999999999937e-01
3.108049999999999979e-01
4.583439999999999737e-01
5.192039999999999988e-01
2.282740000000000047e-01
2.631749999999999923e-01
2.171540000000000137e-01
2.692499999999999893e-01
1.924150000000000027e-01
4.116099999999999759e-01
2.254490000000000105e-01
2.474729999999999985e-01
1.886990000000000056e-01
2.502920000000000145e-01
2.496939999999999993e-01
1.834129999999999927e-01
3.634260000000000268e-01
1.603370000000000073e-01
1.459060000000000079e-01
