8.308999999999999719e-02
1.186299999999999993e-01
1.354569999999999941e-01
1.840809999999999946e-01
3.499410000000000021e-01
1.726850000000000052e-01
2.270310000000000106e-01
1.499790000000000012e-01
2.234389999999999987e-01
4.754959999999999742e-01
1.567459999999999964e-01
3.328699999999999992e-01
4.838060000000000138e-01
1.727859999999999951e-01
2.398329999999999906e-01
3.004859999999999753e-01
1.653270000000000017e-01
1.559999999999999998e-01
2.768519999999999870e-01
2.046729999999999938e-01
3.217110000000000247e-01
2.997600000000000264e-01
2.334970000000000101e-01
1.971870000000000012e-01
4.478019999999999778e-01
2.518389999999999795e-01
1.841019999999999879e-01
1.766520000000000035e-01
2.794749999999999734e-01
1.792370000000000074e-01
2.439240000000000019e-01
3.121780000000000110e-01
2.491510000000000113e-01
1.265209999999999946e-01
1.923709999999999865e-01
9.460699999999999665e-02
9.522400000000000309e-02
2.329799999999999927e-01
2.088450000000000029e-01
1.228390000000000037e-01
1.437269999999999937e-01
1.826399999999999968e-01
1.139850000000000030e-01
1.184189999999999965e-01
2.370160000000000045e-01
1.333030000000000048e-01
1.431219999999999992e-01
2.296999999999999875e-01
3.125279999999999725e-01
1.181490000000000040e-01
1.482439999999999869e-01
1.728389999999999926e-01
3.834759999999999835e-01
1.355619999999999881e-01
7.889899999999999691e-02
1.300779999999999992e-01
2.377529999999999921e-01
4.882779999999999898e-01
1.310659999999999881e-01
3.410210000000000186e-01
5.011600000000000499e-01
2.112640000000000073e-01
2.097100000000000075e-01
3.286330000000000084e-01
1.263670000000000071e-01
1.263890000000000013e-01
1.006900000000000017e-01
1.963280000000000025e-01
1.974859999999999949e-01
2.762450000000000183e-01
1.570920000000000094e-01
1.541609999999999925e-01
7.225900000000000378e-02
1.470190000000000108e-01
1.501379999999999937e-01
1.250080000000000080e-01
1.352369999999999961e-01
2.486700000000000021e-01
2.310889999999999889e-01
1.726330000000000087e-01
7.657700000000000617e-02
1.395089999999999941e-01
1.525549999999999962e-01
2.952009999999999912e-01
3.713270000000000182e-01
7.415380000000000305e-01
2.382209999999999883e-01
4.790220000000000034e-01
2.514700000000000268e-01
1.776500000000000024e-01
9.759800000000000419e-02
9.960099999999999509e-02
1.089070000000000038e-01
2.781980000000000008e-01
6.146559999999999802e-01
3.899549999999999961e-01
3.281879999999999797e-01
1.843229999999999869e-01
2.250219999999999998e-01
3.293440000000000256e-01
3.391480000000000050e-01
1.912459999999999993e-01
2.441159999999999997e-01
2.051370000000000138e-01
2.832330000000000125e-01
1.933340000000000058e-01
1.285650000000000126e-01
1.968880000000000075e-01
1.551629999999999954e-01
2.383939999999999948e-01
4.483559999999999768e-01
3.129379999999999939e-01
1.390939999999999954e-01
2.629909999999999748e-01
1.273440000000000127e-01
1.555219999999999936e-01
1.793649999999999967e-01
3.123290000000000233e-01
1.819089999999999874e-01
3.590659999999999963e-01
2.169830000000000092e-01
1.455649999999999999e-01
1.322879999999999889e-01
1.365409999999999957e-01
1.441310000000000091e-01
2.776060000000000194e-01
8.996600000000000430e-02
1.273779999999999912e-01
