0.078924
0.085071
0.176934
0.396188
0.278486
0.500258
0.276831
0.727525
0.196549
0.324912
0.176855
0.430563
0.231631
0.383473
0.322917
0.347620
0.107691
0.202967
0.074672
0.089999
0.325922
0.459074
0.257760
0.146754
0.274444
0.200195
0.181129
0.142996
0.184789
0.168596
0.297957
0.274575
0.189829
0.109712
0.213788
0.115065
0.139286
0.208810
0.179131
0.196823
0.205446
0.305152
0.150105
0.128934
0.299289
0.141867
0.247960
0.469957
0.098384
0.211631
0.359397
0.147529
0.252806
0.262504
0.104709
0.137682
0.503176
0.285187
0.385113
0.166853
0.205039
0.293951
0.302124
0.304496
0.116609
0.120639
0.152885
0.281356
0.466289
0.206524
0.207676
0.216922
0.112129
0.171508
0.180331
0.125411
0.305060
0.165629
0.279252
0.272881
0.130372
0.240667
0.159915
0.129430
0.247036
0.218269
0.262691
0.143012
0.285044
0.156100
0.054709
0.104374
0.194406
0.154944
0.271974
0.305194
0.135046
0.134324
0.170844
0.318079
0.272418
0.172294
0.245217
0.230292
0.470968
0.312778
0.353874
0.220179
0.086974
0.106758
0.218606
0.347319
0.096021
0.101901
0.125859
0.120195
0.203591
0.173234
0.200243
0.181587
0.204004
0.209030
0.139932
0.152110
0.169375
0.297870
0.135833
0.160454