1.037349999999999939e-01
3.103969999999999785e-01
2.298189999999999955e-01
1.393439999999999956e-01
1.948940000000000117e-01
1.418049999999999866e-01
1.891879999999999951e-01
1.729910000000000059e-01
3.419320000000000137e-01
1.119030000000000025e-01
1.978229999999999988e-01
1.024719999999999936e-01
1.840829999999999966e-01
2.955039999999999889e-01
9.647200000000000220e-02
2.586849999999999983e-01
2.047920000000000018e-01
2.224690000000000001e-01
2.036310000000000064e-01
2.644320000000000004e-01
2.288360000000000116e-01
2.234760000000000080e-01
2.063059999999999894e-01
1.304750000000000076e-01
3.644430000000000169e-01
1.422710000000000086e-01
1.481609999999999872e-01
1.444370000000000098e-01
1.056829999999999992e-01
2.672180000000000111e-01
1.741389999999999882e-01
1.792040000000000022e-01
3.873320000000000096e-01
1.695589999999999875e-01
9.669300000000000117e-02
1.614140000000000019e-01
2.519930000000000225e-01
2.647909999999999986e-01
1.353250000000000008e-01
3.928929999999999922e-01
2.743090000000000250e-01
5.024149999999999450e-01
1.539179999999999993e-01
2.233870000000000022e-01
3.299520000000000231e-01
3.915520000000000111e-01
2.433859999999999912e-01
1.256619999999999959e-01
5.784839999999999982e-01
2.405100000000000016e-01
2.020500000000000074e-01
3.461960000000000037e-01
5.160099999999999687e-01
2.770090000000000052e-01
2.481339999999999935e-01
2.514739999999999753e-01
2.980129999999999724e-01
1.651880000000000015e-01
1.701850000000000029e-01
1.947480000000000044e-01
2.946380000000000110e-01
3.546369999999999800e-01
3.357800000000000229e-01
5.817539999999999933e-01
2.559390000000000276e-01
3.522080000000000211e-01
7.293290000000000051e-01
3.728319999999999967e-01
4.324560000000000071e-01
4.611600000000000144e-01
5.086540000000000505e-01
3.556469999999999909e-01
