7.681300000000000627e-02
2.127890000000000059e-01
2.336640000000000106e-01
3.189259999999999873e-01
2.107999999999999874e-01
1.379170000000000118e-01
9.229400000000000104e-02
2.650339999999999918e-01
1.973840000000000039e-01
4.119200000000000084e-01
1.192990000000000023e-01
2.469030000000000113e-01
2.898229999999999973e-01
1.576579999999999926e-01
3.320319999999999938e-01
2.156639999999999946e-01
1.841669999999999974e-01
2.208469999999999878e-01
3.861100000000000088e-01
2.037410000000000054e-01
2.359650000000000081e-01
1.760619999999999963e-01
3.327479999999999882e-01
5.645350000000000090e-01
4.569019999999999748e-01
2.267849999999999866e-01
1.787100000000000077e-01
3.944810000000000261e-01
1.797539999999999971e-01
3.723670000000000035e-01
1.332899999999999918e-01
2.564699999999999758e-01
