0.133923
0.135478
0.844104
0.463133
0.202966
0.384565
0.268232
0.250092
0.246337
0.139387
0.351239
0.480822
0.267321
0.229615
0.310153
0.488706
0.067604
0.059519
0.144982
0.307446
0.291759
0.423853
0.169925
0.323245
0.323161
0.171689
0.359487
0.229507
0.180662
0.159585
0.139292
0.186901
0.189330
0.324903
0.287538
0.317466
0.140837
0.251371
0.401145
0.173620
0.165458
0.180455
0.270857
0.293050
0.241068
0.188687
0.251694
0.416688
0.165283
0.328723
0.242619
0.341336
0.268330
0.291622
0.166043
0.194784
0.180902
0.327016
0.278048
0.483447
0.396087
0.259256
0.222496
0.238771
0.388709
0.202846
0.403345
0.245156
0.278877
0.332886
0.277570
0.226213
0.104952
0.108012
0.292969
0.300479
0.511000
0.334117
0.163866
0.268903
0.173655
0.140701
0.257684
0.302334
0.472017
0.303775
0.234733
0.212401
0.318978
0.163844
0.200401
0.262264
0.262489
0.207803
0.210383
0.427904
0.162335
0.143070
0.328263
0.284438
0.267578
0.299037
0.275438
0.199373
0.395886
0.264609
0.215748
0.291848
0.081944
0.127207
0.188564
0.250804
0.210777
0.348379
0.238393
0.366691
0.311979
0.242207
0.296509
0.428474
0.151280
0.234192
0.314011
0.217339
0.162714
0.216215
0.179657
0.177177