1.014980000000000049e-01
2.164999999999999980e-01
3.795270000000000032e-01
2.284210000000000129e-01
1.313080000000000080e-01
1.121430000000000066e-01
2.604810000000000181e-01
1.952170000000000016e-01
2.031600000000000072e-01
1.610179999999999945e-01
1.094819999999999960e-01
1.327609999999999901e-01
1.805269999999999930e-01
1.575199999999999934e-01
2.271150000000000113e-01
4.227489999999999859e-01
1.048189999999999955e-01
1.866909999999999958e-01
1.430480000000000085e-01
1.157389999999999947e-01
2.518929999999999780e-01
4.818509999999999738e-01
2.706470000000000264e-01
1.998640000000000139e-01
1.740029999999999910e-01
1.088849999999999957e-01
1.990159999999999985e-01
1.401600000000000068e-01
2.387350000000000028e-01
3.034999999999999920e-01
3.328860000000000152e-01
2.443309999999999926e-01
2.900070000000000148e-01
1.965790000000000037e-01
2.136139999999999983e-01
3.466480000000000117e-01
5.596290000000000431e-01
3.979320000000000079e-01
2.737840000000000273e-01
1.904200000000000059e-01
5.045939999999999870e-01
2.518859999999999988e-01
2.009660000000000057e-01
1.144880000000000064e-01
1.957409999999999983e-01
1.776369999999999894e-01
2.186220000000000108e-01
1.600969999999999893e-01
1.095730000000000037e-01
2.620979999999999976e-01
1.595459999999999934e-01
1.387660000000000005e-01
1.246199999999999947e-01
1.296650000000000025e-01
1.987720000000000042e-01
1.747019999999999962e-01
3.857030000000000181e-01
2.156000000000000139e-01
2.213489999999999902e-01
2.263290000000000024e-01
1.734539999999999971e-01
1.626920000000000033e-01
2.362789999999999890e-01
2.435700000000000087e-01
9.701799999999999313e-02
1.450889999999999957e-01
1.623300000000000021e-01
2.860249999999999737e-01
1.921400000000000052e-01
1.761629999999999863e-01
1.726340000000000097e-01
3.010050000000000225e-01
6.912559999999999816e-01
3.792289999999999828e-01
4.327150000000000163e-01
2.181019999999999903e-01
1.879190000000000027e-01
3.770629999999999815e-01
3.259909999999999752e-01
3.178320000000000034e-01
4.169800000000000173e-01
2.896719999999999851e-01
5.902749999999999941e-01
3.041539999999999799e-01
2.220300000000000051e-01
4.580259999999999887e-01
2.970920000000000227e-01
2.067970000000000086e-01
1.717559999999999920e-01
1.502410000000000134e-01
2.581809999999999938e-01
5.129899999999999460e-01
3.381390000000000229e-01
4.500449999999999728e-01
1.725669999999999982e-01
1.144889999999999936e-01
9.942800000000000249e-02
1.860209999999999919e-01
