1.009960000000000024e-01
1.805070000000000008e-01
1.231030000000000041e-01
2.404900000000000093e-01
2.386659999999999893e-01
1.666199999999999903e-01
1.869149999999999978e-01
2.963919999999999888e-01
2.895829999999999793e-01
1.516089999999999938e-01
2.439479999999999982e-01
1.552570000000000061e-01
3.567250000000000143e-01
2.038870000000000127e-01
2.852930000000000188e-01
4.591140000000000221e-01
1.266670000000000018e-01
2.530120000000000147e-01
2.544390000000000263e-01
1.715980000000000005e-01
1.538740000000000108e-01
2.622789999999999844e-01
1.125830000000000025e-01
1.737900000000000000e-01
2.881569999999999965e-01
4.315660000000000052e-01
3.752170000000000227e-01
1.396479999999999944e-01
1.501290000000000124e-01
1.923009999999999997e-01
1.536009999999999875e-01
3.059520000000000017e-01
4.571890000000000120e-01
3.010349999999999970e-01
3.043930000000000247e-01
2.531470000000000109e-01
2.494679999999999953e-01
1.287540000000000073e-01
3.747659999999999880e-01
2.708960000000000257e-01
2.174780000000000046e-01
2.048280000000000101e-01
2.488289999999999946e-01
1.671430000000000138e-01
1.329380000000000006e-01
1.520450000000000135e-01
3.041719999999999979e-01
2.121979999999999977e-01
3.422769999999999979e-01
1.516639999999999933e-01
4.444899999999999962e-01
2.734820000000000029e-01
1.779910000000000103e-01
2.021040000000000059e-01
3.111160000000000037e-01
5.177850000000000508e-01
1.260960000000000136e-01
1.351950000000000096e-01
2.702280000000000237e-01
1.479789999999999994e-01
2.037029999999999952e-01
4.363400000000000056e-01
3.950910000000000255e-01
1.412029999999999952e-01
2.808709999999999818e-01
4.578059999999999907e-01
1.336759999999999893e-01
2.359249999999999958e-01
1.649930000000000008e-01
3.189600000000000213e-01
1.385540000000000105e-01
2.753320000000000212e-01
2.459010000000000085e-01
1.827400000000000135e-01
3.045579999999999954e-01
2.173489999999999867e-01
1.195449999999999985e-01
9.914699999999999902e-02
2.936289999999999734e-01
4.645980000000000110e-01
2.056479999999999975e-01
1.969180000000000097e-01
1.894379999999999953e-01
1.893479999999999885e-01
2.753289999999999904e-01
1.548499999999999877e-01
2.519250000000000100e-01
2.351640000000000119e-01
7.338500000000000578e-02
1.222700000000000037e-01
2.730920000000000014e-01
1.696090000000000098e-01
1.796879999999999866e-01
2.186150000000000038e-01
1.826000000000000123e-01
2.914689999999999781e-01
1.355619999999999881e-01
2.393260000000000109e-01
2.653479999999999728e-01
1.439080000000000081e-01
4.332860000000000045e-01
1.825350000000000028e-01
1.599170000000000036e-01
2.184919999999999918e-01
2.520720000000000183e-01
1.834449999999999970e-01
1.814820000000000044e-01
3.205770000000000008e-01
1.844699999999999951e-01
1.440889999999999949e-01
1.475569999999999937e-01
2.059459999999999902e-01
1.846019999999999883e-01
2.125940000000000052e-01
3.756639999999999979e-01
2.778479999999999839e-01
1.174130000000000035e-01
1.286170000000000091e-01
4.148140000000000160e-01
2.459189999999999987e-01
1.760519999999999863e-01
2.293719999999999926e-01
1.744519999999999960e-01
2.054509999999999947e-01
3.939830000000000276e-01
2.353860000000000119e-01
3.086149999999999727e-01
2.179149999999999976e-01
1.739279999999999993e-01
1.464600000000000068e-01
2.339019999999999988e-01
2.517639999999999878e-01
9.158299999999999774e-02
1.175630000000000008e-01
2.089640000000000108e-01
2.806609999999999938e-01
1.295169999999999932e-01
1.186470000000000025e-01
2.234019999999999895e-01
2.130569999999999964e-01
3.843730000000000202e-01
1.966849999999999987e-01
1.384050000000000002e-01
2.316610000000000058e-01
1.633979999999999877e-01
2.052430000000000088e-01
1.920769999999999977e-01
3.081639999999999935e-01
1.693830000000000058e-01
3.343209999999999793e-01
2.187929999999999875e-01
2.430450000000000110e-01
1.721280000000000032e-01
1.659889999999999977e-01
1.289430000000000021e-01
1.894979999999999998e-01
1.288630000000000053e-01
2.134850000000000081e-01
2.383349999999999913e-01
4.231320000000000081e-01
1.517290000000000028e-01
2.645989999999999731e-01
5.254670000000000174e-01
2.366199999999999970e-01
4.031210000000000071e-01
2.782399999999999873e-01
8.053050000000000486e-01
4.005770000000000164e-01
1.777680000000000093e-01
2.096020000000000105e-01
3.641940000000000177e-01
6.054659999999999487e-01
2.740879999999999983e-01
1.930060000000000109e-01
3.085760000000000169e-01
3.108620000000000272e-01
9.861499999999999433e-02
9.572899999999999465e-02
2.549890000000000212e-01
3.090240000000000209e-01
1.835620000000000029e-01
2.204089999999999938e-01
2.135529999999999928e-01
1.787960000000000105e-01
2.240790000000000004e-01
1.506899999999999906e-01
3.409590000000000121e-01
2.049890000000000045e-01
1.779189999999999938e-01
1.443419999999999981e-01
2.356209999999999971e-01
2.674489999999999923e-01
3.327069999999999750e-01
1.626209999999999878e-01
2.181349999999999956e-01
2.602860000000000174e-01
2.413710000000000022e-01
1.375820000000000098e-01
1.072779999999999984e-01
1.993230000000000002e-01
