0.124394
0.170387
0.102844
0.150534
0.158816
0.177828
0.132807
0.117264
0.181210
0.174209
0.111161
0.162567
0.177363
0.160709
0.418536
0.255180
0.247755
0.410513
0.210815
0.261952
0.236363
0.156373
0.255521
0.230259
0.174158
0.185087
0.205950
0.240634
0.343772
0.175343
0.277884
0.449457
0.251499
0.296735
0.431288
0.676828
0.236997
0.228553
0.178346
0.165674
0.116290
0.109377
0.174624
0.157899
0.215116
0.457287
0.209596
0.334319
0.245675
0.457723
0.310813
0.540352
0.279208
0.278644
0.527806
0.312010
0.218409
0.402416
0.256801
0.255944
0.159550
0.106273
0.230525
0.243433
0.251053
0.448671
0.251957
0.237060
0.300607
0.285956
0.339689
0.309272
0.395149
0.235504
0.143243
0.269630
0.142729
0.200076
0.130370
0.143217
0.076682
0.140825
0.169015
0.163232
0.199300
0.153535
0.241668
0.138240
0.259778
0.225764
0.196726
0.255747
0.179237
0.152320
0.245917
0.405200
0.129957
0.298063
0.211031
0.189315
0.070375
0.105420
0.225217
0.212347
0.265441
0.234198
0.236432
0.308306
0.212528
0.208136
0.140409
0.151085
0.278467
0.429144
0.141728
0.147932
0.208836
0.157401
0.164541
0.287795
0.094235
0.115230
0.272415
0.174103
0.285555
0.209460
0.187585
0.175949
0.134826
0.263793
0.140470
0.189700
0.135319
0.133747
0.385280
0.175216
0.153800
0.160960
0.188295
0.135779
0.076722
0.147565
0.259520
0.231174
0.343079
0.172781
0.125719
0.130517
0.166049
0.166699
0.127833
0.133277
0.332753
0.206644
0.144276
0.139816
0.184615
0.326223
0.219364
0.206102
0.123440
0.222980