0.123331
0.153693
0.344241
0.283134
0.181741
0.197863
0.231690
0.280035
0.493080
0.317382
0.303089
0.338390
0.263432
0.200567
0.248024
0.211933
0.233177
0.197952
0.228537
0.333470
0.229691
0.205954
0.187000
0.358338
0.531907
0.341970
0.215158
0.257683
0.324354
0.233884
0.240870
0.486608
0.219747
0.247890
0.227995
0.260062
0.228478
0.279877
0.283975
0.523879
0.318926
0.259478
0.341675
0.337796
0.287539
0.332767
0.278485
0.472819
0.623239
0.276154
0.338371
0.548923
0.286976
0.284867
0.393798
0.248151
0.370512
0.250425
0.207910
0.355705
0.235807
0.207562
0.291026
0.523328
0.604420
0.408768
0.157729
0.321310
0.295858
0.446779
0.323515
0.493040
0.191249
0.199040
0.242299
0.329139
0.162823
0.149068
0.215681
0.285595
0.114943
0.215720
0.186570
0.349069
0.276218
0.158188
0.235896
0.354102
0.245145
0.151257
0.264767
0.157392
0.445506
0.203181
0.109050
0.136860
0.230361
0.153169
0.159773
0.175785
0.141959
0.320360
0.085608
0.182600
0.178470
0.292046
0.129361
0.182986
0.224753
0.419209
0.261397
0.447695
0.240396
0.189493
0.476249
0.334223
0.201241
0.307809
0.294917
0.372791
0.125488
0.272173
0.167764
0.243746
0.286300
0.476853
0.183588
0.195044
0.306824
0.271921
0.151701
0.165654
0.229857
0.269719
0.255459
0.195975
0.520584
0.334731
0.217248
0.219265
0.135307
0.168720
0.239805
0.348023
0.421292
0.254997
0.279871
0.316259
0.180133
0.181941
0.194767
0.283550
0.281169
0.162000
0.226544
0.359920
0.290750
0.144884
0.251615
0.201585
0.097379
0.134580