0.083320
0.109984
0.285565
0.218338
0.279722
0.215052
0.201524
0.330743
0.259094
0.375067
0.130584
0.162018
0.129122
0.144737
0.215049
0.144159
0.189043
0.296510
0.148939
0.237171
0.253983
0.493264
0.184817
0.152341
0.320765
0.368468
0.164961
0.163263
0.145813
0.155499
0.221141
0.154709
0.162517
0.288564
0.216898
0.222203
0.136928
0.195690
0.161103
0.199703
0.323012
0.292530
0.257671
0.147586
0.228947
0.126000
0.126979
0.224469
0.329364
0.180370
0.607758
0.341073
0.276262
0.275415
0.103947
0.124859
0.315199
0.439589
0.175585
0.176749
0.145481
0.308171
0.243331
0.158825
0.166498
0.319971
0.236330
0.277949
0.254142
0.262612
0.203311
0.369536
0.189504
0.143865
0.174825
0.172503
0.165071
0.157312
0.180547
0.190270
0.226185
0.409058
0.290884
0.345408
0.308364
0.309027
0.220805
0.258656
0.422183
0.406508
0.267704
0.215541
0.189806
0.176542
0.234613
0.516103
0.196126
0.232390
0.257751
0.399170
0.320663
0.333097
0.330134
0.576800
0.455481
0.432849
0.398743
0.204347
0.242992
0.155625
0.276652
0.557016
0.181532
0.278032
0.284578
0.209261
0.243670
0.233218
0.203852
0.136977
0.304967
0.307505
0.128318
0.177251
0.119130
0.134066
0.081077
0.191315