8.903500000000000303e-02
1.843259999999999899e-01
1.396650000000000114e-01
1.122139999999999943e-01
1.916239999999999888e-01
1.601910000000000001e-01
2.195840000000000014e-01
3.547250000000000125e-01
3.079419999999999935e-01
2.392529999999999935e-01
1.970359999999999889e-01
1.661400000000000099e-01
1.348169999999999924e-01
2.389040000000000052e-01
2.567050000000000165e-01
2.481569999999999887e-01
3.089319999999999844e-01
2.539379999999999971e-01
2.263070000000000082e-01
1.766989999999999950e-01
2.395160000000000067e-01
2.326620000000000077e-01
3.424840000000000106e-01
4.616549999999999820e-01
3.850830000000000086e-01
3.367169999999999885e-01
2.771879999999999900e-01
2.014140000000000097e-01
2.004319999999999991e-01
3.540179999999999993e-01
3.383010000000000184e-01
3.182139999999999969e-01
2.904070000000000262e-01
3.277570000000000205e-01
1.941170000000000118e-01
2.154560000000000086e-01
3.471239999999999881e-01
2.401139999999999941e-01
4.372650000000000148e-01
4.564779999999999949e-01
7.725899999999999990e-01
4.816509999999999958e-01
1.908449999999999869e-01
2.763900000000000245e-01
3.746280000000000165e-01
1.908030000000000004e-01
4.217339999999999978e-01
7.733309999999999906e-01
2.785579999999999723e-01
5.073220000000000507e-01
1.765480000000000105e-01
3.417149999999999910e-01
1.931920000000000026e-01
2.048510000000000053e-01
2.345849999999999880e-01
1.481580000000000119e-01
2.799670000000000214e-01
2.677439999999999820e-01
2.007809999999999873e-01
1.842550000000000021e-01
1.628449999999999898e-01
2.746160000000000267e-01
2.597249999999999837e-01
2.568639999999999812e-01
2.468190000000000106e-01
3.962499999999999911e-01
1.242380000000000012e-01
1.389859999999999984e-01
1.663320000000000076e-01
2.578639999999999821e-01
3.387660000000000116e-01
3.140379999999999838e-01
1.782489999999999908e-01
3.126220000000000110e-01
1.574609999999999899e-01
3.345540000000000180e-01
1.403469999999999995e-01
1.101140000000000035e-01
1.356300000000000006e-01
3.152070000000000149e-01
2.539120000000000266e-01
2.136149999999999993e-01
1.489439999999999931e-01
1.400369999999999948e-01
2.090019999999999933e-01
3.404800000000000049e-01
3.671570000000000111e-01
3.435639999999999805e-01
2.915050000000000141e-01
2.621999999999999886e-01
9.593999999999999750e-02
1.405820000000000125e-01
1.419430000000000136e-01
2.693249999999999811e-01
3.000950000000000006e-01
2.331229999999999969e-01
2.608849999999999780e-01
2.554649999999999976e-01
1.450120000000000020e-01
1.722809999999999897e-01
2.303570000000000062e-01
1.704130000000000089e-01
3.583910000000000151e-01
4.008410000000000029e-01
3.395270000000000232e-01
2.849689999999999723e-01
2.526660000000000017e-01
4.691139999999999755e-01
7.516299999999999371e-02
9.791999999999999316e-02
2.516570000000000196e-01
3.295230000000000103e-01
2.318000000000000060e-01
2.028129999999999933e-01
1.159769999999999968e-01
2.087620000000000031e-01
1.469110000000000138e-01
2.043030000000000124e-01
3.130459999999999909e-01
3.088429999999999787e-01
1.342609999999999915e-01
3.776769999999999849e-01
1.977730000000000044e-01
1.620810000000000028e-01
1.214260000000000062e-01
1.395929999999999949e-01
1.210740000000000011e-01
2.353600000000000136e-01
