0.147206
0.361603
0.190176
0.110186
0.121333
0.092724
0.113973
0.188764
0.108233
0.074434
0.103171
0.222251
0.075619
0.115013
0.266205
0.072957
0.322390
0.244410
0.106506
0.236424
0.084477
0.208094
0.256869
0.145304
0.133500
0.124287
0.317326
0.226434
0.281303
0.116297
0.320269
0.184332
0.272673
0.399559
0.168285
0.264413
0.059907
0.128331
0.158507
0.305613
0.164505
0.271199
0.331894
0.205347
0.115111
0.148569
0.217545
0.373024
0.753279
0.456746
0.311730
0.162396
0.103935
0.180075
0.117138
0.217104
0.328522
0.152959
0.171093
0.421775
0.307032
0.152435
0.660497
0.352883
0.386316
0.251262
0.530121
0.231067
0.122316
0.280785
0.280055
0.194227
0.087071
0.143520
0.228551
0.363097
0.142747
0.118837
0.348534
0.199226
0.235782
0.373798
0.231434
0.559264
0.341824
0.131302
0.133592
0.302971
0.123625
0.260604
0.084173
0.149586
0.128553
0.255466
0.176533
0.350604
0.473868
0.271708
0.278285
0.139433
0.148383
0.391484
0.776039
0.354089
0.167428
0.097369
0.491460
0.701315
0.093159
0.088916
0.421362
0.195904
0.364740
0.218725
0.245810
0.152795
0.106138
0.158049
0.157364
0.231043
0.228844
0.126306
0.142011
0.212709
0.111253
0.104738
0.080908
0.306860