0.159804
0.253090
0.101399
0.109295
0.182727
0.201339
0.222566
0.243586
0.310095
0.176769
0.100936
0.100872
0.344847
0.239537
0.366441
0.177719
0.180346
0.200531
0.146118
0.234902
0.277604
0.375321
0.186913
0.108746
0.840161
0.353536
0.380757
0.269741
0.712622
0.303113
0.192793
0.232524
0.354970
0.487156
0.250770
0.526542
0.213260
0.366368
0.598519
0.393645
0.228339
0.333427
0.243179
0.101312
0.094585
0.130774
0.308634
0.214979
0.262503
0.116305
0.211611
0.399378
0.289234
0.444940
0.211354
0.463402
0.329489
0.710797
0.361686
0.222662
0.129275
0.351038
0.100426
0.149968
0.127895
0.158043
0.155987
0.346283
0.132574
0.164382
0.104461
0.314122
0.171986
0.396254
0.336645
0.502404
0.168809
0.163501
0.379087
0.228021
0.207356
0.301103
0.134508
0.112508
0.240992
0.126508
0.626783
0.288498
0.127411
0.194795
0.316973
0.135432
0.500106
0.603450
0.157453
0.432784
0.187192
0.288223
0.296877
0.139957
0.315438
0.324403
0.165444
0.155266
0.304576
0.225607
0.340247
0.264808
0.241624
0.245047
0.203719
0.107884
0.440549
0.355061
0.390958
0.402851
0.288532
0.271168
0.477850
0.293187
0.183156
0.157005
0.085195
0.089859
0.135047
0.121087
0.128240
0.178444
0.164021
0.107198
0.091356
0.093915
0.079091
0.187668
0.297243
0.174418
0.149794
0.142073
0.127471
0.228293
0.223607
0.250685
0.124533
0.122718
0.147076
0.176936
0.255220
0.180517
0.195196
0.187966
0.114354
0.120724
0.239103
0.231641
0.129187
0.385339
0.209514
0.382668
0.245043
0.224654
0.624318
0.254652
0.124022
0.240713
0.155281
0.216012
0.313607
0.624968
0.239866
0.509149
0.150030
0.339739
0.430435
0.280634
0.479822
0.174228
0.134740
0.189413
0.168092
0.318840
0.246558
0.290270
0.133428
0.114397
0.264732
0.140540
0.256166
0.426847
0.229126
0.162774
0.134942
0.111995
0.517921
0.373996
0.309323
0.618073
0.218167
0.245647
0.131484
0.253645