0.067461
0.182402
0.134393
0.064684
0.142777
0.151490
0.192811
0.173338
0.226248
0.431780
0.097437
0.108794
0.208584
0.183358
0.157419
0.095087
0.829815
0.405391
0.211514
0.114819
0.250256
0.236659
0.317741
0.277390
0.217369
0.369582
0.184175
0.349945
0.324058
0.278036
0.242899
0.161880
0.288166
0.268423
0.159195
0.159717
0.360978
0.246864
0.590073
0.319131
0.267516
0.264753
0.170253
0.159197
0.276774
0.297551
0.179821
0.210575
0.180790
0.226036
0.128378
0.231711
0.140753
0.243884
0.107426
0.221836
0.429991
0.229394
0.139047
0.120065
0.232551
0.184801
0.117812
0.147773
0.202606
0.223463
0.113526
0.141441
0.329580
0.193747
0.206900
0.229600
0.100970
0.196037
0.255409
0.115293
0.187973
0.271455
0.167612
0.323506
0.208667
0.291918
0.131346
0.141657
0.185175
0.191272
0.285938
0.533823
0.266321
0.267577
0.089416
0.112795
0.149775
0.328425
0.141758
0.341242
0.201966
0.145761
0.175236
0.097738
0.123232
0.131868
0.189233
0.130074
0.176471
0.163223
0.095455
0.220506
0.067620
0.126775
0.135878
0.082509
0.287845
0.244520
0.146681
0.141969
0.201120
0.202253
0.293803
0.208095
0.274187
0.271350
0.201228
0.374777
0.737425
0.326030
0.073704
0.114955