0.102622
0.124521
0.499270
0.365339
0.312594
0.574393
0.292940
0.244911
0.294549
0.171795
0.219093
0.246426
0.275128
0.318534
0.525109
0.287671
0.238298
0.166209
0.187237
0.136346
0.261892
0.194335
0.208971
0.233384
0.267131
0.492192
0.227764
0.197801
0.385700
0.218358
0.256519
0.233472
0.412246
0.221737
0.176563
0.157403
0.162761
0.174215
0.380213
0.428121
0.112579
0.221625
0.198387
0.257546
0.226950
0.465145
0.213876
0.179256
0.296756
0.193075
0.175615
0.186412
0.170022
0.386689
0.182910
0.357737
0.255122
0.462533
0.259195
0.254017
0.130003
0.192234
0.287925
0.437614
0.176256
0.237477
0.221053
0.316982
0.150369
0.232120
0.286153
0.179924
0.148465
0.152425
0.402805
0.305420
0.234592
0.222317
0.210245
0.202704
0.117454
0.213586
0.354124
0.206637
0.217748
0.256697
0.178013
0.165863
0.337349
0.156428
0.195866
0.398557
0.485737
0.367604
0.471109
0.231155
0.277611
0.507060
0.263395
0.463019
0.148723
0.185935
0.582614
0.277317
0.199164
0.190812
0.304304
0.176824
0.125468
0.125601
0.280389
0.250060
0.202403
0.181947
0.146325
0.181188
0.177325
0.195520
0.182116
0.183326
0.100061
0.261102
0.159198
0.128252
0.299492
0.152846
0.512098
0.227487
0.549809
0.325152
0.141402
0.316279
0.289576
0.272533
0.286805
0.169067
0.284137
0.486992
0.248299
0.332400
0.123969
0.146229
0.417413
0.209064
0.160457
0.268896
0.348319
0.328363
0.212238
0.195481
0.207039
0.200830
0.222003
0.197382
0.222553
0.399985
0.229026
0.491912
0.154372
0.202835
0.115841
0.175449