2.024259999999999948e-01
3.379289999999999794e-01
2.407110000000000083e-01
1.219090000000000035e-01
3.097880000000000078e-01
2.388659999999999950e-01
4.407349999999999879e-01
3.272390000000000021e-01
2.791549999999999865e-01
2.381350000000000133e-01
2.564159999999999773e-01
3.826550000000000229e-01
4.734410000000000007e-01
4.232210000000000139e-01
3.455509999999999970e-01
4.899580000000000046e-01
4.084889999999999910e-01
2.331620000000000081e-01
3.217409999999999992e-01
6.542350000000000110e-01
1.857240000000000002e-01
1.107140000000000069e-01
2.300099999999999922e-01
1.439979999999999871e-01
1.625209999999999988e-01
3.659839999999999760e-01
1.923890000000000045e-01
1.889429999999999998e-01
2.467340000000000089e-01
1.259149999999999991e-01
2.207069999999999865e-01
4.915939999999999754e-01
2.457989999999999897e-01
3.338430000000000009e-01
4.001469999999999749e-01
6.742559999999999665e-01
2.280010000000000092e-01
2.913450000000000206e-01
2.057620000000000005e-01
3.416409999999999725e-01
6.152779999999999916e-01
2.857790000000000052e-01
2.382009999999999961e-01
3.786189999999999833e-01
4.410789999999999988e-01
2.541869999999999963e-01
2.948749999999999982e-01
6.033969999999999612e-01
2.629589999999999983e-01
1.909550000000000136e-01
