3.533149999999999902e-01
3.572549999999999892e-01
4.337119999999999864e-01
5.430350000000000454e-01
3.379449999999999954e-01
4.658599999999999963e-01
7.899589999999999668e-01
5.358030000000000292e-01
5.684100000000000263e-02
7.835100000000000398e-02
2.544899999999999940e-01
4.609380000000000144e-01
2.962029999999999941e-01
1.919109999999999983e-01
2.608559999999999768e-01
1.027860000000000024e-01
2.203670000000000073e-01
3.174000000000000155e-01
3.102920000000000122e-01
3.845129999999999937e-01
1.615050000000000097e-01
1.511409999999999976e-01
2.407289999999999985e-01
4.390839999999999743e-01
1.227160000000000056e-01
2.018749999999999989e-01
2.278930000000000122e-01
4.879279999999999728e-01
3.528769999999999962e-01
1.857479999999999964e-01
3.003489999999999771e-01
5.063450000000000450e-01
