9.481599999999999751e-02
2.160090000000000066e-01
1.764880000000000060e-01
1.745140000000000025e-01
9.633300000000000196e-02
1.528130000000000044e-01
1.710319999999999896e-01
2.598929999999999851e-01
1.410849999999999882e-01
1.176880000000000009e-01
8.847299999999999609e-02
8.215799999999999492e-02
1.010979999999999934e-01
8.680699999999999528e-02
2.390879999999999950e-01
1.420909999999999951e-01
1.550650000000000084e-01
1.249299999999999994e-01
1.486230000000000051e-01
1.747080000000000022e-01
7.116899999999999615e-02
1.719829999999999970e-01
1.671179999999999888e-01
1.344130000000000047e-01
1.136049999999999977e-01
1.449759999999999938e-01
2.763570000000000193e-01
1.232769999999999977e-01
7.276499999999999635e-02
1.399019999999999986e-01
2.152320000000000066e-01
1.373479999999999979e-01
1.236560000000000020e-01
1.092709999999999931e-01
1.098139999999999949e-01
1.928050000000000042e-01
9.497899999999999399e-02
2.227909999999999890e-01
2.326370000000000104e-01
2.441419999999999979e-01
7.968200000000000283e-02
9.270699999999999774e-02
1.966310000000000002e-01
4.456990000000000118e-01
1.951120000000000076e-01
2.189750000000000030e-01
1.233569999999999944e-01
1.465700000000000058e-01
1.519469999999999987e-01
3.287300000000000222e-01
3.533410000000000162e-01
1.521000000000000130e-01
2.347150000000000070e-01
4.088129999999999820e-01
4.266679999999999917e-01
1.769789999999999974e-01
2.157280000000000031e-01
2.045220000000000093e-01
2.070019999999999916e-01
3.599459999999999882e-01
7.413699999999999457e-02
9.547200000000000131e-02
1.930679999999999896e-01
1.873910000000000020e-01
2.324180000000000135e-01
1.217950000000000005e-01
1.535249999999999948e-01
1.334089999999999998e-01
1.461000000000000076e-01
3.316120000000000179e-01
2.164830000000000088e-01
1.776010000000000089e-01
2.147080000000000100e-01
2.111119999999999941e-01
2.618679999999999897e-01
1.643449999999999911e-01
1.941319999999999990e-01
1.888589999999999991e-01
1.648900000000000088e-01
1.825960000000000083e-01
7.671000000000000041e-02
8.383100000000000274e-02
1.317919999999999925e-01
2.453799999999999870e-01
3.103299999999999947e-01
1.842540000000000011e-01
3.124850000000000128e-01
1.785680000000000045e-01
1.873690000000000078e-01
2.473150000000000071e-01
2.494850000000000123e-01
2.267399999999999971e-01
3.368780000000000108e-01
6.053009999999999780e-01
1.985230000000000050e-01
2.400229999999999864e-01
2.183789999999999898e-01
1.930649999999999866e-01
1.940949999999999898e-01
2.497429999999999928e-01
1.669069999999999998e-01
1.030859999999999971e-01
3.316390000000000171e-01
1.735150000000000026e-01
1.783480000000000065e-01
1.977440000000000031e-01
5.245880000000000543e-01
3.181370000000000031e-01
4.492519999999999847e-01
2.276880000000000015e-01
2.320429999999999993e-01
2.363609999999999878e-01
2.243439999999999879e-01
4.114110000000000267e-01
2.030230000000000090e-01
1.632929999999999937e-01
4.117589999999999861e-01
2.902480000000000060e-01
1.349599999999999966e-01
1.364279999999999937e-01
7.362699999999999800e-02
7.698399999999999688e-02
1.643679999999999863e-01
3.327189999999999870e-01
2.258310000000000040e-01
2.126659999999999939e-01
1.731129999999999891e-01
4.103080000000000060e-01
4.234359999999999791e-01
2.000190000000000023e-01
2.003820000000000046e-01
1.445929999999999993e-01
1.681159999999999877e-01
4.121900000000000008e-01
1.757589999999999986e-01
1.814099999999999879e-01
1.105059999999999931e-01
1.326120000000000076e-01
1.426659999999999873e-01
1.455559999999999909e-01
9.327499999999999680e-02
1.217440000000000050e-01
1.841609999999999914e-01
2.243690000000000129e-01
2.146490000000000065e-01
1.682700000000000029e-01
1.248969999999999941e-01
2.414949999999999875e-01
1.490799999999999903e-01
2.017079999999999984e-01
1.904770000000000074e-01
1.380649999999999933e-01
2.146119999999999972e-01
3.957350000000000034e-01
2.160980000000000123e-01
1.135310000000000069e-01
2.840289999999999759e-01
1.385570000000000135e-01
1.318010000000000015e-01
1.683260000000000034e-01
7.581999999999999851e-02
1.201089999999999935e-01
