1.562399999999999900e-01
4.096750000000000114e-01
3.027659999999999796e-01
3.841709999999999847e-01
1.621229999999999893e-01
1.699829999999999952e-01
1.653119999999999867e-01
1.579629999999999923e-01
4.086750000000000105e-01
1.860980000000000134e-01
2.008189999999999975e-01
3.231519999999999948e-01
4.400089999999999835e-01
2.871369999999999756e-01
2.722419999999999840e-01
1.772050000000000014e-01
1.756099999999999883e-01
3.601650000000000129e-01
2.703619999999999912e-01
2.655469999999999775e-01
1.049210000000000004e-01
2.341229999999999978e-01
5.338530000000000220e-01
2.894570000000000198e-01
4.494529999999999914e-01
6.464020000000000321e-01
4.329560000000000075e-01
2.344749999999999890e-01
3.579080000000000039e-01
2.143410000000000037e-01
1.248370000000000035e-01
2.010579999999999867e-01
