0.071635
0.080492
0.151419
0.219392
0.490578
0.239862
0.234533
0.224472
0.169112
0.287372
0.323927
0.298385
0.169768
0.188029
0.120009
0.144438
0.202844
0.218362
0.270107
0.447209
0.229551
0.452736
0.340658
0.579382
0.499916
0.221429
0.181053
0.389262
0.106640
0.127774
0.257644
0.208301
0.331892
0.447122
0.330448
0.283114
0.158837
0.163720
0.273734
0.404388
0.179698
0.206710
0.064867
0.132427
0.188743
0.174383
0.349833
0.168292
0.119930
0.136970
0.305020
0.170685
0.146725
0.197004
0.406276
0.177889
0.130137
0.173249
0.308821
0.236327
0.157810
0.296943
0.170579
0.181091
0.169563
0.226705
0.226820
0.115468
0.357911
0.117978
0.159854
0.249238