1.191969999999999974e-01
3.425710000000000144e-01
6.427499999999999880e-02
1.448770000000000058e-01
2.113899999999999946e-01
1.654120000000000035e-01
3.710280000000000244e-01
2.280719999999999970e-01
2.387660000000000060e-01
1.218879999999999963e-01
9.773300000000000043e-02
8.399700000000000222e-02
2.552519999999999789e-01
2.870090000000000141e-01
9.343899999999999428e-02
1.475140000000000062e-01
3.158139999999999836e-01
3.259319999999999995e-01
2.488360000000000016e-01
2.584199999999999831e-01
1.789439999999999920e-01
4.093510000000000204e-01
2.893160000000000176e-01
1.693649999999999878e-01
2.446879999999999888e-01
2.082420000000000104e-01
1.950490000000000002e-01
2.042309999999999959e-01
1.980550000000000088e-01
1.440680000000000016e-01
5.558800000000000407e-01
2.087219999999999909e-01
1.841569999999999874e-01
1.730220000000000091e-01
1.744870000000000032e-01
2.341409999999999880e-01
4.100480000000000236e-01
1.509800000000000031e-01
1.735750000000000071e-01
1.861500000000000099e-01
3.686820000000000097e-01
1.200200000000000017e-01
2.104939999999999867e-01
1.730649999999999966e-01
1.723159999999999969e-01
2.479300000000000115e-01
1.293140000000000123e-01
2.571140000000000092e-01
3.017040000000000277e-01
3.129140000000000255e-01
4.736049999999999982e-01
3.455480000000000218e-01
3.362169999999999881e-01
2.780590000000000006e-01
2.631399999999999850e-01
9.480099999999999638e-02
1.002310000000000006e-01
1.158870000000000039e-01
1.596319999999999961e-01
7.006620000000000070e-01
4.747819999999999818e-01
2.500430000000000152e-01
4.640040000000000275e-01
4.379660000000000220e-01
4.398329999999999740e-01
3.519920000000000271e-01
2.427279999999999993e-01
2.785679999999999823e-01
2.185340000000000060e-01
3.658390000000000253e-01
2.272659999999999958e-01
