0.093828
0.236779
0.250478
0.197074
0.108345
0.129196
0.145969
0.140578
0.229617
0.158141
0.235763
0.343510
0.129120
0.103438
0.160413
0.128818
0.238704
0.114527
0.312356
0.469231
0.202869
0.156631
0.134616
0.221526
0.172032
0.282292
0.179518
0.167355
0.209825
0.185562
0.198437
0.168612
0.150641
0.148246
0.192026
0.156216
0.146510
0.137046
0.186361
0.291475
0.171257
0.239953
0.327867
0.689521
0.117212
0.138932
0.152139
0.206524
0.227968
0.263368
0.279955
0.434858
0.154721
0.186417
0.199053
0.440784
0.148396
0.160934
0.389794
0.197265
0.474565
0.223620
0.353241
0.229722
0.186748
0.378960
0.266000
0.217609
0.498512
0.297524
0.255879
0.270060
0.186358
0.183341
0.240564
0.176465
0.187950
0.132054
0.211320
0.426609
0.205572
0.160051
0.227763
0.294029
0.297708
0.163059
0.181702
0.235371
0.163877
0.213923
0.349521
0.212389
0.160225
0.271411
0.171451
0.200541
0.323177
0.184886
0.218183
0.278490
0.206610
0.168844
0.244185
0.294893
0.284091
0.130732
0.159192
0.204502
0.386278
0.289409
0.133256
0.183887
0.122848
0.131403
0.149631
0.375477
0.294995
0.176779
0.261263
0.202920
0.572400
0.275349
0.425339
0.261472
0.187000
0.423108
0.443793
0.257048
0.319906
0.270566
0.322995
0.496235
0.401945
0.208200
0.542540
0.207955
0.459232
0.201877
0.481149
0.711890
0.209536
0.134558
0.270831
0.151246
0.137037
0.162479
0.160568
0.127079
0.335750
0.184880
0.366580
0.236007
0.178639
0.148050
0.116465
0.195486
0.147374
0.111074
0.284011
0.210215
0.350388
0.168474
0.257988
0.244268
0.143546
0.155641
0.196810
0.180457
0.253012
0.196070
0.171230
0.216466
0.157251
0.143166
0.190132
0.170027
0.097863
0.134849
0.328142
0.194435
0.249688
0.168403
0.213516
0.337906
0.155903
0.121375
0.189037
0.341396
0.213999
0.259327
0.249712
0.228629
0.137257
0.319479
0.124173
0.215729
0.145770
0.363205
0.093452
0.118257