2.995249999999999857e-01
2.804909999999999903e-01
5.368549999999999711e-01
2.781770000000000076e-01
3.249389999999999779e-01
4.207310000000000216e-01
3.636869999999999825e-01
3.942749999999999866e-01
3.345049999999999968e-01
4.348360000000000003e-01
3.121849999999999903e-01
1.853829999999999922e-01
3.054560000000000053e-01
1.674190000000000123e-01
4.317159999999999886e-01
3.692599999999999771e-01
3.578660000000000174e-01
3.240489999999999760e-01
2.173589999999999967e-01
5.548640000000000239e-01
3.257660000000000000e-01
2.903850000000000042e-01
4.059530000000000083e-01
3.597600000000000242e-01
6.162159999999999860e-01
4.705489999999999950e-01
3.414479999999999738e-01
2.360659999999999981e-01
3.945879999999999943e-01
3.775419999999999887e-01
4.184030000000000249e-01
3.803210000000000202e-01
2.661419999999999897e-01
3.246180000000000176e-01
4.122270000000000101e-01
3.752960000000000185e-01
3.038919999999999955e-01
3.473959999999999826e-01
1.746240000000000014e-01
5.249380000000000157e-01
2.277470000000000050e-01
3.858179999999999943e-01
4.299790000000000001e-01
3.816220000000000168e-01
3.438869999999999982e-01
3.486299999999999955e-01
3.576070000000000082e-01
3.592350000000000265e-01
3.701409999999999978e-01
4.169990000000000085e-01
7.435169999999999835e-01
4.526709999999999900e-01
3.711019999999999874e-01
6.861099999999999977e-01
2.476329999999999920e-01
4.826819999999999999e-01
3.449169999999999736e-01
3.104740000000000277e-01
3.966640000000000166e-01
3.552000000000000157e-01
3.644339999999999802e-01
3.242949999999999999e-01
4.007450000000000179e-01
3.890159999999999729e-01
3.149649999999999950e-01
5.827590000000000270e-01
1.936819999999999931e-01
3.793540000000000245e-01
4.125300000000000078e-01
5.712080000000000490e-01
3.706450000000000022e-01
3.906709999999999905e-01
2.686589999999999812e-01
3.142900000000000138e-01
4.130099999999999882e-01
3.782849999999999824e-01
5.166290000000000049e-01
3.589439999999999853e-01
7.127400000000000402e-01
5.327730000000000521e-01
4.523429999999999951e-01
4.245349999999999957e-01
4.046239999999999837e-01
7.090870000000000228e-01
4.792980000000000018e-01
8.115459999999999896e-01
3.905299999999999883e-01
5.001919999999999700e-01
3.956649999999999889e-01
4.898850000000000149e-01
3.415320000000000022e-01
1.972170000000000034e-01
3.249670000000000059e-01
3.209620000000000251e-01
2.178489999999999871e-01
4.022459999999999924e-01
4.431289999999999951e-01
3.471020000000000216e-01
3.265399999999999969e-01
4.176090000000000080e-01
1.989690000000000070e-01
4.140849999999999809e-01
3.557449999999999779e-01
1.168280000000000013e-01
4.033059999999999978e-01
3.328860000000000152e-01
5.422679999999999723e-01
3.723420000000000063e-01
3.705899999999999750e-01
2.604090000000000016e-01
3.283739999999999992e-01
3.460639999999999827e-01
3.498629999999999796e-01
6.020699999999999941e-01
3.980659999999999754e-01
4.591689999999999938e-01
3.447080000000000144e-01
4.657990000000000186e-01
3.626440000000000219e-01
4.072589999999999821e-01
2.192590000000000094e-01
3.778750000000000164e-01
4.204899999999999749e-01
4.153890000000000082e-01
4.318509999999999849e-01
2.210759999999999947e-01
4.578699999999999992e-01
2.117489999999999928e-01
2.787209999999999965e-01
3.684270000000000045e-01
4.238489999999999758e-01
3.593589999999999840e-01
4.907429999999999848e-01
3.176470000000000127e-01
3.365909999999999735e-01
3.320020000000000193e-01
2.170229999999999937e-01
3.969719999999999915e-01
3.247499999999999831e-01
2.529790000000000094e-01
3.337789999999999924e-01
3.419610000000000150e-01
3.370310000000000250e-01
3.741050000000000209e-01
2.677100000000000035e-01
2.627539999999999876e-01
4.843370000000000175e-01
3.551679999999999837e-01
4.026190000000000047e-01
3.719520000000000048e-01
4.084880000000000178e-01
2.559139999999999748e-01
4.436899999999999733e-01
3.745629999999999793e-01
3.949719999999999898e-01
4.000330000000000275e-01
3.811610000000000276e-01
4.012129999999999863e-01
3.546409999999999840e-01
3.457009999999999805e-01
2.965010000000000145e-01
4.157759999999999789e-01
