0.302906
0.192983
0.612903
0.422874
0.506319
0.326520
0.397564
0.497475
0.256832
0.368504
0.321607
0.424389
0.376355
0.402949
0.410991
0.258956
0.188272
0.146457
0.143594
0.210677
0.235027
0.167767
0.406065
0.335928
0.318107
0.578640
0.340533
0.245249
0.656355
0.312765
0.184052
0.340795
0.164776
0.143081
0.230719
0.191312
0.080879
0.158497
0.373756
0.297130
0.226331
0.238510
0.303354
0.231621
0.306319
0.267063
0.146639
0.246555
0.101880
0.105290
0.137960
0.142485
0.240297
0.144592
0.154459
0.333027
0.301266
0.170984
0.165040
0.134990
0.236177
0.125312
0.074139
0.078557
0.141028
0.272877
0.175466
0.225604
0.185241
0.219290
0.326861
0.331741
0.078733
0.128415
0.270519
0.262392
0.267039
0.303019
0.143032
0.149565
0.131323
0.147934
0.203980
0.155735
0.325641
0.200515
0.625570
0.319059
0.206110
0.168045
0.144040
0.287004
0.514358
0.272395
0.104290
0.218107
0.119108
0.125077
0.198449
0.307391
0.262729
0.154367
0.314595
0.249059
0.172208
0.206070
0.219565
0.349766
0.139174
0.315458
0.093840
0.125246
0.230150
0.188025
0.309606
0.442543
0.229454
0.263361
0.238525
0.532338
0.299580
0.280860
0.530056
0.720293
0.182774
0.423858
0.096851
0.077843