1.288739999999999886e-01
1.069930000000000048e-01
4.242159999999999820e-01
6.870629999999999793e-01
2.725949999999999762e-01
3.846859999999999724e-01
2.182689999999999908e-01
4.077839999999999798e-01
4.189180000000000126e-01
7.386289999999999800e-01
2.360619999999999941e-01
2.179039999999999866e-01
2.929919999999999747e-01
4.440259999999999763e-01
1.866710000000000036e-01
2.072789999999999910e-01
6.349240000000000439e-01
4.044499999999999762e-01
1.602770000000000028e-01
2.961139999999999883e-01
3.670249999999999901e-01
1.465299999999999936e-01
2.072930000000000050e-01
4.285519999999999885e-01
1.283120000000000094e-01
1.463899999999999924e-01
1.856760000000000077e-01
3.128560000000000230e-01
2.000049999999999883e-01
3.014430000000000165e-01
2.737040000000000028e-01
1.427190000000000125e-01
2.656259999999999732e-01
1.999900000000000011e-01
1.688729999999999953e-01
3.037489999999999912e-01
2.443609999999999949e-01
4.273919999999999941e-01
3.266669999999999852e-01
2.210590000000000055e-01
2.811020000000000185e-01
3.852689999999999726e-01
9.395399999999999585e-02
8.210199999999999443e-02
3.756570000000000187e-01
2.392829999999999957e-01
4.256240000000000023e-01
2.644940000000000069e-01
1.400369999999999948e-01
1.719489999999999907e-01
2.614879999999999982e-01
1.389239999999999919e-01
2.949559999999999960e-01
2.451939999999999953e-01
1.050920000000000049e-01
1.782970000000000110e-01
1.126199999999999979e-01
2.814229999999999787e-01
1.015589999999999965e-01
1.514169999999999960e-01
1.725929999999999964e-01
1.821550000000000114e-01
2.568770000000000220e-01
1.923749999999999905e-01
2.424389999999999878e-01
4.050980000000000136e-01
2.681629999999999847e-01
1.275560000000000027e-01
2.812749999999999972e-01
2.691370000000000151e-01
8.920599999999999363e-02
1.244730000000000003e-01
