0.399437
0.311366
0.339545
0.205790
0.256887
0.278348
0.206782
0.225759
0.267419
0.361445
0.288674
0.241402
0.623218
0.366195
0.285403
0.598442
0.320483
0.457079
0.221456
0.168993
0.098918
0.230091
0.130940
0.171926
0.109989
0.156245
0.134233
0.246823
0.396174
0.135749
0.157127
0.124060
0.202668
0.170859
0.143584
0.356855
0.198291
0.269974
0.165125
0.197394
0.149640
0.324516
0.147768
0.093369
0.563146
0.257663
0.198080
0.138499
0.144310
0.200978
0.233157
0.221147
0.359129
0.116398
0.210186
0.327195
0.249770
0.282183
0.286532
0.186463
0.093346
0.088538
0.294176
0.269559
0.306537
0.560427
0.242171
0.274036
0.346718
0.211193
0.416364
0.286061
0.378832
0.227270
0.226678
0.242280
0.370462
0.241146
0.355563
0.193049
0.186291
0.289161
0.175888
0.216997
0.261743
0.442598
0.249577
0.275140
0.567742
0.329946
0.492321
0.350585
0.255015
0.228480
0.292790
0.488369
0.286416
0.479380
0.263397
0.319928
0.204946
0.133597
0.266746
0.229302
0.328063
0.582880
0.271338
0.422441
0.232785
0.199389
0.486401
0.244896
0.215385
0.225915
0.163123
0.185453
0.244020
0.265938
0.184052
0.156561
0.117017
0.189235
0.242083
0.246604
0.225112
0.386303
0.318452
0.210085
0.262229
0.545008
0.430146
0.261021
0.228320
0.172209
0.269532
0.234242
0.160001
0.243130
0.204595
0.267207
0.153949
0.271894
0.661589
0.392806
0.167905
0.168219
0.338681
0.211990
0.220086
0.352065
0.185655
0.151296
0.307390
0.490158
0.173005
0.192517
0.218879
0.179807
0.182049
0.235470
0.219756
0.385877