3.186550000000000216e-01
3.144449999999999745e-01
2.639859999999999984e-01
3.303059999999999885e-01
2.625190000000000023e-01
3.800769999999999982e-01
2.705989999999999784e-01
3.936109999999999887e-01
5.343440000000000412e-01
6.022729999999999473e-01
4.524799999999999933e-01
6.088519999999999488e-01
3.479220000000000090e-01
3.356549999999999812e-01
5.981859999999999955e-01
4.848259999999999792e-01
3.975130000000000052e-01
5.308000000000000496e-01
3.067159999999999886e-01
4.823950000000000182e-01
3.483390000000000097e-01
3.562799999999999856e-01
3.701789999999999803e-01
2.831299999999999928e-01
2.108760000000000079e-01
4.151960000000000095e-01
6.299979999999999469e-01
4.887290000000000245e-01
4.416860000000000230e-01
3.533270000000000022e-01
3.791519999999999890e-01
2.932750000000000079e-01
2.920280000000000098e-01
3.426420000000000021e-01
2.201929999999999998e-01
3.992009999999999725e-01
4.227469999999999839e-01
4.998790000000000178e-01
4.146670000000000078e-01
2.445309999999999984e-01
3.857360000000000233e-01
2.276160000000000128e-01
3.929710000000000147e-01
2.603340000000000098e-01
2.987819999999999920e-01
4.128640000000000088e-01
1.212820000000000009e-01
4.944520000000000026e-01
2.598480000000000234e-01
4.842400000000000038e-01
