2.075390000000000013e-01
1.301640000000000019e-01
3.119179999999999731e-01
1.606640000000000013e-01
4.106250000000000178e-01
3.644850000000000034e-01
3.267860000000000209e-01
3.560829999999999829e-01
1.616430000000000089e-01
1.447279999999999955e-01
2.869169999999999776e-01
2.274559999999999915e-01
3.413329999999999975e-01
3.307309999999999972e-01
3.137190000000000256e-01
3.381310000000000149e-01
1.671749999999999903e-01
1.086040000000000061e-01
1.561710000000000043e-01
1.585010000000000030e-01
1.673320000000000085e-01
1.427450000000000108e-01
5.999769999999999825e-01
4.206499999999999823e-02
7.772700000000000442e-02
7.257900000000000462e-02
6.904100000000000514e-02
1.907439999999999969e-01
3.997400000000000259e-02
5.815399999999999736e-02
2.353820000000000079e-01
