9.924499999999999988e-02
2.015869999999999884e-01
2.388740000000000030e-01
3.082230000000000247e-01
2.357110000000000039e-01
4.491260000000000252e-01
1.625989999999999935e-01
1.781600000000000128e-01
9.832599999999999674e-02
1.367389999999999994e-01
1.568569999999999964e-01
4.226289999999999769e-01
2.588010000000000033e-01
2.808410000000000073e-01
3.206590000000000273e-01
1.782650000000000068e-01
7.889500000000000679e-02
3.269659999999999789e-01
1.281420000000000059e-01
2.195560000000000012e-01
8.133100000000000052e-02
6.570600000000000052e-02
9.793000000000000316e-02
1.742980000000000085e-01
1.450430000000000053e-01
3.552790000000000115e-01
6.509099999999999608e-02
2.751730000000000009e-01
1.712200000000000111e-01
1.830249999999999932e-01
2.609259999999999913e-01
2.701549999999999785e-01
1.037190000000000056e-01
1.806349999999999900e-01
1.538869999999999960e-01
1.436639999999999862e-01
2.111149999999999971e-01
1.038530000000000009e-01
4.016460000000000030e-01
1.614099999999999979e-01
2.330099999999999949e-01
2.981539999999999746e-01
3.275159999999999738e-01
2.449240000000000028e-01
9.189889999999999448e-01
5.145420000000000549e-01
2.491520000000000123e-01
3.631889999999999841e-01
4.013269999999999893e-01
1.942349999999999910e-01
1.952689999999999981e-01
2.035700000000000010e-01
2.019710000000000116e-01
3.126079999999999970e-01
5.132250000000000423e-01
9.182270000000000154e-01
3.079990000000000228e-01
6.051659999999999817e-01
3.606920000000000126e-01
3.318079999999999918e-01
3.184839999999999893e-01
2.355480000000000074e-01
2.368129999999999957e-01
2.410009999999999930e-01
2.081099999999999894e-01
1.234080000000000038e-01
3.126470000000000082e-01
1.713040000000000118e-01
3.457339999999999858e-01
3.464729999999999754e-01
2.364680000000000115e-01
1.871250000000000135e-01
2.883970000000000145e-01
2.322230000000000127e-01
2.430910000000000015e-01
1.959539999999999893e-01
1.315840000000000065e-01
1.336390000000000078e-01
1.208150000000000057e-01
2.016080000000000094e-01
5.880099999999999910e-02
2.275240000000000040e-01
2.699309999999999765e-01
2.566160000000000108e-01
1.287830000000000086e-01
1.892290000000000083e-01
6.780400000000000316e-02
2.765630000000000033e-01
3.377299999999999747e-01
1.892469999999999986e-01
5.987499999999999767e-02
6.834800000000000597e-02
9.354500000000000315e-02
8.301999999999999658e-02
2.017740000000000089e-01
9.906800000000000328e-02
7.809499999999999775e-02
3.187180000000000013e-01
