000000 0.000567
000001 0.000267
000010 0.000450
000011 0.001833
000100 0.000350
000101 0.000150
000110 0.000617
000111 0.003117
001000 0.000633
001001 0.001000
001010 0.000383
001011 0.004567
001100 0.004883
001101 0.006217
001110 0.004467
001111 0.091083
010000 0.204667
010001 0.060600
010010 0.001133
010011 0.012817
010100 0.001683
010101 0.000200
010110 0.000133
010111 0.000133
011000 0.061067
011001 0.027083
011010 0.000333
011011 0.005200
011100 0.003967
011101 0.002783
011110 0.000300
011111 0.002167
100000 0.002250
100001 0.000200
100010 0.002867
100011 0.004667
100100 0.004733
100101 0.000317
100110 0.025950
100111 0.061017
101000 0.000167
101001 0.000100
101010 0.000167
101011 0.001683
101100 0.011850
101101 0.000783
101110 0.060700
101111 0.200617
110000 0.086533
110001 0.004833
110010 0.006017
110011 0.004783
110100 0.004533
110101 0.000300
110110 0.001017
110111 0.000483
111000 0.003217
111001 0.000467
111010 0.000100
111011 0.000433
111100 0.001567
111101 0.000517
111110 0.000467
111111 0.000750
