000000 0.003683
000001 0.005267
000010 0.000583
000011 0.003283
000100 0.003433
000101 0.009400
000110 0.000000
000111 0.000233
001000 0.066183
001001 0.021400
001010 0.043233
001011 0.038850
001100 0.046133
001101 0.026567
001110 0.018817
001111 0.020767
010000 0.057033
010001 0.067883
010010 0.006300
010011 0.024567
010100 0.004133
010101 0.008083
010110 0.000067
010111 0.000333
011000 0.011633
011001 0.002417
011010 0.004133
011011 0.003917
011100 0.000250
011101 0.000033
011110 0.000067
011111 0.000000
100000 0.000000
100001 0.000000
100010 0.000000
100011 0.000300
100100 0.003883
100101 0.004800
100110 0.002667
100111 0.011267
101000 0.000367
101001 0.000050
101010 0.008467
101011 0.004367
101100 0.023833
101101 0.006583
101110 0.067417
101111 0.057100
110000 0.021833
110001 0.019283
110010 0.027617
110011 0.046733
110100 0.037900
110101 0.043683
110110 0.020667
110111 0.067050
111000 0.000117
111001 0.000033
111010 0.008867
111011 0.002783
111100 0.003250
111101 0.000433
111110 0.005250
111111 0.003683
