00000000 0.011487
00000001 0.080062
00000010 0.004738
00000011 0.040525
00000100 0.000000
00000101 0.006437
00000110 0.000087
00000111 0.019200
00001000 0.009050
00001001 0.000588
00001010 0.020088
00001011 0.005112
00001100 0.000538
00001101 0.000325
00001110 0.003612
00001111 0.006050
00010000 0.001613
00010001 0.008950
00010010 0.000250
00010011 0.002750
00010100 0.000000
00010101 0.000362
00010110 0.000000
00010111 0.001288
00011000 0.005163
00011001 0.000800
00011010 0.005513
00011011 0.001350
00011100 0.000325
00011101 0.000262
00011110 0.000900
00011111 0.001213
00100000 0.000425
00100001 0.002225
00100010 0.000000
00100011 0.000025
00100100 0.000313
00100101 0.072137
00100110 0.000075
00100111 0.005537
00101000 0.000350
00101001 0.000000
00101010 0.000100
00101011 0.000000
00101100 0.003462
00101101 0.002050
00101110 0.000162
00101111 0.000250
00110000 0.000025
00110001 0.000612
00110010 0.000000
00110011 0.000037
00110100 0.000013
00110101 0.007387
00110110 0.000000
00110111 0.000425
00111000 0.000138
00111001 0.000013
00111010 0.000000
00111011 0.000000
00111100 0.001575
00111101 0.002863
00111110 0.000050
00111111 0.000050
01000000 0.000150
01000001 0.000588
01000010 0.014563
01000011 0.029962
01000100 0.000000
01000101 0.000150
01000110 0.000150
01000111 0.011000
01001000 0.000375
01001001 0.000000
01001010 0.022287
01001011 0.000150
01001100 0.000025
01001101 0.000000
01001110 0.004000
01001111 0.000438
01010000 0.000025
01010001 0.000212
01010010 0.000763
01010011 0.002800
01010100 0.000000
01010101 0.000025
01010110 0.000000
01010111 0.000550
01011000 0.000212
01011001 0.000000
01011010 0.002675
01011011 0.000087
01011100 0.000000
01011101 0.000000
01011110 0.000400
01011111 0.000075
01100000 0.000275
01100001 0.001213
01100010 0.000025
01100011 0.000300
01100100 0.000125
01100101 0.022300
01100110 0.000150
01100111 0.035125
01101000 0.000225
01101001 0.000000
01101010 0.000138
01101011 0.000000
01101100 0.000812
01101101 0.000037
01101110 0.004962
01101111 0.001687
01110000 0.000000
01110001 0.000087
01110010 0.000000
01110011 0.000013
01110100 0.000000
01110101 0.001250
01110110 0.000013
01110111 0.001050
01111000 0.000075
01111001 0.000000
01111010 0.000037
01111011 0.000000
01111100 0.000150
01111101 0.000037
01111110 0.000212
01111111 0.000200
10000000 0.000350
10000001 0.000362
10000010 0.000000
10000011 0.000138
10000100 0.000000
10000101 0.000013
10000110 0.000000
10000111 0.000037
10001000 0.001000
10001001 0.000000
10001010 0.000937
10001011 0.000000
10001100 0.000025
10001101 0.000000
10001110 0.000112
10001111 0.000000
10010000 0.002037
10010001 0.005600
10010010 0.000000
10010011 0.001000
10010100 0.000000
10010101 0.000037
10010110 0.000000
10010111 0.000175
10011000 0.035075
10011001 0.000200
10011010 0.022850
10011011 0.000150
10011100 0.000350
10011101 0.000075
10011110 0.001200
10011111 0.000250
10100000 0.000112
10100001 0.000387
10100010 0.000000
10100011 0.000000
10100100 0.000037
10100101 0.002363
10100110 0.000000
10100111 0.000212
10101000 0.000500
10101001 0.000000
10101010 0.000025
10101011 0.000000
10101100 0.002250
10101101 0.000612
10101110 0.000212
10101111 0.000000
10110000 0.000338
10110001 0.003687
10110010 0.000000
10110011 0.000000
10110100 0.000188
10110101 0.022687
10110110 0.000000
10110111 0.000350
10111000 0.010225
10111001 0.000150
10111010 0.000087
10111011 0.000000
10111100 0.028463
10111101 0.014887
10111110 0.000788
10111111 0.000125
11000000 0.000100
11000001 0.000013
11000010 0.003037
11000011 0.001512
11000100 0.000000
11000101 0.000000
11000110 0.000000
11000111 0.000275
11001000 0.000438
11001001 0.000000
11001010 0.006425
11001011 0.000000
11001100 0.000000
11001101 0.000000
11001110 0.000713
11001111 0.000075
11010000 0.000087
11010001 0.000300
11010010 0.001875
11010011 0.003488
11010100 0.000000
11010101 0.000000
11010110 0.000013
11010111 0.000438
11011000 0.006063
11011001 0.000000
11011010 0.070300
11011011 0.000188
11011100 0.000013
11011101 0.000013
11011110 0.002363
11011111 0.000412
11100000 0.001075
11100001 0.000525
11100010 0.000400
11100011 0.000225
11100100 0.001200
11100101 0.004450
11100110 0.000650
11100111 0.005463
11101000 0.001362
11101001 0.000000
11101010 0.000350
11101011 0.000000
11101100 0.003075
11101101 0.000313
11101110 0.009288
11101111 0.001525
11110000 0.006112
11110001 0.003600
11110010 0.000375
11110011 0.000375
11110100 0.005050
11110101 0.021313
11110110 0.000663
11110111 0.009100
11111000 0.018650
11111001 0.000050
11111010 0.005363
11111011 0.000000
11111100 0.039313
11111101 0.004812
11111110 0.080687
11111111 0.012050
