0.012262
0.000521
0.001902
0.000087
0.000552
0.000045
0.001020
0.000051
0.003146
0.000195
0.000433
0.000003
0.000228
0.000008
0.000380
0.000012
0.093935
0.004776
0.004804
0.000220
0.004778
0.000612
0.006048
0.000450
0.013887
0.000686
0.000939
0.000015
0.000702
0.000086
0.000950
0.000028
0.000772
0.000310
0.000132
0.000042
0.000059
0.000016
0.000062
0.000037
0.000246
0.000260
0.000018
0.000083
0.000011
0.000001
0.000012
0.000043
0.004342
0.004215
0.000188
0.000303
0.000246
0.000550
0.000297
0.000334
0.000856
0.000934
0.000093
0.000112
0.000026
0.000175
0.000021
0.000106
0.001351
0.000091
0.000161
0.000048
0.000154
0.000029
0.000641
0.000117
0.001352
0.000194
0.000347
0.000030
0.000325
0.000079
0.001021
0.000131
0.010509
0.001521
0.000838
0.000034
0.002049
0.000503
0.004716
0.000480
0.005470
0.000906
0.000303
0.000054
0.001489
0.000258
0.003336
0.000512
0.000191
0.001663
0.000027
0.000583
0.000025
0.000232
0.000138
0.001605
0.000544
0.031268
0.000176
0.014940
0.000200
0.004983
0.000500
0.065749
0.001476
0.018830
0.000105
0.001165
0.000332
0.004343
0.000606
0.005181
0.001344
0.052832
0.000152
0.005547
0.000387
0.012943
0.001139
0.032991
0.028380
0.000862
0.022747
0.000665
0.002380
0.000150
0.066199
0.003789
0.006829
0.000234
0.005182
0.000150
0.000497
0.000044
0.019117
0.001194
0.041504
0.002048
0.017825
0.000435
0.004291
0.000483
0.062752
0.004906
0.005290
0.000342
0.002429
0.000046
0.000494
0.000111
0.009974
0.000765
0.001575
0.000673
0.001438
0.000483
0.000135
0.000108
0.003086
0.001609
0.000577
0.000206
0.000508
0.000372
0.000066
0.000064
0.001161
0.001143
0.002080
0.001377
0.000916
0.000726
0.000195
0.000315
0.002621
0.002688
0.000301
0.000249
0.000266
0.000185
0.000035
0.000053
0.000639
0.000832
0.000769
0.000047
0.000497
0.000052
0.000198
0.000025
0.006456
0.000991
0.000770
0.000097
0.000423
0.000046
0.000210
0.000094
0.008130
0.001597
0.001397
0.000211
0.000469
0.000043
0.000620
0.000143
0.009665
0.001778
0.000876
0.000093
0.000177
0.000032
0.000606
0.000097
0.005854
0.001345
0.000088
0.000265
0.000093
0.000363
0.000044
0.000153
0.000910
0.004080
0.000274
0.004255
0.000248
0.006881
0.000072
0.001031
0.003367
0.083849
0.000167
0.000811
0.000087
0.000302
0.000080
0.000286
0.001205
0.005581
0.000215
0.002258
0.000065
0.001693
0.000100
0.001108
0.001522
0.026025