1.893400000000000083e-01
3.784600000000000186e-01
2.336489999999999956e-01
3.460599999999999787e-01
4.036330000000000195e-01
2.873720000000000163e-01
4.206790000000000251e-01
2.915380000000000194e-01
3.320580000000000198e-01
5.016509999999999581e-01
2.575069999999999859e-01
1.919540000000000135e-01
3.916499999999999981e-01
2.782760000000000233e-01
3.676639999999999908e-01
2.227500000000000036e-01
2.448380000000000001e-01
2.066250000000000031e-01
2.302829999999999877e-01
4.441280000000000228e-01
3.353400000000000269e-01
5.729520000000000168e-01
3.226970000000000116e-01
2.650950000000000251e-01
2.602999999999999758e-01
5.654890000000000194e-01
2.733820000000000139e-01
5.381620000000000292e-01
2.692019999999999968e-01
6.007270000000000110e-01
1.443579999999999863e-01
1.968000000000000027e-01
1.764959999999999862e-01
2.442199999999999926e-01
4.542530000000000179e-01
3.410429999999999851e-01
2.754519999999999746e-01
6.022149999999999448e-01
4.392590000000000106e-01
2.444890000000000119e-01
5.149519999999999653e-01
1.814060000000000117e-01
1.748049999999999882e-01
2.016050000000000064e-01
1.207639999999999963e-01
1.320560000000000067e-01
2.657169999999999810e-01
3.895460000000000034e-01
1.490700000000000081e-01
3.880040000000000155e-01
2.045230000000000103e-01
1.815249999999999919e-01
1.322649999999999937e-01
1.686640000000000084e-01
2.335599999999999898e-01
4.160420000000000229e-01
3.479700000000000015e-01
1.837719999999999909e-01
2.964789999999999925e-01
1.823019999999999918e-01
2.153390000000000026e-01
3.469650000000000234e-01
3.081280000000000130e-01
4.751040000000000263e-01
7.731799999999999784e-02
1.830829999999999957e-01
1.458289999999999864e-01
2.576550000000000229e-01
1.943809999999999982e-01
4.741029999999999966e-01
1.989569999999999950e-01
5.916630000000000500e-01
2.273890000000000078e-01
1.820229999999999904e-01
6.504149999999999654e-01
4.444660000000000277e-01
5.030240000000000267e-01
3.061079999999999912e-01
2.803379999999999761e-01
2.557929999999999926e-01
1.452070000000000027e-01
2.167530000000000012e-01
7.286869999999999736e-01
6.303549999999999986e-01
1.036630000000000051e-01
2.291559999999999986e-01
8.690699999999999814e-02
1.034309999999999952e-01
1.695210000000000050e-01
9.904899999999999816e-02
5.261369999999999658e-01
3.698799999999999866e-01
9.475400000000000489e-02
1.585860000000000047e-01
1.062450000000000061e-01
9.767199999999999493e-02
1.409279999999999977e-01
2.794220000000000037e-01
