1.428570000000000118e-01
3.920170000000000043e-01
2.299190000000000123e-01
2.810739999999999905e-01
1.500990000000000102e-01
1.490859999999999963e-01
2.289259999999999906e-01
3.865680000000000227e-01
1.869069999999999898e-01
3.137639999999999874e-01
8.215600000000000680e-02
1.142210000000000031e-01
5.464919999999999778e-01
2.651319999999999788e-01
2.340700000000000003e-01
3.129239999999999799e-01
2.449870000000000103e-01
4.235749999999999793e-01
1.948729999999999907e-01
3.552919999999999967e-01
2.776020000000000154e-01
1.444890000000000063e-01
2.727970000000000117e-01
9.354800000000000615e-02
1.627800000000000080e-01
2.860570000000000057e-01
1.765239999999999865e-01
4.614779999999999993e-01
7.021849999999999481e-01
4.503420000000000201e-01
3.347559999999999980e-01
3.892680000000000029e-01
1.673109999999999875e-01
1.448290000000000133e-01
3.197289999999999854e-01
3.529229999999999867e-01
2.794710000000000250e-01
4.020920000000000050e-01
2.433389999999999997e-01
5.818149999999999711e-01
3.925779999999999825e-01
2.052470000000000128e-01
3.354739999999999944e-01
3.602629999999999999e-01
7.847070000000000434e-01
4.629750000000000254e-01
2.508859999999999979e-01
2.896850000000000258e-01
2.593750000000000222e-01
2.188219999999999887e-01
7.289560000000000484e-01
4.399560000000000137e-01
4.505129999999999968e-01
2.433460000000000067e-01
1.721290000000000042e-01
3.907410000000000050e-01
3.651380000000000181e-01
3.228519999999999723e-01
4.199339999999999740e-01
2.702320000000000277e-01
5.182870000000000532e-01
3.653370000000000228e-01
4.223959999999999937e-01
2.562150000000000261e-01
1.285550000000000026e-01
3.456069999999999975e-01
2.640899999999999914e-01
5.052889999999999882e-01
3.020840000000000192e-01
3.604760000000000186e-01
1.317250000000000087e-01
3.443809999999999927e-01
3.422569999999999779e-01
2.340119999999999978e-01
1.110550000000000009e-01
2.685009999999999897e-01
2.624230000000000174e-01
2.211200000000000110e-01
3.487319999999999864e-01
1.852109999999999868e-01
7.387399999999999523e-02
2.155430000000000124e-01
1.754680000000000129e-01
2.837589999999999835e-01
2.432620000000000060e-01
4.521839999999999749e-01
3.148320000000000007e-01
2.695350000000000246e-01
1.865209999999999924e-01
1.633249999999999980e-01
2.282440000000000024e-01
3.208559999999999746e-01
2.065220000000000111e-01
2.996779999999999999e-01
1.754850000000000021e-01
1.965139999999999942e-01
1.326130000000000086e-01
3.099600000000000133e-01
