1.020689999999999931e-01
2.175080000000000069e-01
1.883529999999999927e-01
2.538869999999999738e-01
4.200349999999999917e-01
2.179590000000000138e-01
4.422840000000000105e-01
2.195689999999999864e-01
2.902699999999999725e-01
2.085559999999999914e-01
2.744019999999999793e-01
1.131360000000000005e-01
4.190380000000000216e-01
1.776570000000000094e-01
9.729500000000000648e-02
2.063879999999999881e-01
4.393790000000000195e-01
3.285810000000000120e-01
5.933610000000000273e-01
1.561569999999999903e-01
1.657440000000000024e-01
1.453790000000000082e-01
3.089210000000000012e-01
9.877500000000000169e-02
1.346590000000000009e-01
2.035009999999999875e-01
2.746069999999999900e-01
4.326599999999999890e-01
2.491629999999999956e-01
4.042259999999999742e-01
4.250760000000000094e-01
5.429469999999999574e-01
3.646490000000000009e-01
2.471049999999999913e-01
9.258199999999999763e-02
1.395369999999999944e-01
3.398109999999999742e-01
1.837020000000000042e-01
2.155539999999999956e-01
1.750420000000000031e-01
5.740480000000000027e-01
5.094880000000000519e-01
2.335089999999999943e-01
3.085749999999999882e-01
1.551259999999999861e-01
4.112930000000000197e-01
1.780950000000000033e-01
9.150600000000000400e-02
2.182580000000000076e-01
5.314210000000000322e-01
2.916199999999999903e-01
6.681700000000000417e-01
3.496270000000000211e-01
5.354980000000000295e-01
2.755270000000000219e-01
6.440409999999999746e-01
3.400279999999999969e-01
1.985439999999999983e-01
1.711090000000000111e-01
4.225039999999999907e-01
1.401870000000000061e-01
1.354539999999999911e-01
1.518639999999999990e-01
1.898839999999999972e-01
3.980580000000000229e-01
2.610930000000000195e-01
4.121859999999999968e-01
1.701010000000000022e-01
1.676850000000000007e-01
1.113249999999999934e-01
1.313179999999999903e-01
2.522530000000000050e-01
