1.177359999999999934e-01
9.089300000000000157e-02
1.205350000000000033e-01
3.222240000000000104e-01
2.784749999999999726e-01
1.683729999999999949e-01
3.123870000000000258e-01
4.813290000000000068e-01
2.785020000000000273e-01
2.976429999999999909e-01
2.320929999999999938e-01
4.197420000000000040e-01
2.366749999999999965e-01
2.326509999999999967e-01
1.328789999999999971e-01
2.120509999999999895e-01
1.073410000000000059e-01
2.388250000000000095e-01
1.651710000000000123e-01
3.176180000000000114e-01
1.628960000000000130e-01
1.438500000000000056e-01
2.197169999999999956e-01
2.387559999999999960e-01
1.890959999999999863e-01
1.090200000000000058e-01
2.106580000000000119e-01
3.888679999999999914e-01
2.611140000000000128e-01
2.537369999999999903e-01
2.902939999999999965e-01
2.662120000000000042e-01
1.338110000000000133e-01
1.744680000000000120e-01
2.268149999999999888e-01
2.427739999999999898e-01
6.350369999999999626e-01
3.470269999999999744e-01
2.905900000000000150e-01
4.525170000000000026e-01
2.599279999999999924e-01
1.116889999999999966e-01
2.274329999999999963e-01
6.270890000000000075e-01
6.172980000000000134e-01
3.599370000000000069e-01
1.711870000000000058e-01
2.745099999999999763e-01
1.299319999999999919e-01
1.265739999999999921e-01
2.995849999999999902e-01
2.720219999999999860e-01
2.469530000000000058e-01
1.964480000000000115e-01
3.760499999999999954e-01
2.398760000000000059e-01
1.897210000000000008e-01
1.792320000000000024e-01
2.299339999999999995e-01
2.112120000000000108e-01
1.611839999999999939e-01
1.788530000000000120e-01
1.636209999999999887e-01
1.795720000000000094e-01
1.225080000000000058e-01
2.115559999999999941e-01
1.449409999999999865e-01
1.848319999999999963e-01
3.891040000000000054e-01
1.862320000000000086e-01
2.248600000000000043e-01
2.530439999999999912e-01
2.722069999999999768e-01
2.411969999999999947e-01
2.567380000000000217e-01
4.742990000000000261e-01
2.331320000000000059e-01
1.670999999999999985e-01
1.718149999999999955e-01
3.340060000000000251e-01
8.674900000000000666e-02
1.275449999999999917e-01
2.296489999999999920e-01
4.482479999999999798e-01
1.955510000000000026e-01
1.861109999999999987e-01
3.828469999999999929e-01
1.815120000000000067e-01
2.015480000000000049e-01
1.538279999999999925e-01
1.696890000000000065e-01
2.819119999999999959e-01
2.471669999999999978e-01
1.689420000000000088e-01
1.448639999999999928e-01
1.722660000000000025e-01
8.331600000000000117e-02
1.895380000000000120e-01
