0.213011
0.467893
0.370831
0.154403
0.072722
0.227302
0.144831
0.145663
0.283447
0.370604
0.127247
0.108622
0.360742
0.316402
0.151966
0.198147
0.263293
0.404837
0.256605
0.208834
0.363953
0.294048
0.150692
0.600026
0.395708
0.243576
0.242447
0.272863
0.143501
0.272484
0.160162
0.180132
0.271526
0.210869
0.129008
0.210078
0.694428
0.488080
0.362027
0.192080
0.217315
0.388172
0.198387
0.205157
0.306479
0.356762
0.238682
0.171470
0.348264
0.211500
0.557893
0.376292
0.404628
0.269770
0.264299
0.242933
0.234753
0.297601
0.230623
0.473378
0.236799
0.441702
0.133980
0.434802
0.265066
0.228702
0.290331
0.577720
0.340519
0.358229
0.075515
0.222478