1.992170000000000052e-01
1.897139999999999938e-01
2.753439999999999777e-01
2.871940000000000048e-01
2.474260000000000070e-01
1.396060000000000079e-01
2.226480000000000126e-01
2.030389999999999973e-01
3.181339999999999724e-01
2.987400000000000055e-01
4.570609999999999951e-01
2.286410000000000109e-01
2.772459999999999924e-01
2.391320000000000112e-01
2.112479999999999913e-01
2.205090000000000106e-01
1.844830000000000081e-01
1.243589999999999973e-01
2.384159999999999890e-01
2.540830000000000033e-01
3.998860000000000192e-01
1.731300000000000061e-01
2.520519999999999983e-01
4.149999999999999800e-01
3.541810000000000236e-01
3.228369999999999851e-01
4.039189999999999725e-01
3.237030000000000185e-01
3.343990000000000018e-01
2.270580000000000098e-01
7.358470000000000288e-01
4.364930000000000199e-01
4.364049999999999874e-01
3.486420000000000075e-01
3.289079999999999782e-01
2.606080000000000063e-01
3.519599999999999951e-01
2.362120000000000053e-01
6.329209999999999559e-01
3.357229999999999936e-01
1.679279999999999939e-01
1.054530000000000051e-01
1.495980000000000087e-01
2.501059999999999950e-01
6.625839999999999508e-01
4.371030000000000193e-01
4.558010000000000117e-01
2.877739999999999743e-01
2.484300000000000119e-01
4.430780000000000274e-01
3.413019999999999943e-01
1.710240000000000093e-01
1.682230000000000114e-01
1.283019999999999994e-01
1.968260000000000010e-01
4.145710000000000228e-01
2.046179999999999943e-01
3.255620000000000180e-01
1.764280000000000015e-01
2.444639999999999869e-01
2.591640000000000055e-01
1.809989999999999932e-01
2.525700000000000167e-01
2.142969999999999875e-01
1.320820000000000050e-01
6.233299999999999952e-02
1.840799999999999936e-01
1.245269999999999988e-01
2.736839999999999828e-01
2.179049999999999876e-01
9.882900000000000018e-02
2.172320000000000084e-01
