0.171462
0.358804
0.132156
0.152203
0.119442
0.123011
0.136374
0.133654
0.166201
0.149762
0.329818
0.201234
0.099877
0.110451
0.131377
0.137842
0.122489
0.176845
0.291113
0.121766
0.320903
0.251124
0.122895
0.239859
0.178071
0.176627
0.207865
0.367095
0.180865
0.245733
0.313697
0.237939
0.128683
0.217108
0.149104
0.238247
0.189976
0.181081
0.236067
0.590279
0.342333
0.300720
0.359480
0.253363
0.121861
0.132815
0.260106
0.235166
0.254217
0.278841
0.265682
0.379353
0.235497
0.217206
0.237502
0.205258
0.456679
0.279417
0.383407
0.298832
0.299655
0.372980
0.277293
0.549126
0.197167
0.184258
0.156608
0.181218
0.449375
0.308316
0.248462
0.418418
0.260819
0.160603
0.494147
0.285216
0.414145
0.192907
0.366302
0.150086
0.301169
0.271347
0.403254
0.199822
0.153322
0.307426
0.219046
0.382902
0.115571
0.226453
0.329304
0.244424
0.147676
0.225523
0.147819
0.202978
0.129221
0.189131
0.244596
0.345756
0.326670
0.559284
0.436989
0.212397
0.151896
0.289986
0.155565
0.305517
0.208216
0.225122
0.160071
0.242039
0.149176
0.407147
0.141260
0.163298
0.124224
0.178693
0.296555
0.588710
0.346507
0.406304
0.239687
0.292558
0.239761
0.221818
0.309955
0.217034
0.363930
0.630235
0.343161
0.418954
0.412432
0.268922
0.489284
0.277643
0.264146
0.237112
0.418564
0.318093
0.323773
0.258081
0.158215
0.250372
0.188078
0.137293
0.206169
0.171755
0.288496
0.225821
0.522400
0.751330
0.177423
0.308815
0.161008
0.186361
0.216768
0.178547
0.381502
0.157387
0.333453
0.292118
0.221193
0.255571
0.417921
0.201700
0.242602
0.232894
0.277059
0.491051
0.247417
0.408464
0.239427
0.228404
0.447589
0.241783
0.121900
0.127959
0.366853
0.298803
0.411027
0.605273
0.185698
0.239669
0.179666
0.164125
0.239110
0.191964
0.221779
0.211475
0.439563
0.274934
0.241191
0.157731
0.192123
0.296652
0.172489
0.176611
0.158501
0.342710