0.125243
0.180823
0.151780
0.267639
0.160263
0.216759
0.186325
0.201098
0.293432
0.280563
0.417569
0.298187
0.266648
0.257152
0.131580
0.233213
0.267815
0.421128
0.285359
0.269043
0.138300
0.141386
0.169603
0.265401
0.302329
0.234238
0.274663
0.407590
0.533018
0.322300
0.641962
0.382107
0.279808
0.144899
0.278748
0.266903
0.396012
0.318494
0.134501
0.221247
0.098237
0.175219
0.207551
0.250673
0.407677
0.210255
0.232556
0.529142
0.229702
0.341374
0.134329
0.257386
0.188723
0.253315
0.235843
0.260833
0.326908
0.159561
0.203430
0.239344
0.099842
0.130561
0.302448
0.336512
0.383275
0.366364
0.355702
0.239998
0.251330
0.150499
0.210361
0.273042
0.263809
0.502048
0.168359
0.214531
0.248697
0.150514
0.430348
0.262652
0.167161
0.273727
0.178870
0.608717
0.263580
0.309613
0.160429
0.279052
0.266835
0.431394
0.257991
0.198904
0.346155
0.199388
0.208939
0.459407
0.217209
0.235577
0.408359
0.746460
0.297932
0.170324
0.300760
0.240438
0.266244
0.135008
0.240172
0.197071
0.219881
0.210004
0.190441
0.166968
0.164860
0.199690
0.219382
0.356734
0.229562
0.310570
0.417673
0.253950
0.185120
0.287920
0.141086
0.124451
0.382373
0.193692
0.464537
0.286323
0.409891
0.242282
0.231069
0.546808
0.484308
0.347998
0.242076
0.413702
0.619224
0.268849
0.371565
0.187462
0.087526
0.152518
0.270483
0.242486
0.220285
0.184092
0.152111
0.270439
0.196337
0.198527
0.157863
0.206784
0.281371
0.303506
0.384692
0.282486
0.244856
0.294234
0.146369
0.132342
0.104549
0.175684