0.114009
0.091635
0.200285
0.342234
0.334994
0.502477
0.315698
0.261681
0.268678
0.447259
0.315788
0.462727
0.199520
0.190336
0.163726
0.292603
0.063741
0.144948
0.252390
0.128117
0.168980
0.319222
0.204255
0.169732
0.232691
0.168344
0.152693
0.151008
0.162503
0.174184
0.375866
0.166469
0.121926
0.136200
0.308033
0.599634
0.214190
0.221117
0.236749
0.213195
0.215622
0.355249
0.142297
0.136721
0.164218
0.301981
0.159479
0.249932
0.129116
0.204035
0.144252
0.186395
0.156092
0.190588
0.163384
0.278311
0.158752
0.177440
0.161958
0.179589
0.212282
0.232406
0.252846
0.253317
0.065713
0.105380
0.244133
0.150293
0.331632
0.165558
0.240800
0.340476
0.196589
0.341873
0.314405
0.442738
0.287701
0.250781
0.241375
0.151094
0.108811
0.138399
0.172935
0.141771
0.344076
0.199417
0.162048
0.197667
0.179995
0.260429
0.305677
0.244587
0.481262
0.322429
0.460888
0.283435
0.092467
0.081407