0.126326
0.237306
0.159907
0.315537
0.162663
0.181456
0.428805
0.190399
0.194984
0.265784
0.222220
0.320983
0.180557
0.181092
0.242336
0.297594
0.244823
0.155896
0.266832
0.221119
0.211067
0.236364
0.111735
0.139092
0.195490
0.317845
0.170607
0.238397
0.436479
0.280031
0.373892
0.260660
0.198903
0.184065
0.331809
0.433413
0.244012
0.158695
0.265508
0.268256
0.680511
0.266992
0.159340
0.205064
0.152180
0.176870
0.268653
0.148910
0.336020
0.259568
0.210842
0.485121
0.170174
0.226704
0.416791
0.592675
0.319952
0.504863
0.375535
0.282754
0.173576
0.289249
0.126043
0.134843
0.150599
0.126595
0.164063
0.361988
0.180710
0.226619
0.246759
0.530250
0.157030
0.146275
0.141054
0.217278
0.168609
0.115388
0.222523
0.164586
0.169396
0.262036
0.202037
0.330373
0.183252
0.359207
0.174566
0.402272
0.122050
0.188603
0.345015
0.212628
0.290757
0.151256
0.272648
0.160707
0.167123
0.119758
0.207110
0.247428
0.115458
0.164474
0.110309
0.172856
0.105760
0.119622
0.120403
0.110379
0.172558
0.128316
0.108914
0.285153
0.233448
0.100797
0.165739
0.110389
0.090623
0.089842
0.139137
0.186090
0.304304
0.581667
0.198382
0.185728
0.142727
0.222113
0.208338
0.528333
0.343497
0.221316
0.281975
0.345091
0.138516
0.173909
0.341748
0.262609
0.472890
0.261649
0.282512
0.317110
0.184294
0.269318
0.330624
0.190199
0.187268
0.159606
0.180354
0.209220
0.320095
0.191446
0.362080
0.248510
0.198598
0.176844
0.152032
0.172504
0.234417
0.152147
0.277775
0.592439
0.133795
0.367464
0.432200
0.225332
0.240788
0.473562
0.163017
0.296850
0.623991
0.385765
0.709563
0.563000
0.498037
0.199453
0.384140
0.274752
0.175999
0.128859
0.314627
0.382208
0.266072
0.239060
0.353604
0.212978
0.174724
0.191342
0.224475
0.217593
0.309856
0.488732
0.310444
0.346285
0.199559
0.214335
0.166773
0.301693
0.184405
0.186874
0.152995
0.207557