2.998649999999999927e-01
2.418399999999999994e-01
3.669239999999999724e-01
2.609580000000000233e-01
2.123299999999999910e-01
2.119699999999999918e-01
2.338230000000000031e-01
2.373180000000000012e-01
4.735989999999999922e-01
2.636060000000000070e-01
1.824550000000000061e-01
2.043320000000000136e-01
1.995319999999999871e-01
2.108119999999999994e-01
1.232079999999999981e-01
8.905499999999999527e-02
9.442499999999999505e-02
2.942759999999999820e-01
2.552189999999999737e-01
1.316170000000000118e-01
2.963779999999999748e-01
1.340510000000000035e-01
2.947670000000000012e-01
1.862739999999999951e-01
8.561900000000000066e-02
1.264220000000000066e-01
6.622500000000000608e-02
6.636000000000000232e-02
2.658809999999999785e-01
1.462890000000000024e-01
2.947930000000000272e-01
2.285270000000000079e-01
1.374269999999999936e-01
1.639980000000000049e-01
2.317279999999999895e-01
2.967730000000000090e-01
2.603829999999999756e-01
1.464729999999999921e-01
2.117209999999999925e-01
3.744899999999999896e-01
1.475559999999999927e-01
3.074950000000000183e-01
1.639579999999999926e-01
1.811790000000000067e-01
2.403760000000000063e-01
2.325550000000000117e-01
3.767619999999999858e-01
1.648850000000000038e-01
8.835700000000000498e-02
7.992599999999999705e-02
2.546100000000000030e-01
1.685619999999999896e-01
1.557409999999999906e-01
3.109160000000000257e-01
1.819109999999999894e-01
3.138480000000000159e-01
1.405180000000000040e-01
1.509399999999999908e-01
1.699170000000000125e-01
2.954359999999999764e-01
1.543440000000000090e-01
1.841260000000000119e-01
1.763699999999999990e-01
1.584079999999999933e-01
1.088500000000000023e-01
1.949750000000000094e-01
2.661279999999999757e-01
1.424900000000000055e-01
1.217599999999999932e-01
1.410250000000000115e-01
1.641910000000000036e-01
1.746800000000000019e-01
2.551829999999999932e-01
3.262030000000000207e-01
1.608860000000000012e-01
3.638370000000000215e-01
3.118690000000000073e-01
5.021980000000000333e-01
2.677919999999999745e-01
4.362920000000000131e-01
9.302299999999999458e-02
9.538900000000000157e-02
2.018300000000000094e-01
1.414499999999999924e-01
2.061759999999999982e-01
3.751209999999999822e-01
3.958130000000000259e-01
8.057579999999999742e-01
1.812390000000000112e-01
2.555649999999999866e-01
2.406089999999999895e-01
3.147519999999999762e-01
3.793170000000000153e-01
2.782519999999999993e-01
2.380780000000000118e-01
1.862139999999999906e-01
2.583840000000000026e-01
1.985820000000000085e-01
