1.507259999999999989e-01
3.173960000000000115e-01
2.241479999999999861e-01
3.391069999999999918e-01
3.409309999999999841e-01
2.212709999999999955e-01
2.818479999999999874e-01
1.182840000000000003e-01
3.280109999999999970e-01
5.489559999999999995e-01
3.663719999999999755e-01
1.981159999999999866e-01
1.812130000000000130e-01
3.129109999999999947e-01
2.819820000000000104e-01
1.970159999999999967e-01
2.508619999999999739e-01
1.400959999999999983e-01
3.031900000000000150e-01
2.949370000000000047e-01
1.895850000000000035e-01
1.105819999999999997e-01
2.863080000000000069e-01
3.814130000000000020e-01
1.695149999999999990e-01
3.164799999999999836e-01
1.306980000000000086e-01
2.097990000000000133e-01
1.991410000000000124e-01
3.104830000000000090e-01
7.866440000000000099e-01
4.728890000000000038e-01
3.465929999999999844e-01
4.709709999999999730e-01
6.756450000000000511e-01
4.280249999999999888e-01
5.004399999999999959e-01
4.215740000000000043e-01
3.399130000000000207e-01
4.347179999999999933e-01
4.193589999999999818e-01
1.924750000000000072e-01
2.564020000000000188e-01
2.669119999999999826e-01
4.368560000000000221e-01
2.873069999999999791e-01
1.180230000000000029e-01
1.372109999999999996e-01
1.782519999999999938e-01
3.206300000000000261e-01
