1.774509999999999976e-01
3.525630000000000153e-01
2.884220000000000117e-01
2.519810000000000105e-01
3.343490000000000073e-01
3.694839999999999791e-01
1.752029999999999976e-01
2.257969999999999977e-01
1.721050000000000080e-01
1.874039999999999873e-01
5.230629999999999447e-01
3.147849999999999815e-01
2.649610000000000021e-01
4.806320000000000037e-01
2.266499999999999904e-01
3.608120000000000216e-01
2.177709999999999924e-01
2.836000000000000187e-01
1.959569999999999923e-01
2.643170000000000242e-01
6.066510000000000513e-01
1.783780000000000088e-01
5.440350000000000463e-01
3.045889999999999986e-01
2.473960000000000048e-01
4.585759999999999836e-01
3.428399999999999781e-01
3.343619999999999925e-01
3.418129999999999780e-01
5.224959999999999605e-01
4.572950000000000070e-01
2.470870000000000011e-01
1.967150000000000010e-01
2.248209999999999931e-01
7.557960000000000234e-01
4.105940000000000145e-01
2.717450000000000143e-01
1.898340000000000027e-01
5.094109999999999472e-01
2.638670000000000182e-01
2.029169999999999863e-01
3.993260000000000143e-01
3.382740000000000191e-01
3.205330000000000124e-01
2.449560000000000071e-01
2.551789999999999892e-01
2.307339999999999947e-01
1.840430000000000121e-01
4.253060000000000174e-01
2.827890000000000126e-01
3.870660000000000212e-01
2.420930000000000026e-01
5.039670000000000538e-01
2.353099999999999914e-01
9.360599999999999477e-02
1.730530000000000124e-01
1.543390000000000040e-01
2.192580000000000084e-01
3.848349999999999826e-01
2.667590000000000239e-01
1.778530000000000111e-01
3.366129999999999955e-01
2.493529999999999913e-01
2.083710000000000007e-01
4.540259999999999851e-01
2.629909999999999748e-01
2.149790000000000034e-01
3.385329999999999728e-01
2.414129999999999887e-01
5.253419999999999757e-01
3.501969999999999805e-01
2.697470000000000145e-01
1.379680000000000073e-01
1.735970000000000013e-01
3.486779999999999879e-01
2.808820000000000205e-01
3.243349999999999844e-01
5.352440000000000531e-01
1.894299999999999873e-01
2.040949999999999986e-01
1.433220000000000049e-01
2.375800000000000134e-01
2.655819999999999848e-01
2.549649999999999972e-01
3.137599999999999834e-01
3.247399999999999731e-01
1.899220000000000075e-01
1.939079999999999970e-01
1.676030000000000020e-01
1.852600000000000080e-01
2.019110000000000071e-01
2.730770000000000142e-01
2.005059999999999898e-01
2.700089999999999990e-01
3.460250000000000270e-01
2.178630000000000011e-01
3.997280000000000277e-01
2.319269999999999943e-01
2.649850000000000261e-01
2.200630000000000086e-01
2.618590000000000084e-01
3.880899999999999905e-01
1.782690000000000108e-01
1.896529999999999883e-01
2.876870000000000260e-01
1.369950000000000057e-01
2.088659999999999961e-01
3.057679999999999843e-01
1.669710000000000083e-01
2.572900000000000187e-01
1.534780000000000033e-01
1.775680000000000036e-01
2.738709999999999756e-01
4.909399999999999875e-01
3.011150000000000215e-01
3.265850000000000142e-01
4.235459999999999781e-01
3.399650000000000172e-01
2.801069999999999949e-01
1.651729999999999865e-01
3.892610000000000237e-01
2.387730000000000130e-01
2.755179999999999851e-01
3.477799999999999780e-01
2.744340000000000113e-01
3.014660000000000117e-01
1.710419999999999996e-01
1.589929999999999954e-01
