0.068763
0.245031
0.411259
0.206531
0.250828
0.157919
0.381301
0.198866
0.240379
0.116776
0.126357
0.308291
0.066262
0.058632
0.222222
0.311563
0.150011
0.270777
0.404521
0.712480
0.591745
0.300291
0.527582
0.205581
0.482376
0.616951
0.187063
0.088215
0.265107
0.688878
0.274188
0.212315
0.227377
0.345991
0.564782
0.772913
0.350086
0.228062
0.617871
0.409311
0.091756
0.108721
0.089226
0.073211
0.110481
0.248804
0.404068
0.223610
0.209624
0.608962
0.067061
0.089544
0.075107
0.091228
0.064139
0.101600
0.486080
0.193871
0.576243
0.235362
0.215182
0.436390
0.520800
0.413543
0.074710
0.198880
0.229178
0.423997
0.084158
0.072488
0.217552
0.157674
0.312652
0.120414
0.267544
0.291755
0.268038
0.414456
0.218965
0.095590
0.078718
0.359413
0.119070
0.065254
0.815198
0.608765
0.395563
0.158314
0.300887
0.517504
0.674314
0.456596
0.810466
0.650128
0.480004
0.335792
0.252356
0.120544