8.002399999999999791e-02
1.406600000000000072e-01
2.061709999999999932e-01
1.586589999999999945e-01
1.637280000000000124e-01
3.054180000000000228e-01
3.043830000000000147e-01
1.913050000000000028e-01
1.424130000000000118e-01
3.553859999999999797e-01
1.243100000000000038e-01
2.196579999999999921e-01
2.945409999999999973e-01
3.452410000000000201e-01
2.274019999999999930e-01
2.057839999999999947e-01
2.216100000000000014e-01
2.531530000000000169e-01
4.391149999999999776e-01
2.162560000000000038e-01
2.936739999999999906e-01
2.022639999999999993e-01
1.914289999999999881e-01
3.982990000000000141e-01
6.099900000000000322e-01
3.743210000000000148e-01
2.072849999999999970e-01
2.207199999999999995e-01
2.234099999999999975e-01
4.118930000000000091e-01
3.267599999999999949e-01
3.067300000000000026e-01
2.570080000000000142e-01
2.465259999999999951e-01
4.247859999999999969e-01
2.662269999999999914e-01
1.494550000000000045e-01
3.825629999999999864e-01
1.665109999999999923e-01
2.205340000000000078e-01
7.439099999999999879e-02
1.311849999999999961e-01
1.551180000000000059e-01
3.130220000000000224e-01
3.806809999999999916e-01
1.726650000000000129e-01
4.018220000000000125e-01
2.141129999999999978e-01
3.488120000000000109e-01
2.929340000000000277e-01
1.833359999999999990e-01
2.279370000000000007e-01
2.495729999999999893e-01
2.145650000000000057e-01
1.710099999999999953e-01
1.271239999999999870e-01
1.952359999999999929e-01
1.364839999999999942e-01
1.253110000000000057e-01
2.862939999999999929e-01
1.197410000000000002e-01
2.030859999999999888e-01
1.521200000000000052e-01
1.972099999999999964e-01
2.487640000000000129e-01
1.529820000000000069e-01
2.712990000000000124e-01
2.868399999999999839e-01
4.746020000000000238e-01
2.262909999999999922e-01
2.012369999999999992e-01
2.291999999999999871e-01
1.616750000000000131e-01
1.936779999999999891e-01
1.643850000000000033e-01
1.999299999999999966e-01
1.682220000000000104e-01
1.580459999999999920e-01
2.475799999999999945e-01
2.825960000000000139e-01
1.566150000000000042e-01
1.823950000000000016e-01
2.287260000000000126e-01
1.961789999999999923e-01
5.704900000000000526e-01
3.558589999999999809e-01
2.591149999999999842e-01
1.927540000000000087e-01
2.417150000000000132e-01
4.522180000000000089e-01
2.106329999999999869e-01
4.277469999999999883e-01
3.496079999999999743e-01
1.942089999999999927e-01
1.805209999999999870e-01
1.672619999999999940e-01
3.309969999999999857e-01
5.276690000000000547e-01
3.849779999999999869e-01
1.852779999999999982e-01
2.926989999999999870e-01
1.956559999999999966e-01
3.695229999999999904e-01
3.092869999999999786e-01
2.130650000000000044e-01
2.648610000000000131e-01
2.732339999999999769e-01
2.369890000000000052e-01
1.752360000000000029e-01
1.641799999999999926e-01
1.923120000000000107e-01
3.236840000000000273e-01
1.554250000000000076e-01
2.787089999999999845e-01
2.568420000000000147e-01
2.400490000000000124e-01
3.016209999999999725e-01
2.331390000000000129e-01
1.969029999999999947e-01
3.737110000000000154e-01
2.780259999999999954e-01
2.387789999999999913e-01
4.985299999999999732e-01
2.674380000000000090e-01
2.363349999999999895e-01
4.113820000000000254e-01
1.514109999999999900e-01
1.319319999999999937e-01
3.296999999999999931e-01
2.160499999999999921e-01
1.146950000000000053e-01
1.460420000000000051e-01
2.173430000000000084e-01
2.000550000000000106e-01
1.702249999999999874e-01
2.021479999999999944e-01
1.363119999999999887e-01
1.785210000000000130e-01
2.862959999999999949e-01
2.615730000000000000e-01
6.987500000000000655e-02
1.454139999999999877e-01
1.764519999999999977e-01
2.595339999999999869e-01
1.350780000000000036e-01
2.307730000000000059e-01
1.236639999999999961e-01
1.046320000000000028e-01
1.315379999999999883e-01
2.315639999999999921e-01
2.239369999999999972e-01
1.730569999999999886e-01
1.561150000000000038e-01
1.534679999999999933e-01
1.246659999999999990e-01
1.295360000000000122e-01
1.324710000000000054e-01
2.799269999999999814e-01
1.349990000000000079e-01
2.007210000000000105e-01
1.057450000000000057e-01
1.952599999999999891e-01
