0.299525
0.280491
0.536855
0.278177
0.324939
0.420731
0.363687
0.394275
0.334505
0.434836
0.312185
0.185383
0.305456
0.167419
0.431716
0.369260
0.357866
0.324049
0.217359
0.554864
0.325766
0.290385
0.405953
0.359760
0.616216
0.470549
0.341448
0.236066
0.394588
0.377542
0.418403
0.380321
0.266142
0.324618
0.412227
0.375296
0.303892
0.347396
0.174624
0.524938
0.227747
0.385818
0.429979
0.381622
0.343887
0.348630
0.357607
0.359235
0.370141
0.416999
0.743517
0.452671
0.371102
0.686110
0.247633
0.482682
0.344917
0.310474
0.396664
0.355200
0.364434
0.324295
0.400745
0.389016
0.314965
0.582759
0.193682
0.379354
0.412530
0.571208
0.370645
0.390671
0.268659
0.314290
0.413010
0.378285
0.516629
0.358944
0.712740
0.532773
0.452343
0.424535
0.404624
0.709087
0.479298
0.811546
0.390530
0.500192
0.395665
0.489885
0.341532
0.197217
0.324967
0.320962
0.217849
0.402246
0.443129
0.347102
0.326540
0.417609
0.198969
0.414085
0.355745
0.116828
0.403306
0.332886
0.542268
0.372342
0.370590
0.260409
0.328374
0.346064
0.349863
0.602070
0.398066
0.459169
0.344708
0.465799
0.362644
0.407259
0.219259
0.377875
0.420490
0.415389
0.431851
0.221076
0.457870
0.211749
0.278721
0.368427
0.423849
0.359359
0.490743
0.317647
0.336591
0.332002
0.217023
0.396972
0.324750
0.252979
0.333779
0.341961
0.337031
0.374105
0.267710
0.262754
0.484337
0.355168
0.402619
0.371952
0.408488
0.255914
0.443690
0.374563
0.394972
0.400033
0.381161
0.401213
0.354641
0.345701
0.296501
0.415776