0.090780
0.188101
0.154174
0.136922
0.130956
0.222744
0.185087
0.125801
0.175418
0.188210
0.170096
0.247053
0.134254
0.272855
0.186090
0.149835
0.146683
0.258967
0.163876
0.231736
0.652727
0.452142
0.129535
0.162902
0.192413
0.404986
0.312866
0.210400
0.269351
0.269764
0.234742
0.329212
0.207993
0.427320
0.320405
0.152888
0.145793
0.223946
0.201265
0.338044
0.216386
0.392966
0.326869
0.571823
0.129462
0.128951
0.177005
0.339996
0.241200
0.291389
0.341233
0.263342
0.690844
0.492473
0.306046
0.617595
0.412922
0.224112
0.374816
0.179981
0.247553
0.198900
0.222910
0.140690
0.131859
0.160833
0.100026
0.190718
0.184134
0.164716
0.144475
0.264527
0.237663
0.279152
0.260833
0.153428
0.143426
0.232469
0.147051
0.254317
0.302803
0.251433
0.245742
0.156161
0.182817
0.329553
0.540826
0.219632
0.152243
0.197339
0.171496
0.277892
0.458233
0.296145
0.305607
0.152112
0.129619
0.168664
0.193139
0.259765
0.418103
0.264926
0.157383
0.193674
0.172957
0.165955
0.285166
0.205176
0.264643
0.201421
0.181071
0.327839
0.270127
0.262133
0.152315
0.270302
0.227800
0.157019
0.221137
0.175492
0.205505
0.265001
0.265209
0.179348
0.154292
0.168908
0.179401
0.224393
0.224412
0.396300
0.240633
0.208447
0.165867
0.310531
0.178682
0.222675
0.172000
0.143230
0.378147
0.211446
0.309325
0.173467
0.239932
0.147143
0.147522
0.170837
0.249731
0.176458
0.260137
0.346157
0.369661
0.266937
0.179468
0.349449
0.123793
0.264326
0.157100
0.200417
0.198513
0.275848
0.294749
0.360465
0.167485
0.310176
0.231175
0.182717
0.328416
0.619598
0.320012
0.545950
0.631443
0.336179
0.440998
0.304279
0.171405
0.352549
0.138507
0.164760
0.607510
0.368191
0.253498
0.342957
0.204914
0.458961
0.186619
0.157148
0.190390
0.249638
0.262090
0.450781
0.530593
0.271081
0.364870
0.280027
0.224112
0.483807
0.167193
0.155484
0.148997
0.222316