0.164515
0.164877
0.352352
0.220653
0.159416
0.257450
0.484098
0.699942
0.495218
0.318210
0.279062
0.159168
0.437254
0.353887
0.157223
0.304969
0.160724
0.312572
0.251698
0.138906
0.273164
0.251281
0.169942
0.176697
0.227129
0.155728
0.307152
0.551984
0.341446
0.493830
0.514079
0.783673
0.575017
0.380720
0.446738
0.395497
0.295310
0.345471
0.351501
0.670087
0.445505
0.426739
0.189179
0.089795
0.149487
0.271023
0.086970
0.084735
0.151625
0.406995
0.088601
0.127320
0.141373
0.307902
0.220023
0.200011
0.337032
0.205069
0.290330
0.309342
0.168555
0.149242
0.235204
0.422112
0.157280
0.197253
0.470949
0.302643
0.349947
0.322886
0.174938
0.169220
0.329178
0.203528
0.119733
0.187919
0.514763
0.294773
0.218701
0.373377
0.163237
0.235745
0.306600
0.273557
0.305169
0.147266
0.415145
0.211160
0.317423
0.169856
0.247088
0.305346
0.364080
0.147686
0.232781
0.227059
0.203344
0.351311