1.264929999999999943e-01
1.262209999999999999e-01
5.436710000000000154e-01
3.185609999999999831e-01
1.458689999999999987e-01
2.857500000000000040e-01
2.549150000000000027e-01
5.839469999999999938e-01
1.854260000000000075e-01
3.282579999999999942e-01
1.788839999999999875e-01
3.026639999999999886e-01
2.113349999999999951e-01
2.343780000000000030e-01
1.327849999999999864e-01
2.304889999999999994e-01
8.740900000000000059e-02
1.809000000000000052e-01
1.148959999999999981e-01
2.220439999999999914e-01
1.743119999999999947e-01
2.165849999999999997e-01
1.326299999999999979e-01
1.458520000000000094e-01
1.408510000000000040e-01
2.497119999999999895e-01
1.505100000000000049e-01
1.791129999999999944e-01
1.990470000000000017e-01
2.182070000000000121e-01
2.624779999999999891e-01
2.703369999999999940e-01
1.279599999999999904e-01
9.351700000000000290e-02
2.666589999999999794e-01
2.636609999999999787e-01
1.630979999999999930e-01
1.752809999999999924e-01
3.790910000000000113e-01
1.936789999999999901e-01
2.731489999999999752e-01
2.272569999999999868e-01
2.270020000000000093e-01
3.918119999999999936e-01
1.788210000000000077e-01
2.835190000000000210e-01
1.343830000000000024e-01
1.272159999999999958e-01
1.111960000000000032e-01
1.246870000000000062e-01
1.463299999999999879e-01
1.436020000000000074e-01
1.581760000000000110e-01
2.679940000000000100e-01
4.256019999999999803e-01
2.500009999999999732e-01
2.120640000000000025e-01
2.540749999999999953e-01
2.114989999999999926e-01
3.220210000000000017e-01
2.002939999999999998e-01
3.844250000000000167e-01
3.197769999999999779e-01
2.609609999999999985e-01
3.647779999999999911e-01
2.541880000000000250e-01
1.840670000000000084e-01
2.127539999999999987e-01
3.466060000000000252e-01
5.748649999999999594e-01
2.158789999999999876e-01
3.452200000000000268e-01
1.953350000000000086e-01
2.361910000000000120e-01
1.336209999999999898e-01
1.157569999999999988e-01
2.426310000000000133e-01
2.072670000000000068e-01
1.382639999999999980e-01
1.330330000000000124e-01
6.822400000000000686e-02
1.088429999999999953e-01
2.059209999999999929e-01
1.879520000000000080e-01
1.434249999999999969e-01
1.705659999999999954e-01
4.588149999999999729e-01
2.522329999999999850e-01
1.263249999999999929e-01
1.148710000000000009e-01
2.046489999999999976e-01
2.150360000000000049e-01
1.134300000000000030e-01
1.757370000000000043e-01
2.930300000000000127e-01
1.636539999999999939e-01
1.043039999999999939e-01
1.597149999999999959e-01
