1.950099999999999889e-01
2.012400000000000022e-01
3.998900000000000232e-01
5.509030000000000316e-01
1.841879999999999906e-01
3.473899999999999766e-01
5.866099999999999648e-01
3.063879999999999937e-01
5.475069999999999659e-01
2.819110000000000227e-01
4.065599999999999770e-01
7.339040000000000008e-01
4.152179999999999760e-01
2.770549999999999957e-01
3.999039999999999817e-01
2.162469999999999948e-01
2.063540000000000096e-01
2.211390000000000022e-01
2.413540000000000130e-01
2.162630000000000108e-01
1.433929999999999927e-01
2.063589999999999869e-01
4.699990000000000001e-01
3.264969999999999817e-01
1.511669999999999958e-01
2.863669999999999827e-01
2.009650000000000047e-01
2.136480000000000046e-01
3.199980000000000047e-01
2.414239999999999997e-01
2.305840000000000112e-01
2.439850000000000074e-01
1.807489999999999930e-01
1.816889999999999894e-01
1.732670000000000043e-01
1.859329999999999872e-01
1.959660000000000013e-01
1.881839999999999902e-01
2.196660000000000001e-01
2.629020000000000246e-01
1.283999999999999864e-01
2.386129999999999918e-01
2.613010000000000055e-01
2.140150000000000108e-01
1.809850000000000070e-01
2.010500000000000065e-01
3.153739999999999877e-01
2.520439999999999903e-01
2.197489999999999999e-01
1.874730000000000008e-01
1.786300000000000110e-01
2.959979999999999833e-01
1.743250000000000077e-01
2.909269999999999912e-01
2.479810000000000070e-01
1.683779999999999999e-01
4.965300000000000269e-01
3.810749999999999971e-01
3.228309999999999791e-01
5.329359999999999653e-01
1.495509999999999895e-01
2.706200000000000272e-01
2.476029999999999898e-01
1.626049999999999995e-01
2.120980000000000087e-01
3.926629999999999843e-01
2.823579999999999979e-01
4.446069999999999744e-01
2.060750000000000082e-01
2.137040000000000051e-01
2.725799999999999890e-01
3.753879999999999995e-01
4.802580000000000182e-01
2.755569999999999964e-01
2.331439999999999901e-01
3.245460000000000012e-01
2.066359999999999864e-01
3.279710000000000125e-01
3.240569999999999840e-01
1.326350000000000029e-01
1.263360000000000039e-01
1.261420000000000041e-01
1.667939999999999978e-01
3.954799999999999982e-01
2.443069999999999964e-01
1.802719999999999878e-01
1.879309999999999869e-01
1.700740000000000030e-01
3.449949999999999961e-01
2.052910000000000013e-01
1.732579999999999953e-01
1.927399999999999947e-01
2.507079999999999864e-01
2.433289999999999897e-01
2.699849999999999750e-01
1.632639999999999925e-01
1.545779999999999932e-01
4.295939999999999759e-01
1.580540000000000000e-01
2.372390000000000054e-01
1.167129999999999973e-01
2.864999999999999769e-01
2.340109999999999968e-01
1.854480000000000017e-01
1.958310000000000051e-01
1.754680000000000129e-01
1.765420000000000045e-01
2.879829999999999890e-01
2.244700000000000029e-01
4.249609999999999776e-01
2.444840000000000069e-01
2.423970000000000014e-01
2.430350000000000010e-01
2.291410000000000113e-01
2.267389999999999961e-01
1.873579999999999968e-01
2.231049999999999978e-01
3.919270000000000254e-01
2.739429999999999921e-01
2.565200000000000258e-01
1.417889999999999984e-01
1.778969999999999996e-01
3.782039999999999846e-01
2.248640000000000083e-01
1.291069999999999995e-01
1.921009999999999940e-01
2.196869999999999934e-01
2.147350000000000092e-01
2.457979999999999887e-01
2.597610000000000197e-01
2.207000000000000073e-01
2.559939999999999993e-01
2.320510000000000073e-01
1.928799999999999959e-01
2.067489999999999883e-01
1.702710000000000057e-01
2.201589999999999936e-01
3.225720000000000254e-01
2.395899999999999974e-01
1.753190000000000026e-01
6.563499999999999890e-02
1.164349999999999968e-01
2.656410000000000160e-01
3.600409999999999999e-01
2.488569999999999949e-01
2.532920000000000171e-01
2.658530000000000060e-01
3.269170000000000131e-01
2.687030000000000252e-01
2.962819999999999898e-01
2.720159999999999800e-01
2.108500000000000096e-01
2.476780000000000093e-01
3.702289999999999748e-01
3.427439999999999931e-01
3.167209999999999748e-01
3.306029999999999802e-01
5.555600000000000538e-01
2.660080000000000222e-01
4.438139999999999863e-01
1.553339999999999999e-01
1.390530000000000099e-01
