8.032300000000000550e-02
1.895820000000000005e-01
2.217010000000000092e-01
3.678170000000000051e-01
3.467629999999999879e-01
2.413079999999999947e-01
1.227069999999999966e-01
9.723999999999999311e-02
2.173779999999999879e-01
2.882959999999999967e-01
2.403170000000000028e-01
1.846849999999999881e-01
8.540100000000000469e-02
7.038099999999999912e-02
2.996469999999999967e-01
1.602800000000000058e-01
1.861410000000000009e-01
3.231399999999999828e-01
6.069419999999999815e-01
3.239799999999999902e-01
1.876200000000000090e-01
1.861680000000000001e-01
4.566299999999999804e-01
3.094169999999999976e-01
4.356100000000000250e-02
1.208729999999999943e-01
1.307760000000000034e-01
1.580120000000000136e-01
3.036400000000000210e-01
1.666739999999999888e-01
5.711979999999999835e-01
3.424769999999999759e-01
1.752180000000000126e-01
2.304499999999999882e-01
2.362339999999999995e-01
2.008989999999999942e-01
2.462560000000000027e-01
2.137340000000000073e-01
2.571729999999999849e-01
3.594510000000000205e-01
3.951970000000000205e-01
2.076349999999999862e-01
2.210580000000000045e-01
1.092499999999999999e-01
2.875300000000000078e-01
1.192229999999999956e-01
1.185260000000000064e-01
2.352180000000000104e-01
1.242739999999999956e-01
2.383220000000000061e-01
