0.229994
0.241468
0.238229
0.344413
0.412837
0.248070
0.429004
0.263636
0.260457
0.283719
0.210856
0.166807
0.397405
0.235037
0.249635
0.296897
0.315996
0.318253
0.132814
0.188140
0.317324
0.434546
0.423876
0.227059
0.552848
0.295300
0.307614
0.177574
0.199639
0.407603
0.406022
0.258586
0.352055
0.222004
0.176301
0.314996
0.194678
0.127927
0.459645
0.597235
0.279937
0.359499
0.233306
0.183320
0.253218
0.149446
0.329413
0.414024
0.327789
0.443443
0.471115
0.256935
0.162556
0.208343
0.232499
0.225801
0.331204
0.208970
0.201497
0.185895
0.111909
0.201544
0.621418
0.392031
0.262270
0.178660
0.225790
0.261551
0.339278
0.178712
0.287213
0.289858
0.165771
0.303444
0.501824
0.255158
0.117733
0.317118
0.365683
0.333424
0.297596
0.242476
0.171732
0.291696
0.156646
0.272769
0.260072
0.290621
0.258361
0.289035
0.126683
0.247386
0.241869
0.113867
0.300582
0.298266
0.314116
0.624338
0.324046
0.544944
0.189499
0.234773
0.306623
0.392568
0.282781
0.346522
0.303241
0.592965
0.231918
0.127325
0.358316
0.420323
0.492357
0.257485
0.215307
0.138079
0.322037
0.155735
0.323416
0.263411
0.489216
0.262510
0.257197
0.403636
0.183235
0.389593
0.230297
0.328253