0.088299
0.234482
0.205956
0.145282
0.129431
0.161379
0.261684
0.166589
0.186138
0.349010
0.140163
0.181450
0.246191
0.235836
0.180373
0.219716
0.193450
0.160785
0.587807
0.265199
0.117775
0.137081
0.162726
0.198073
0.311279
0.193346
0.181003
0.247952
0.206604
0.217924
0.318037
0.276425
0.228228
0.250242
0.234292
0.194118
0.261773
0.281504
0.239171
0.231812
0.181628
0.139674
0.326810
0.279318
0.217926
0.285934
0.265500
0.198210
0.624683
0.398703
0.540741
0.378624
0.241422
0.204266
0.222984
0.247192
0.218121
0.340070
0.236758
0.348908
0.161377
0.305989
0.220379
0.444886
0.236428
0.143151
0.225103
0.314885
0.215316
0.294295
0.442436
0.206335
0.532215
0.247496
0.402622
0.229921
0.143811
0.151993
0.313849
0.192206
0.117219
0.210206
0.162793
0.269653
0.302975
0.196524
0.199855
0.209475
0.150215
0.211148
0.287028
0.277053
0.492576
0.300385
0.428609
0.204921
0.321152
0.266496
0.304909
0.564611
0.156854
0.134524
0.319014
0.353373
0.312047
0.433351
0.629776
0.289185
0.258492
0.182351
0.223782
0.153955
0.150095
0.184469
0.609065
0.303044
0.402105
0.213263
0.377035
0.229648
0.201359
0.276187
0.224499
0.413676
0.264631
0.165010
0.178890
0.244944
0.225641
0.405892
0.341690
0.231240
0.179361
0.527331
0.188630
0.178315
0.245617
0.206397
0.283315
0.264446
0.144873
0.259133
0.148982
0.221411
0.259022
0.291346
0.237823
0.273868
0.449076
0.179244
0.272900
0.336062
0.135565
0.261987
0.597534
0.387129
0.359168
0.549485
0.495354
0.298306
0.200300
0.223102