3.661300000000000110e-01
1.931920000000000026e-01
1.985220000000000040e-01
1.989509999999999890e-01
2.292430000000000023e-01
2.061099999999999877e-01
3.479229999999999823e-01
5.707440000000000291e-01
4.137709999999999999e-01
2.188269999999999937e-01
5.380629999999999580e-01
2.754909999999999859e-01
4.011290000000000133e-01
3.135490000000000221e-01
9.780500000000000305e-02
1.617869999999999864e-01
2.539500000000000091e-01
4.801949999999999830e-01
2.559540000000000148e-01
2.588770000000000238e-01
3.689040000000000097e-01
2.458770000000000122e-01
2.387600000000000000e-01
1.570880000000000054e-01
3.822829999999999839e-01
3.612960000000000060e-01
2.952190000000000092e-01
4.324180000000000246e-01
1.973050000000000082e-01
1.993010000000000059e-01
2.921989999999999865e-01
3.078060000000000240e-01
3.712409999999999877e-01
2.367070000000000007e-01
2.649199999999999888e-01
4.571100000000000163e-01
1.540360000000000062e-01
2.571129999999999804e-01
9.181300000000000572e-02
1.020619999999999999e-01
1.390419999999999989e-01
1.146660000000000040e-01
1.068579999999999947e-01
2.708760000000000057e-01
8.402600000000000346e-02
1.122139999999999943e-01
1.307979999999999976e-01
3.147150000000000225e-01
4.283980000000000010e-01
2.608070000000000110e-01
4.478050000000000086e-01
2.579080000000000261e-01
2.196899999999999964e-01
2.786029999999999895e-01
2.525709999999999900e-01
3.441629999999999967e-01
1.025979999999999948e-01
1.359799999999999898e-01
2.837169999999999970e-01
2.271309999999999996e-01
3.682869999999999755e-01
1.840070000000000039e-01
1.549649999999999916e-01
1.594720000000000026e-01
3.809100000000000263e-01
2.252550000000000108e-01
4.283950000000000258e-01
3.100570000000000270e-01
1.887610000000000121e-01
1.376000000000000001e-01
1.491629999999999900e-01
2.716169999999999973e-01
