3.653799999999999826e-01
2.384660000000000113e-01
4.088419999999999832e-01
3.724729999999999985e-01
3.630430000000000046e-01
1.965000000000000080e-01
5.389869999999999939e-01
2.832040000000000113e-01
2.714750000000000218e-01
3.912359999999999727e-01
6.357909999999999950e-01
3.164480000000000071e-01
2.110589999999999966e-01
2.335939999999999961e-01
1.280719999999999914e-01
1.239529999999999937e-01
1.883599999999999997e-01
2.624520000000000186e-01
2.501680000000000015e-01
1.415490000000000081e-01
1.820710000000000106e-01
1.865749999999999909e-01
2.275020000000000098e-01
4.755190000000000250e-01
1.428159999999999985e-01
2.937060000000000226e-01
1.570920000000000094e-01
1.895380000000000120e-01
2.896560000000000246e-01
1.843569999999999931e-01
2.388589999999999880e-01
3.809699999999999753e-01
2.342029999999999945e-01
1.126660000000000023e-01
5.939470000000000027e-01
3.181660000000000044e-01
3.981970000000000232e-01
6.886989999999999501e-01
3.267240000000000144e-01
2.328959999999999919e-01
1.533130000000000048e-01
4.596689999999999943e-01
1.960449999999999970e-01
1.815180000000000127e-01
2.814980000000000260e-01
3.006900000000000128e-01
3.336049999999999849e-01
1.370250000000000079e-01
9.364899999999999614e-02
2.524870000000000170e-01
1.960369999999999890e-01
3.839049999999999963e-01
5.140369999999999662e-01
1.769689999999999874e-01
1.374789999999999901e-01
2.026630000000000098e-01
2.173100000000000032e-01
3.134580000000000144e-01
3.983740000000000059e-01
2.276980000000000115e-01
8.294400000000000384e-02
2.195630000000000082e-01
9.190099999999999658e-02
2.040140000000000009e-01
1.033749999999999947e-01
3.045039999999999969e-01
1.565400000000000125e-01
1.916650000000000020e-01
1.846379999999999966e-01
7.306500000000000494e-02
2.187830000000000052e-01
3.024809999999999999e-01
4.631890000000000174e-01
3.125850000000000017e-01
1.748129999999999962e-01
1.832509999999999972e-01
1.966390000000000082e-01
2.730389999999999762e-01
1.995510000000000062e-01
3.273019999999999818e-01
1.204130000000000061e-01
3.401080000000000214e-01
1.473450000000000037e-01
1.888660000000000061e-01
1.572469999999999979e-01
2.705750000000000099e-01
3.848539999999999739e-01
2.158970000000000056e-01
3.882479999999999820e-01
5.087650000000000228e-01
1.641130000000000089e-01
3.277399999999999758e-01
3.911149999999999904e-01
2.091929999999999901e-01
2.290669999999999928e-01
3.248940000000000161e-01
8.895300000000000429e-02
9.218899999999999317e-02
