0.174801
0.272509
0.233612
0.337857
0.270952
0.264377
0.241158
0.313513
0.218497
0.195432
0.443177
0.313038
0.165848
0.332048
0.177549
0.156162
0.350533
0.150931
0.164971
0.338096
0.258374
0.420509
0.177777
0.178867
0.151717
0.235850
0.267343
0.147208
0.106179
0.182963
0.199694
0.314208
0.303913
0.176185
0.549404
0.275745
0.131257
0.251566
0.299696
0.128278
0.145777
0.324204
0.335616
0.188649
0.285988
0.130468
0.251961
0.468648
0.256258
0.332514
0.371987
0.187117
0.513979
0.237706
0.140764
0.152099
0.382102
0.616598
0.685827
0.339769
0.352220
0.102157
0.312642
0.554190
0.336885
0.576645
0.207671
0.321668
0.532723
0.726561
0.224903
0.422252
0.268246
0.126637
0.146944
0.397396
0.154797
0.332770
0.307578
0.204550
0.140664
0.105022
0.187257
0.175105
0.220746
0.137861
0.111884
0.132426
0.089071
0.114379
0.083396
0.327636
0.098295
0.110857
0.222654
0.147535
0.501654
0.289542
0.564071
0.220517
0.448736
0.231532
0.227044
0.157999
0.140687
0.313928
0.421522
0.186918
0.087837
0.180442
0.315088
0.240538
0.238398
0.215131
0.264278
0.275475
0.303353
0.321941
0.228817
0.202687
0.242880
0.342848
0.259411
0.301664
0.149025
0.164124
0.088089
0.153531