8.609200000000000186e-02
1.471689999999999943e-01
4.095639999999999836e-01
3.063730000000000064e-01
4.899729999999999919e-01
2.363449999999999995e-01
4.313420000000000032e-01
1.149840000000000029e-01
1.876730000000000065e-01
2.656950000000000145e-01
2.165980000000000127e-01
4.507650000000000268e-01
3.969539999999999735e-01
2.898370000000000113e-01
6.025460000000000260e-01
2.729980000000000184e-01
9.400400000000000422e-02
1.852010000000000045e-01
3.317439999999999833e-01
4.567780000000000173e-01
4.566459999999999964e-01
2.877930000000000210e-01
7.820299999999999474e-02
1.975079999999999891e-01
4.245019999999999905e-01
2.348200000000000010e-01
5.049470000000000347e-01
3.153190000000000159e-01
1.908239999999999936e-01
4.067970000000000197e-01
2.468269999999999909e-01
4.253750000000000031e-01
1.056369999999999948e-01
1.662569999999999881e-01
2.530769999999999964e-01
3.131459999999999799e-01
1.236850000000000033e-01
4.146619999999999751e-01
9.711599999999999400e-02
8.870300000000000407e-02
3.659020000000000050e-01
1.776749999999999996e-01
2.963230000000000031e-01
1.649700000000000055e-01
3.251519999999999966e-01
3.469409999999999994e-01
1.509459999999999968e-01
2.128110000000000002e-01
5.118279999999999497e-01
2.412529999999999952e-01
4.529549999999999965e-01
6.717229999999999590e-01
4.989410000000000234e-01
4.215869999999999895e-01
5.159730000000000150e-01
4.342050000000000076e-01
1.963600000000000068e-01
3.650979999999999781e-01
2.139199999999999990e-01
5.492879999999999985e-01
5.168319999999999581e-01
3.268139999999999934e-01
3.495710000000000206e-01
1.977250000000000119e-01
1.707289999999999919e-01
3.329380000000000117e-01
2.705080000000000262e-01
4.000420000000000087e-01
5.143820000000000059e-01
6.610850000000000337e-01
1.387039999999999940e-01
4.355229999999999935e-01
1.907550000000000079e-01
2.587639999999999940e-01
4.838649999999999896e-01
1.487779999999999936e-01
5.008019999999999694e-01
6.987349999999999950e-01
3.147369999999999890e-01
2.214220000000000077e-01
1.130599999999999938e-01
1.625129999999999908e-01
2.146689999999999987e-01
3.715870000000000006e-01
2.355369999999999964e-01
4.013660000000000005e-01
1.160049999999999970e-01
3.174120000000000275e-01
2.306449999999999889e-01
1.474650000000000127e-01
1.078329999999999983e-01
2.726239999999999775e-01
2.928560000000000052e-01
3.550289999999999835e-01
1.903819999999999957e-01
4.615920000000000023e-01
1.268209999999999893e-01
9.580099999999999727e-02
4.119329999999999936e-01
3.432040000000000091e-01
3.509439999999999782e-01
9.556199999999999417e-02
1.003369999999999956e-01
1.590290000000000037e-01
1.943779999999999952e-01
2.733860000000000179e-01
2.513859999999999983e-01
5.344590000000000174e-01
2.458400000000000030e-01
4.111440000000000095e-01
1.737489999999999868e-01
1.522189999999999932e-01
2.485860000000000014e-01
1.427789999999999893e-01
5.002210000000000267e-01
4.203459999999999974e-01
4.431669999999999776e-01
2.331370000000000109e-01
4.324419999999999931e-01
1.125020000000000048e-01
2.285520000000000052e-01
4.492809999999999859e-01
2.277029999999999887e-01
3.833529999999999993e-01
3.917840000000000211e-01
3.271399999999999864e-01
1.577999999999999958e-01
2.031600000000000072e-01
