9.238999999999999990e-02
1.541200000000000070e-01
1.915090000000000126e-01
1.686670000000000114e-01
1.423850000000000116e-01
1.899270000000000125e-01
1.383320000000000105e-01
1.706840000000000024e-01
1.645310000000000106e-01
2.567729999999999735e-01
1.975139999999999951e-01
2.044870000000000021e-01
1.687629999999999963e-01
1.987530000000000130e-01
2.683579999999999854e-01
1.440929999999999989e-01
1.052320000000000061e-01
1.496099999999999930e-01
1.899319999999999897e-01
1.097420000000000062e-01
3.003660000000000219e-01
2.362900000000000000e-01
1.793720000000000037e-01
2.166700000000000015e-01
2.315290000000000126e-01
2.528969999999999829e-01
2.522550000000000070e-01
4.863339999999999885e-01
2.688760000000000039e-01
3.075109999999999788e-01
4.484239999999999893e-01
3.639470000000000205e-01
1.775750000000000106e-01
3.371489999999999765e-01
3.330919999999999992e-01
2.100750000000000117e-01
1.668429999999999913e-01
1.937869999999999870e-01
2.372670000000000057e-01
3.980130000000000057e-01
1.743059999999999887e-01
2.598590000000000066e-01
1.248719999999999969e-01
2.362980000000000080e-01
1.090450000000000030e-01
2.023290000000000088e-01
3.100789999999999935e-01
1.732430000000000081e-01
2.734090000000000131e-01
2.257830000000000115e-01
2.573529999999999984e-01
1.606549999999999923e-01
2.017319999999999947e-01
1.487320000000000031e-01
1.392259999999999887e-01
1.886519999999999864e-01
1.492719999999999880e-01
1.311609999999999998e-01
1.756449999999999956e-01
3.667670000000000097e-01
2.734429999999999916e-01
3.084040000000000115e-01
3.367820000000000258e-01
5.492029999999999967e-01
2.658559999999999812e-01
2.148829999999999907e-01
1.690589999999999871e-01
1.488750000000000073e-01
3.097380000000000133e-01
3.138349999999999751e-01
5.245159999999999823e-01
4.093249999999999944e-01
5.910220000000000473e-01
3.515929999999999889e-01
3.566860000000000031e-01
2.306199999999999917e-01
2.165439999999999865e-01
1.987049999999999927e-01
2.322700000000000042e-01
2.266370000000000051e-01
2.023780000000000023e-01
2.710250000000000159e-01
2.327799999999999869e-01
2.079419999999999880e-01
2.318900000000000128e-01
3.594049999999999745e-01
1.856269999999999865e-01
1.807340000000000058e-01
1.391179999999999917e-01
2.268499999999999961e-01
2.305300000000000127e-01
2.233559999999999990e-01
2.364169999999999883e-01
2.260320000000000107e-01
1.767189999999999872e-01
1.819050000000000111e-01
1.776220000000000021e-01
1.415319999999999911e-01
1.961330000000000018e-01
2.174639999999999906e-01
2.499389999999999945e-01
2.645080000000000209e-01
1.844189999999999996e-01
2.886500000000000177e-01
4.160409999999999942e-01
2.298449999999999938e-01
1.801470000000000016e-01
1.862030000000000074e-01
2.789579999999999838e-01
2.629759999999999875e-01
1.500789999999999902e-01
1.420339999999999936e-01
2.481049999999999922e-01
2.282919999999999949e-01
2.048149999999999971e-01
3.570119999999999960e-01
1.976019999999999999e-01
1.688169999999999948e-01
2.022110000000000019e-01
2.183819999999999928e-01
1.478500000000000092e-01
2.394129999999999869e-01
1.076750000000000068e-01
1.982389999999999985e-01
1.942669999999999952e-01
1.404910000000000048e-01
1.490410000000000068e-01
1.123780000000000057e-01
2.338689999999999936e-01
2.092189999999999883e-01
2.383089999999999931e-01
1.794600000000000084e-01
8.829399999999999749e-02
1.995000000000000107e-01
1.249650000000000066e-01
1.607800000000000062e-01
2.394080000000000097e-01
1.364350000000000007e-01
1.545789999999999942e-01
1.793659999999999977e-01
3.326109999999999900e-01
1.784860000000000058e-01
2.541740000000000110e-01
2.593520000000000270e-01
2.203849999999999976e-01
2.603159999999999918e-01
1.999160000000000104e-01
2.345069999999999932e-01
3.304150000000000142e-01
6.083600000000000119e-01
2.814679999999999960e-01
3.216419999999999835e-01
2.311370000000000091e-01
2.913709999999999911e-01
1.041770000000000057e-01
1.465299999999999936e-01
1.930620000000000114e-01
3.856399999999999828e-01
2.557369999999999921e-01
1.884190000000000031e-01
3.552669999999999995e-01
7.860669999999999602e-01
2.446550000000000114e-01
2.796989999999999754e-01
5.357169999999999987e-01
3.189130000000000020e-01
2.477330000000000088e-01
2.080510000000000137e-01
3.768340000000000023e-01
2.330049999999999899e-01
3.511380000000000057e-01
3.128429999999999822e-01
3.126800000000000135e-01
2.279249999999999887e-01
1.429610000000000047e-01
2.220060000000000089e-01
1.104160000000000003e-01
1.263789999999999913e-01
3.165649999999999853e-01
5.686489999999999601e-01
3.175910000000000122e-01
1.578589999999999993e-01
4.398279999999999967e-01
2.377029999999999976e-01
1.844210000000000016e-01
2.325840000000000130e-01
1.668930000000000136e-01
2.201390000000000013e-01
2.156579999999999886e-01
3.086220000000000074e-01
2.445469999999999866e-01
2.729619999999999824e-01
2.655950000000000255e-01
4.707890000000000130e-01
3.411330000000000195e-01
1.699950000000000072e-01
1.210870000000000002e-01
1.601380000000000026e-01
1.139170000000000044e-01
1.731290000000000051e-01
