0.220767
0.282173
0.385473
0.260423
0.171025
0.188227
0.320316
0.442897
0.115666
0.153787
0.343154
0.156260
0.227691
0.142059
0.322219
0.600434
0.145223
0.299948
0.209314
0.339588
0.258786
0.428353
0.152346
0.388884
0.197359
0.123899
0.258543
0.152028
0.149069
0.115443
0.179496
0.151070
0.146713
0.171521
0.273664
0.184602
0.270104
0.159102
0.123816
0.157443
0.410948
0.729076
0.436138
0.569510
0.136803
0.159723
0.345313
0.213046
0.416882
0.219217
0.396625
0.602012
0.215930
0.239136
0.350002
0.291552
0.329176
0.169178
0.218163
0.236536
0.309230
0.322273
0.312502
0.372283
0.194138
0.194410
0.203717
0.177303
0.164151
0.177723
0.230899
0.303310
0.260550
0.517504
0.361052
0.210300
0.255414
0.198576
0.336299
0.170703
0.150509
0.383293
0.304188
0.401268
0.513121
0.208279
0.449057
0.319574
0.085570
0.138055
0.193583
0.366880
0.149166
0.252851
0.356335
0.219079
0.605877
0.349104
0.202892
0.183561
0.326522
0.257816
0.303865
0.257772
0.211082
0.192015
0.198302
0.176104
0.171497
0.194520
0.159681
0.275535
0.306394
0.218899
0.595598
0.331618
0.202821
0.229728
0.355860
0.232034
0.262133
0.283911
0.253432
0.216184
0.161328
0.131314
0.309795
0.191417
0.258165
0.145993
0.351908
0.178642
0.134940
0.233106
0.307869
0.252498
0.178406
0.244561
0.162259
0.210761
0.278867
0.266202
0.353608
0.528375
0.156165
0.150763
0.222686
0.320976
0.133823
0.155024
0.272145
0.437598
0.171898
0.383725
0.175388
0.304931
0.293056
0.169185
0.239965
0.144763
0.142429
0.473128
0.530967
0.398298
0.549067
0.228512
0.216465
0.312738
0.462906
0.193602
0.214407
0.382003
0.201032
0.264766
0.373685
0.260274
0.170584
0.132065
0.233891
0.223133
0.337059
0.322053
0.323753
0.379573
0.229581
0.358423
0.507957
0.351757
0.316513
0.184963
0.437196
0.285814
0.270331
0.553201
0.371788
0.180975
0.291060
0.211643
0.182842
0.122273