0.148010
0.322944
0.381942
0.216166
0.348685
0.151059
0.183381
0.179133
0.178684
0.223843
0.212622
0.189006
0.188818
0.247048
0.152060
0.188459
0.181865
0.145707
0.199763
0.320940
0.376728
0.606636
0.156817
0.184145
0.277414
0.437471
0.242709
0.403903
0.294605
0.532756
0.233758
0.338040
0.215301
0.307590
0.247219
0.483720
0.507256
0.170756
0.366022
0.241098
0.308289
0.327878
0.245817
0.194281
0.145360
0.245467
0.192348
0.196734
0.187179
0.238373
0.248385
0.210387
0.174723
0.256628
0.213293
0.398954
0.314543
0.185517
0.210077
0.242884
0.390209
0.166564
0.230418
0.356748
0.263576
0.176486
0.126380
0.179385
0.234312
0.259772
0.281623
0.519925
0.247814
0.303788
0.251571
0.421554
0.187506
0.188168
0.217638
0.384991
0.347628
0.208420
0.171861
0.330515
0.261269
0.210769
0.191703
0.136107
0.097851
0.178337
0.156351
0.251210
0.270539
0.214829
0.206957
0.169401
0.152385
0.380642
0.206261
0.337649
0.366658
0.594819
0.336736
0.219384
0.233013
0.434852
0.237244
0.391141
0.288632
0.200858
0.179179
0.254944
0.501933
0.302832
0.230278
0.413496
0.169852
0.207049
0.349825
0.258070
0.339002
0.267007
0.207157
0.286517
0.240801
0.324158
0.185141
0.155540
0.401259
0.233222
0.231736
0.377991
0.158559
0.224066
0.195474
0.172233
0.273463
0.188815
0.249012
0.282350
0.337490
0.289651
0.215507
0.330227
0.267662
0.210873
0.200814
0.187327
0.263245
0.190888
0.238200
0.231854
0.518118
0.299438
0.135634
0.168984
0.165970
0.191875
0.480251
0.327975
0.204743
0.400354
0.670368
0.454119
0.200265
0.297393
0.165527
0.249013
0.190813
0.282346
0.513539
0.313899
0.233455
0.319898
0.193123
0.254276
0.120825
0.135392
0.576494
0.403833
0.210930
0.382435
0.313007
0.210900
0.207444
0.266643
0.219391
0.393547
0.203385
0.227348
0.300072
0.159411
0.297413
0.466628
0.197207
0.203538
0.184022
0.182279
0.162763
0.196070