1.304680000000000006e-01
2.017970000000000041e-01
3.896689999999999876e-01
2.819490000000000052e-01
2.350700000000000012e-01
4.359819999999999807e-01
4.913250000000000117e-01
3.031190000000000273e-01
2.457529999999999992e-01
3.242610000000000214e-01
3.703339999999999965e-01
6.353640000000000398e-01
2.177800000000000014e-01
3.765430000000000166e-01
4.229410000000000114e-01
2.388810000000000100e-01
1.792569999999999997e-01
1.482690000000000119e-01
1.682589999999999919e-01
1.766069999999999862e-01
3.240770000000000040e-01
2.205459999999999920e-01
1.300509999999999999e-01
1.773329999999999906e-01
2.613079999999999847e-01
2.644270000000000231e-01
2.788649999999999740e-01
2.600970000000000226e-01
2.131649999999999934e-01
1.941029999999999978e-01
2.634329999999999727e-01
2.192860000000000087e-01
2.782129999999999881e-01
2.979870000000000019e-01
3.156189999999999829e-01
3.617699999999999805e-01
4.456849999999999978e-01
3.059319999999999817e-01
1.785849999999999937e-01
1.530519999999999936e-01
2.135499999999999898e-01
4.196849999999999747e-01
3.396179999999999755e-01
3.415079999999999782e-01
3.346000000000000085e-01
1.755089999999999983e-01
2.583810000000000273e-01
3.117340000000000111e-01
5.532340000000000035e-01
3.659709999999999908e-01
3.728110000000000035e-01
1.966539999999999955e-01
5.952450000000000241e-01
4.223790000000000044e-01
2.094779999999999975e-01
4.979190000000000005e-01
1.927560000000000107e-01
2.678829999999999822e-01
2.100799999999999890e-01
3.722349999999999826e-01
1.374209999999999876e-01
2.041789999999999994e-01
2.601709999999999856e-01
1.963920000000000110e-01
2.232030000000000125e-01
3.159080000000000221e-01
2.187999999999999945e-01
3.486049999999999982e-01
1.431310000000000082e-01
1.998000000000000054e-01
1.805519999999999903e-01
1.611150000000000082e-01
1.383659999999999890e-01
1.961060000000000025e-01
2.254730000000000067e-01
3.410170000000000146e-01
1.263390000000000069e-01
9.984099999999999919e-02
1.192160000000000025e-01
2.350420000000000009e-01
1.542820000000000025e-01
2.441949999999999954e-01
2.947509999999999852e-01
3.379570000000000074e-01
3.896100000000000119e-01
1.724479999999999902e-01
2.949959999999999805e-01
3.103239999999999887e-01
1.533519999999999883e-01
1.809099999999999875e-01
5.798109999999999653e-01
3.258480000000000265e-01
3.011360000000000148e-01
3.989730000000000221e-01
2.451359999999999928e-01
4.568429999999999991e-01
2.200930000000000109e-01
2.959910000000000041e-01
1.813059999999999949e-01
3.543499999999999983e-01
1.065920000000000062e-01
1.549250000000000071e-01
3.598600000000000132e-01
4.293089999999999962e-01
3.506319999999999992e-01
1.160909999999999997e-01
2.440890000000000004e-01
2.866779999999999884e-01
3.284670000000000090e-01
1.630520000000000025e-01
1.378780000000000006e-01
2.580330000000000124e-01
3.386770000000000058e-01
2.124810000000000032e-01
1.975889999999999869e-01
4.221880000000000077e-01
1.454570000000000030e-01
2.817709999999999937e-01
1.118139999999999967e-01
2.410009999999999930e-01
3.436640000000000250e-01
2.122570000000000012e-01
2.305510000000000059e-01
1.765750000000000097e-01
1.993759999999999977e-01
2.574469999999999814e-01
2.945599999999999885e-01
4.476910000000000056e-01
1.838519999999999877e-01
2.095430000000000070e-01
1.943189999999999917e-01
2.387150000000000105e-01
1.682599999999999929e-01
2.934160000000000101e-01
3.923409999999999953e-01
2.813620000000000010e-01
1.590749999999999942e-01
1.772509999999999919e-01
1.738669999999999938e-01
1.445460000000000078e-01
2.918609999999999816e-01
1.886380000000000001e-01
2.821230000000000127e-01
2.704070000000000085e-01
4.061230000000000118e-01
3.065899999999999737e-01
4.267739999999999867e-01
1.838450000000000084e-01
2.178630000000000011e-01
2.823470000000000146e-01
3.643959999999999977e-01
2.393899999999999917e-01
3.098600000000000243e-01
4.507419999999999760e-01
2.460529999999999939e-01
4.273060000000000191e-01
1.579859999999999876e-01
1.410160000000000025e-01
1.379970000000000085e-01
1.940790000000000015e-01
2.382549999999999946e-01
2.638789999999999747e-01
3.610459999999999781e-01
3.264940000000000064e-01
3.493720000000000159e-01
3.717710000000000181e-01
3.285770000000000080e-01
2.404830000000000023e-01
5.299679999999999946e-01
3.366439999999999988e-01
3.256970000000000143e-01
3.138219999999999898e-01
2.558549999999999991e-01
3.826419999999999821e-01
4.323730000000000073e-01
3.653739999999999766e-01
3.081900000000000195e-01
2.136780000000000068e-01
2.160739999999999883e-01
2.558599999999999763e-01
4.522920000000000273e-01
2.179329999999999878e-01
4.148209999999999953e-01
5.906780000000000364e-01
5.304170000000000273e-01
7.409419999999999895e-01
3.365890000000000271e-01
2.703409999999999980e-01
2.575950000000000184e-01
3.822139999999999982e-01
2.246269999999999933e-01
3.756869999999999932e-01
2.484540000000000082e-01
4.298150000000000026e-01
7.751829999999999554e-01
5.250399999999999512e-01
4.244330000000000047e-01
2.776859999999999884e-01
1.494699999999999918e-01
1.924180000000000057e-01
