1.330679999999999918e-01
1.131989999999999941e-01
3.019200000000000217e-01
3.935480000000000089e-01
2.972449999999999815e-01
3.301589999999999803e-01
6.811220000000000052e-01
4.818410000000000193e-01
6.703400000000000469e-01
3.252050000000000218e-01
2.480159999999999865e-01
1.432430000000000092e-01
1.464320000000000066e-01
2.738280000000000158e-01
8.061850000000000405e-01
3.444769999999999777e-01
3.378280000000000172e-01
6.159289999999999488e-01
9.575300000000000478e-02
1.024850000000000066e-01
8.848200000000000509e-02
2.648070000000000146e-01
1.943390000000000117e-01
1.391259999999999997e-01
1.795100000000000029e-01
1.763160000000000005e-01
1.661910000000000054e-01
1.598680000000000101e-01
1.353610000000000091e-01
1.114659999999999956e-01
8.646399999999999919e-02
8.939500000000000224e-02
1.259919999999999929e-01
1.606029999999999958e-01
1.780579999999999941e-01
1.240649999999999947e-01
1.522959999999999869e-01
1.692110000000000003e-01
3.622360000000000024e-01
5.293579999999999952e-01
2.070649999999999991e-01
2.196839999999999904e-01
3.094459999999999988e-01
2.998540000000000094e-01
2.413780000000000092e-01
2.883260000000000267e-01
1.933040000000000036e-01
1.617000000000000104e-01
2.700910000000000255e-01
1.575499999999999956e-01
2.123289999999999900e-01
2.878180000000000183e-01
3.314360000000000084e-01
5.070839999999999792e-01
1.555390000000000106e-01
1.350810000000000066e-01
1.618090000000000084e-01
3.276749999999999940e-01
4.396510000000000140e-01
2.750560000000000227e-01
1.670810000000000073e-01
2.365740000000000065e-01
4.825889999999999902e-01
1.943390000000000117e-01
3.374969999999999914e-01
1.793170000000000042e-01
1.155150000000000066e-01
2.011550000000000005e-01
2.387650000000000050e-01
1.485370000000000024e-01
1.690210000000000046e-01
2.541809999999999903e-01
1.416640000000000121e-01
1.097319999999999962e-01
2.098639999999999950e-01
3.141379999999999728e-01
1.764739999999999920e-01
2.667999999999999816e-01
3.260890000000000177e-01
4.107779999999999765e-01
1.976330000000000031e-01
2.470459999999999878e-01
3.232510000000000105e-01
1.603870000000000018e-01
1.084080000000000044e-01
1.249770000000000048e-01
2.560410000000000186e-01
1.304049999999999931e-01
1.848559999999999925e-01
2.409010000000000040e-01
1.853140000000000065e-01
1.448979999999999990e-01
4.026390000000000247e-01
5.478539999999999521e-01
3.639169999999999905e-01
5.195560000000000178e-01
3.793719999999999870e-01
2.867739999999999734e-01
2.870679999999999898e-01
2.332170000000000076e-01
1.242570000000000063e-01
1.842560000000000031e-01
1.207190000000000069e-01
1.449139999999999873e-01
3.093190000000000106e-01
1.970780000000000032e-01
3.081349999999999922e-01
2.725389999999999757e-01
2.077730000000000132e-01
3.667650000000000077e-01
4.122750000000000026e-01
2.923600000000000088e-01
3.378650000000000264e-01
2.978589999999999849e-01
2.908450000000000202e-01
4.487249999999999850e-01
2.207129999999999925e-01
3.669870000000000076e-01
2.455179999999999862e-01
4.743390000000000106e-01
1.521220000000000072e-01
1.093120000000000064e-01
2.073149999999999993e-01
3.679999999999999938e-01
3.269179999999999864e-01
2.985659999999999981e-01
3.237909999999999955e-01
1.926910000000000012e-01
2.502610000000000112e-01
3.287680000000000047e-01
2.534560000000000146e-01
2.445170000000000121e-01
3.682000000000000273e-01
2.111069999999999891e-01
3.137579999999999814e-01
1.454159999999999897e-01
2.353310000000000124e-01
1.625149999999999928e-01
1.292270000000000085e-01
1.505529999999999924e-01
1.007019999999999998e-01
1.635860000000000092e-01
1.746669999999999889e-01
2.821520000000000139e-01
2.227860000000000118e-01
1.322720000000000007e-01
3.125160000000000160e-01
2.189129999999999965e-01
2.104570000000000052e-01
2.298350000000000115e-01
2.561280000000000223e-01
2.917370000000000241e-01
2.161409999999999998e-01
2.643490000000000006e-01
2.448150000000000048e-01
1.797340000000000049e-01
1.908179999999999876e-01
1.159609999999999946e-01
2.151810000000000112e-01
2.173980000000000079e-01
1.027219999999999939e-01
2.065240000000000131e-01
