0.502562
0.329967
0.578880
0.352060
0.179083
0.146091
0.311344
0.491603
0.438867
0.316235
0.512261
0.312169
0.216008
0.364106
0.198951
0.239666
0.137734
0.292806
0.175110
0.177538
0.363254
0.521633
0.270650
0.191897
0.317142
0.232099
0.317484
0.310107
0.426792
0.296355
0.537383
0.355620
0.467636
0.294437
0.291978
0.236328
0.186115
0.193138
0.510261
0.349666
0.222219
0.130924
0.130193
0.149326
0.326407
0.327919
0.496374
0.311305
0.175452
0.155810
0.411776
0.206866
0.119531
0.208545
0.171763
0.188903
0.230748
0.294040
0.385194
0.197023
0.186301
0.312566
0.322369
0.136595
0.136367
0.121779
0.161706
0.167585
0.305960
0.289683
0.126644
0.189687