1.072049999999999947e-01
1.404739999999999878e-01
2.973759999999999737e-01
3.182139999999999969e-01
2.762499999999999956e-01
4.806219999999999937e-01
1.248200000000000004e-01
1.191330000000000028e-01
4.423320000000000030e-01
2.640230000000000077e-01
1.678560000000000052e-01
2.198579999999999979e-01
1.955230000000000024e-01
8.992500000000000493e-02
4.313279999999999892e-01
2.214689999999999992e-01
1.347750000000000059e-01
1.683969999999999911e-01
2.622889999999999944e-01
4.540060000000000207e-01
2.140539999999999943e-01
3.012679999999999803e-01
3.204299999999999926e-01
1.713860000000000106e-01
6.851200000000000345e-02
1.509350000000000136e-01
8.842899999999999372e-02
1.107920000000000016e-01
1.052639999999999965e-01
2.009849999999999970e-01
2.524700000000000277e-01
4.901349999999999874e-01
3.971810000000000063e-01
3.835759999999999725e-01
2.979629999999999779e-01
2.262599999999999889e-01
2.067360000000000031e-01
1.451570000000000082e-01
2.275310000000000110e-01
2.891029999999999989e-01
1.666320000000000023e-01
1.353600000000000081e-01
1.900209999999999955e-01
2.812669999999999892e-01
1.309430000000000038e-01
2.463650000000000007e-01
8.247400000000000564e-02
1.583110000000000073e-01
5.254500000000000143e-02
1.712190000000000101e-01
