2.638949999999999907e-01
2.988999999999999990e-01
1.985310000000000130e-01
1.922949999999999937e-01
2.367029999999999967e-01
4.613820000000000143e-01
2.608679999999999888e-01
1.515950000000000075e-01
3.026989999999999958e-01
3.127499999999999725e-01
2.123430000000000040e-01
1.993779999999999997e-01
2.452870000000000050e-01
1.484560000000000046e-01
1.516470000000000040e-01
3.134069999999999911e-01
3.193190000000000195e-01
3.090209999999999901e-01
1.944760000000000100e-01
1.582379999999999898e-01
2.234869999999999912e-01
3.617049999999999987e-01
1.368570000000000064e-01
2.923200000000000243e-01
3.838770000000000238e-01
2.156869999999999898e-01
1.907580000000000109e-01
1.595479999999999954e-01
3.047790000000000221e-01
2.137189999999999923e-01
3.484889999999999932e-01
1.543299999999999950e-01
2.944620000000000015e-01
3.198090000000000099e-01
3.620820000000000149e-01
1.902059999999999862e-01
1.278199999999999892e-01
3.249699999999999811e-01
1.432769999999999877e-01
2.669279999999999986e-01
3.766669999999999741e-01
3.042960000000000109e-01
1.846369999999999956e-01
2.348649999999999904e-01
1.958479999999999943e-01
2.311400000000000121e-01
1.872640000000000138e-01
9.815200000000000313e-02
3.469599999999999906e-01
4.151270000000000238e-01
1.606360000000000010e-01
3.318369999999999931e-01
4.039539999999999798e-01
2.636780000000000235e-01
4.688740000000000130e-01
3.710910000000000042e-01
3.492049999999999876e-01
4.374879999999999880e-01
2.140890000000000015e-01
4.891349999999999865e-01
4.213290000000000091e-01
3.035820000000000185e-01
1.853930000000000022e-01
4.278379999999999961e-01
2.710679999999999756e-01
2.095490000000000130e-01
2.850960000000000161e-01
1.881919999999999982e-01
3.088890000000000247e-01
4.901440000000000241e-01
1.405520000000000103e-01
2.977600000000000247e-01
2.663800000000000057e-01
3.166100000000000025e-01
3.506449999999999845e-01
2.427070000000000061e-01
2.327049999999999952e-01
1.160059999999999980e-01
1.465819999999999901e-01
3.125859999999999750e-01
6.485969999999999791e-01
3.841669999999999807e-01
3.257729999999999793e-01
2.040349999999999941e-01
1.745099999999999985e-01
4.100460000000000216e-01
1.815539999999999932e-01
3.369960000000000178e-01
4.128089999999999815e-01
2.315629999999999911e-01
1.826520000000000088e-01
1.794320000000000082e-01
5.727389999999999981e-01
3.229929999999999746e-01
1.534679999999999933e-01
1.744699999999999862e-01
3.234090000000000020e-01
2.029380000000000073e-01
1.900390000000000135e-01
3.225100000000000189e-01
1.939879999999999938e-01
3.025289999999999924e-01
1.535690000000000111e-01
2.142340000000000078e-01
3.805529999999999746e-01
2.277879999999999905e-01
2.340969999999999995e-01
1.571480000000000099e-01
1.201529999999999959e-01
2.313979999999999926e-01
1.085969999999999991e-01
1.824890000000000123e-01
4.293620000000000214e-01
3.552109999999999990e-01
5.774310000000000276e-01
4.116150000000000087e-01
2.710620000000000251e-01
4.360010000000000274e-01
1.944470000000000087e-01
3.765660000000000118e-01
8.170070000000000388e-01
5.158549999999999525e-01
5.129799999999999915e-01
2.010160000000000002e-01
6.467610000000000303e-01
3.949219999999999953e-01
3.153670000000000084e-01
1.845779999999999921e-01
