8.804199999999999526e-02
1.663129999999999886e-01
2.763619999999999965e-01
1.796190000000000009e-01
3.028159999999999741e-01
3.064060000000000117e-01
3.120879999999999765e-01
1.780200000000000116e-01
1.543319999999999970e-01
3.115140000000000131e-01
3.003739999999999744e-01
3.109649999999999914e-01
2.893419999999999881e-01
4.793799999999999728e-01
3.274250000000000216e-01
2.468349999999999989e-01
1.779060000000000086e-01
1.223149999999999932e-01
2.295270000000000088e-01
2.097739999999999883e-01
1.115519999999999984e-01
1.611799999999999899e-01
3.597719999999999807e-01
2.321850000000000025e-01
2.613929999999999865e-01
2.868299999999999739e-01
1.726109999999999867e-01
3.381270000000000109e-01
2.797620000000000107e-01
4.115590000000000082e-01
5.161179999999999657e-01
3.359039999999999804e-01
3.631329999999999836e-01
1.861510000000000109e-01
2.070649999999999991e-01
2.115769999999999873e-01
1.724749999999999894e-01
1.507419999999999871e-01
1.983759999999999968e-01
1.578299999999999981e-01
1.774540000000000006e-01
2.957589999999999941e-01
2.273040000000000060e-01
4.143939999999999846e-01
1.128080000000000055e-01
1.156500000000000028e-01
1.811909999999999910e-01
2.808939999999999770e-01
2.003119999999999901e-01
3.260739999999999750e-01
2.106780000000000042e-01
3.314480000000000204e-01
1.503569999999999907e-01
1.612619999999999887e-01
2.403740000000000043e-01
1.489099999999999868e-01
2.331850000000000034e-01
2.062249999999999917e-01
2.911630000000000051e-01
2.593179999999999930e-01
1.617270000000000096e-01
1.776240000000000041e-01
1.397770000000000123e-01
1.338560000000000028e-01
3.621429999999999927e-01
2.553309999999999746e-01
2.510080000000000089e-01
2.356129999999999891e-01
2.651830000000000020e-01
4.416599999999999970e-01
4.032479999999999953e-01
2.157360000000000111e-01
2.167870000000000075e-01
2.491450000000000053e-01
3.090289999999999981e-01
6.899809999999999555e-01
2.726709999999999967e-01
3.916970000000000174e-01
2.855440000000000200e-01
3.065979999999999817e-01
9.941800000000000637e-02
8.649600000000000344e-02
4.362170000000000214e-01
2.612929999999999975e-01
2.409739999999999938e-01
3.169319999999999915e-01
4.253129999999999966e-01
6.672360000000000513e-01
2.061250000000000027e-01
2.387640000000000040e-01
2.146160000000000012e-01
4.621580000000000132e-01
1.525970000000000104e-01
2.788689999999999780e-01
2.519739999999999758e-01
3.186590000000000256e-01
2.770599999999999730e-01
5.154710000000000125e-01
2.783840000000000203e-01
1.397420000000000051e-01
1.777209999999999901e-01
2.842660000000000187e-01
2.356600000000000084e-01
2.208459999999999868e-01
2.160420000000000118e-01
2.597110000000000252e-01
1.799129999999999896e-01
3.790040000000000076e-01
1.783520000000000105e-01
1.780339999999999978e-01
1.919490000000000085e-01
2.279299999999999937e-01
5.675010000000000332e-01
3.238869999999999805e-01
2.001900000000000068e-01
2.720560000000000200e-01
1.270300000000000040e-01
1.463839999999999864e-01
2.885039999999999827e-01
2.976389999999999869e-01
1.327710000000000001e-01
1.774860000000000049e-01
2.554839999999999889e-01
2.034950000000000092e-01
2.005059999999999898e-01
3.476199999999999846e-01
2.158190000000000108e-01
1.690039999999999876e-01
2.590080000000000160e-01
1.475279999999999925e-01
6.242699999999999916e-01
3.099930000000000185e-01
2.441099999999999937e-01
2.427489999999999926e-01
1.078500000000000014e-01
1.251049999999999940e-01
3.544789999999999885e-01
6.460230000000000139e-01
2.463229999999999864e-01
1.989970000000000072e-01
1.639859999999999929e-01
2.130950000000000066e-01
1.865529999999999966e-01
1.717809999999999893e-01
5.303499999999999881e-01
1.997490000000000099e-01
2.244379999999999986e-01
2.215660000000000129e-01
2.813010000000000232e-01
3.161089999999999733e-01
3.175549999999999762e-01
1.701380000000000114e-01
2.952489999999999837e-01
1.747360000000000024e-01
3.559899999999999731e-01
3.024660000000000126e-01
2.178690000000000071e-01
2.699030000000000040e-01
2.937310000000000199e-01
2.668440000000000256e-01
8.861099999999999532e-02
1.335369999999999890e-01
