0.092985
0.265362
0.284638
0.115353
0.260181
0.260437
0.206500
0.174860
0.132509
0.314008
0.282722
0.139205
0.544823
0.323696
0.131259
0.127446
0.185573
0.581543
0.482254
0.197626
0.144775
0.224110
0.175523
0.132590
0.081088
0.318412
0.146283
0.109758
0.183989
0.449853
0.083067
0.119714
0.127468
0.093956
0.177743
0.096834
0.312235
0.141621
0.589021
0.476689
0.196263
0.560289
0.082035
0.090579
0.138346
0.223110
0.301064
0.162454
0.279394
0.220598
0.288769
0.247185
0.297693
0.268914
0.217479
0.208541
0.041411
0.108923
0.124901
0.356645
0.244166
0.264799
0.275299
0.276913
0.241746
0.319404
0.232161
0.210597
0.163847
0.425134
0.053357
0.076246