0.195476
0.241867
0.185288
0.241419
0.176542
0.242740
0.225284
0.419844
0.557679
0.321095
0.333208
0.184230
0.182192
0.151135
0.206724
0.189090
0.265671
0.291718
0.135726
0.152313
0.592593
0.349484
0.194795
0.224360
0.333611
0.612436
0.178445
0.314967
0.500463
0.732115
0.341824
0.301847
0.175382
0.406159
0.216507
0.241225
0.459911
0.269100
0.214088
0.333687
0.189684
0.221483
0.245296
0.158086
0.152637
0.195156
0.399676
0.180410
0.274067
0.221449
0.509358
0.208753
0.101696
0.143739
0.156297
0.138530
0.246250
0.553151
0.109265
0.097653
0.229542
0.284658
0.272108
0.206354
0.207609
0.375246
0.130840
0.251476
0.280080
0.372438
0.366978
0.573073
0.168395
0.192269
0.172726
0.241418
0.322178
0.231184
0.159127
0.292470
0.254564
0.511931
0.239810
0.198401
0.292168
0.171347
0.465832
0.200143
0.148226
0.331564
0.207401
0.264385
0.161525
0.135304
0.183428
0.209971
0.276004
0.279425
0.147269
0.251298
0.246681
0.228062
0.197514
0.245513
0.211470
0.384380
0.256620
0.168556
0.345938
0.227891
0.150399
0.237303
0.170999
0.266112
0.236151
0.141225
0.159069
0.369135
0.263810
0.137357
0.244943
0.338617
0.260135
0.620034
0.619261
0.333658
0.300671
0.184835
0.455807
0.217361
0.306962
0.304001
0.114196
0.250123
0.231059
0.194980
0.327582
0.243740
0.333561
0.199845
0.285096
0.320659
0.110689
0.253072
0.304357
0.216809
0.287339
0.206830
0.457240
0.184841
0.370921
0.267171
0.441780
0.163830
0.110155
0.197518
0.203901
0.488220
0.150331
0.113577
0.327528
0.452839
0.448719
0.211789
0.379838
0.235008
0.204629
0.221038
0.150248
0.389677
0.249599
0.322651
0.116064
0.191477
0.151482
0.402112
0.194790
0.233302
0.114808
0.143267
0.342796
0.343554
0.172233
0.328766
0.320224
0.241352
0.330125
0.250890
0.493071
0.245967
0.418154
0.288932
0.497010
0.197835
0.640870
0.243272
0.557470
0.736085
0.121441
0.102045