0.204335
0.348328
0.281611
0.294455
0.436798
0.277359
0.268362
0.151075
0.280553
0.440372
0.204806
0.216246
0.356296
0.347025
0.489581
0.257461
0.566916
0.320895
0.191930
0.302440
0.152830
0.280069
0.206944
0.147753
0.193027
0.302329
0.175010
0.169726
0.197348
0.129680
0.229529
0.327428
0.157082
0.259637
0.466202
0.270691
0.236029
0.428950
0.355173
0.252437
0.113412
0.120021
0.195698
0.294706
0.456230
0.282172
0.254495
0.221123
0.326749
0.375629
0.221184
0.318059
0.359247
0.265893
0.407925
0.204441
0.455174
0.567431
0.205017
0.312311
0.159305
0.201878
0.329238
0.203385
0.273264
0.533069
0.419590
0.260981
0.264425
0.177829
0.280457
0.313815
0.181993
0.319484
0.298295
0.264532
0.304525
0.169268
0.262939
0.400631
0.157223
0.295294
0.325893
0.178875
0.506229
0.402693
0.181251
0.250976
0.223808
0.298264
0.433244
0.712348
0.377551
0.244689
0.539135
0.401454
0.107388
0.280118
0.473446
0.227507
0.161811
0.296279
0.427802
0.557630
0.128356
0.311596
0.326520
0.316230
0.220186
0.152136
0.168965
0.144602
0.246851
0.151240
0.132013
0.232224
0.117783
0.171467
0.155973
0.120026
0.196687
0.421553
0.252044
0.123910
0.176808
0.164063
0.344088
0.287264
0.482751
0.339518
0.210845
0.245728
0.446512
0.284213
0.193850
0.247007
0.195721
0.230801
0.388769
0.306985
0.136449
0.242824
0.327438
0.201962
0.227709
0.409319
0.277678
0.265432
0.278574
0.172404
0.195064
0.235872
0.228418
0.202922
0.411180
0.236254
0.223795
0.382501
0.301705
0.522917
0.171544
0.286354