7.080100000000000282e-02
1.243130000000000068e-01
2.686330000000000107e-01
3.022150000000000114e-01
1.301789999999999892e-01
2.356340000000000101e-01
2.898589999999999778e-01
1.511840000000000128e-01
2.492070000000000118e-01
2.865130000000000177e-01
2.847029999999999839e-01
2.962170000000000081e-01
1.555890000000000051e-01
2.187479999999999980e-01
1.611769999999999869e-01
2.480110000000000092e-01
1.356779999999999931e-01
2.390599999999999947e-01
1.102979999999999933e-01
2.619279999999999942e-01
1.009540000000000021e-01
1.134819999999999995e-01
1.904260000000000119e-01
1.337540000000000118e-01
2.785290000000000266e-01
1.933269999999999988e-01
2.499419999999999975e-01
2.481589999999999907e-01
1.506510000000000071e-01
1.565799999999999970e-01
1.633880000000000055e-01
1.751340000000000119e-01
2.137489999999999946e-01
1.805450000000000110e-01
2.133110000000000006e-01
4.615560000000000218e-01
2.925070000000000170e-01
1.391989999999999894e-01
2.166510000000000102e-01
1.693199999999999983e-01
4.540040000000000187e-01
8.018760000000000332e-01
4.351380000000000248e-01
3.285719999999999752e-01
6.646929999999999783e-01
3.269610000000000016e-01
2.462620000000000087e-01
4.934020000000000072e-01
3.590110000000000245e-01
1.810539999999999927e-01
2.453790000000000138e-01
3.483620000000000050e-01
1.413290000000000102e-01
1.330310000000000104e-01
9.305199999999999583e-02
8.845200000000000284e-02
2.667109999999999759e-01
3.165290000000000048e-01
3.352229999999999932e-01
3.018779999999999797e-01
1.914540000000000131e-01
2.107469999999999899e-01
3.079819999999999780e-01
4.394580000000000153e-01
1.384789999999999910e-01
1.691489999999999938e-01
3.248469999999999969e-01
2.025069999999999926e-01
1.231690000000000007e-01
1.282959999999999934e-01
1.231539999999999996e-01
1.501790000000000069e-01
1.151490000000000014e-01
2.667289999999999939e-01
3.273829999999999796e-01
4.967630000000000101e-01
1.562199999999999978e-01
2.272289999999999865e-01
1.830019999999999980e-01
1.870590000000000031e-01
1.343870000000000064e-01
2.439910000000000134e-01
2.704650000000000110e-01
2.098659999999999970e-01
1.295620000000000105e-01
2.479679999999999940e-01
1.155390000000000028e-01
1.317300000000000137e-01
3.277329999999999965e-01
1.860580000000000012e-01
1.699650000000000050e-01
2.596140000000000114e-01
1.954589999999999939e-01
3.467959999999999932e-01
1.635620000000000129e-01
1.548809999999999909e-01
1.794570000000000054e-01
1.373099999999999876e-01
3.958090000000000219e-01
7.252920000000000478e-01
4.358949999999999769e-01
1.413089999999999902e-01
3.278190000000000270e-01
1.720420000000000005e-01
1.567199999999999982e-01
3.827280000000000126e-01
3.606570000000000054e-01
3.088389999999999747e-01
1.006200000000000011e-01
1.156459999999999988e-01
1.995679999999999954e-01
2.083280000000000132e-01
1.654420000000000057e-01
3.411379999999999968e-01
3.436980000000000035e-01
2.258020000000000027e-01
1.254949999999999954e-01
1.462829999999999964e-01
1.380609999999999893e-01
3.170160000000000200e-01
3.345949999999999758e-01
1.928940000000000099e-01
2.741930000000000200e-01
3.400909999999999767e-01
1.701769999999999949e-01
2.055130000000000012e-01
8.440200000000000480e-02
1.076830000000000009e-01
