1.026220000000000049e-01
1.245210000000000067e-01
4.992699999999999916e-01
3.653390000000000248e-01
3.125939999999999830e-01
5.743930000000000424e-01
2.929399999999999782e-01
2.449109999999999898e-01
2.945490000000000053e-01
1.717950000000000033e-01
2.190930000000000100e-01
2.464260000000000062e-01
2.751279999999999837e-01
3.185339999999999838e-01
5.251090000000000479e-01
2.876710000000000100e-01
2.382980000000000098e-01
1.662089999999999956e-01
1.872369999999999868e-01
1.363459999999999950e-01
2.618920000000000137e-01
1.943350000000000077e-01
2.089709999999999901e-01
2.333840000000000081e-01
2.671310000000000073e-01
4.921920000000000184e-01
2.277639999999999942e-01
1.978010000000000046e-01
3.856999999999999873e-01
2.183579999999999965e-01
2.565189999999999970e-01
2.334720000000000129e-01
4.122460000000000013e-01
2.217369999999999897e-01
1.765629999999999977e-01
1.574029999999999874e-01
1.627609999999999890e-01
1.742150000000000087e-01
3.802130000000000232e-01
4.281209999999999738e-01
1.125789999999999985e-01
2.216249999999999887e-01
1.983870000000000078e-01
2.575459999999999972e-01
2.269500000000000128e-01
4.651449999999999751e-01
2.138760000000000105e-01
1.792559999999999987e-01
2.967560000000000198e-01
1.930749999999999966e-01
1.756149999999999933e-01
1.864119999999999944e-01
1.700220000000000065e-01
3.866890000000000049e-01
1.829099999999999893e-01
3.577370000000000272e-01
2.551220000000000154e-01
4.625330000000000275e-01
2.591950000000000087e-01
2.540169999999999928e-01
1.300030000000000074e-01
1.922339999999999882e-01
2.879249999999999865e-01
4.376140000000000030e-01
1.762559999999999960e-01
2.374769999999999937e-01
2.210529999999999995e-01
3.169819999999999860e-01
1.503690000000000027e-01
2.321199999999999930e-01
2.861529999999999907e-01
1.799240000000000006e-01
1.484650000000000136e-01
1.524250000000000049e-01
4.028050000000000241e-01
3.054200000000000248e-01
2.345919999999999950e-01
2.223169999999999868e-01
2.102449999999999875e-01
2.027039999999999953e-01
1.174540000000000028e-01
2.135859999999999981e-01
3.541239999999999943e-01
2.066369999999999874e-01
2.177479999999999971e-01
2.566970000000000085e-01
1.780130000000000046e-01
1.658630000000000104e-01
3.373490000000000100e-01
1.564280000000000115e-01
1.958660000000000123e-01
3.985569999999999946e-01
4.857369999999999743e-01
3.676039999999999863e-01
4.711090000000000000e-01
2.311549999999999994e-01
2.776109999999999967e-01
5.070599999999999552e-01
2.633949999999999902e-01
4.630190000000000139e-01
1.487229999999999941e-01
1.859349999999999892e-01
5.826139999999999652e-01
2.773169999999999802e-01
1.991640000000000077e-01
1.908120000000000094e-01
3.043040000000000189e-01
1.768240000000000089e-01
1.254679999999999962e-01
1.256009999999999904e-01
2.803889999999999993e-01
2.500600000000000045e-01
2.024029999999999996e-01
1.819469999999999976e-01
1.463250000000000106e-01
1.811879999999999880e-01
1.773250000000000104e-01
1.955199999999999994e-01
1.821160000000000001e-01
1.833259999999999890e-01
1.000609999999999972e-01
2.611020000000000008e-01
1.591980000000000062e-01
1.282520000000000049e-01
2.994919999999999805e-01
1.528460000000000096e-01
5.120980000000000532e-01
2.274869999999999948e-01
5.498089999999999922e-01
3.251519999999999966e-01
1.414019999999999999e-01
3.162789999999999768e-01
2.895760000000000001e-01
2.725330000000000252e-01
2.868049999999999766e-01
1.690669999999999951e-01
2.841369999999999729e-01
4.869919999999999805e-01
2.482989999999999919e-01
3.323999999999999733e-01
1.239689999999999959e-01
1.462289999999999979e-01
4.174129999999999785e-01
2.090639999999999998e-01
1.604569999999999885e-01
2.688960000000000239e-01
3.483189999999999897e-01
3.283630000000000160e-01
2.122380000000000100e-01
1.954809999999999881e-01
2.070390000000000008e-01
2.008300000000000085e-01
2.220030000000000059e-01
1.973820000000000019e-01
2.225530000000000008e-01
3.999849999999999794e-01
2.290260000000000074e-01
4.919120000000000159e-01
1.543720000000000092e-01
2.028349999999999875e-01
1.158409999999999995e-01
1.754489999999999938e-01
