8.049000000000000599e-02
1.314500000000000113e-01
3.711659999999999959e-01
1.750899999999999956e-01
1.009879999999999944e-01
1.432479999999999865e-01
3.986779999999999768e-01
1.894190000000000040e-01
9.867499999999999882e-02
2.988720000000000265e-01
1.517880000000000063e-01
3.778790000000000204e-01
2.330659999999999954e-01
2.167870000000000075e-01
6.947899999999999909e-02
8.947099999999999498e-02
2.151859999999999884e-01
4.741609999999999991e-01
2.510009999999999741e-01
1.442910000000000026e-01
1.424950000000000105e-01
3.131490000000000107e-01
1.487789999999999946e-01
4.410129999999999884e-01
1.845990000000000131e-01
4.185329999999999884e-01
9.943100000000000549e-02
1.842600000000000071e-01
8.422699999999999632e-02
1.640280000000000071e-01
1.219350000000000017e-01
2.079930000000000112e-01
1.310230000000000006e-01
1.139720000000000039e-01
1.916829999999999923e-01
1.262099999999999889e-01
2.277339999999999920e-01
2.106470000000000009e-01
1.986279999999999990e-01
1.469630000000000103e-01
1.496129999999999960e-01
2.185060000000000058e-01
7.287100000000000521e-02
1.513329999999999953e-01
1.825050000000000006e-01
3.137199999999999989e-01
1.573620000000000019e-01
2.101989999999999970e-01
2.000359999999999916e-01
2.434830000000000050e-01
1.446919999999999873e-01
2.131780000000000064e-01
4.551370000000000138e-01
1.921619999999999995e-01
1.558460000000000123e-01
4.526800000000000268e-01
7.318600000000000105e-02
1.029130000000000045e-01
2.238040000000000029e-01
1.508029999999999926e-01
2.229959999999999998e-01
2.125170000000000115e-01
1.528450000000000086e-01
3.971120000000000205e-01
2.351459999999999939e-01
1.233019999999999949e-01
1.484930000000000139e-01
2.390380000000000005e-01
1.679539999999999922e-01
1.189830000000000054e-01
5.826499999999999735e-02
1.058589999999999948e-01
