0.103713
0.193839
0.147699
0.229046
0.139682
0.167538
0.226730
0.124918
0.290986
0.519174
0.121239
0.150799
0.138126
0.156635
0.256356
0.194272
0.170132
0.189858
0.216241
0.227934
0.277212
0.230767
0.280470
0.304786
0.175827
0.309275
0.312688
0.294345
0.432516
0.207009
0.134742
0.197041
0.202066
0.433280
0.528616
0.286170
0.259087
0.215662
0.215689
0.396279
0.337326
0.285330
0.206311
0.441303
0.378070
0.236391
0.303696
0.174140
0.382622
0.197986
0.385744
0.247386
0.244919
0.284514
0.198906
0.242107
0.171715
0.229276
0.225112
0.308181
0.301586
0.177674
0.332668
0.659647
0.214684
0.165624
0.164799
0.324884
0.323896
0.312544
0.236240
0.241039
0.377748
0.198563
0.246331
0.152417
0.181841
0.251281
0.244907
0.149143
0.119541
0.292437
0.152519
0.281492
0.202667
0.108253
0.234262
0.276034
0.166005
0.154483
0.158120
0.201179
0.233312
0.172327
0.192708
0.122907
0.228207
0.315325
0.333037
0.151907
0.081116
0.152672
0.171755
0.145222
0.193545
0.259685
0.219441
0.173990
0.508921
0.231456
0.185036
0.270174
0.269600
0.224953
0.255744
0.181294
0.271376
0.343492
0.184887
0.352456
0.291458
0.126566
0.327675
0.273183
0.214737
0.239732
0.149595
0.115604
0.156765
0.220372
0.198862
0.287226
0.251744
0.086188
0.126390
0.260925
0.094329
0.181689
0.347086
0.142036
0.133155
0.254419
0.190126
0.328805
0.222887
0.450612
0.269112
0.197334
0.253124
0.240058
0.292192
0.433977
0.336593
0.198795
0.352826
0.157614
0.170408
0.427047
0.469956
0.808517
0.140426
0.160951