0.078320
0.232518
0.134832
0.177267
0.151833
0.145373
0.155354
0.122738
0.156984
0.152549
0.232362
0.210281
0.247478
0.146732
0.154491
0.165959
0.153062
0.179215
0.173588
0.326470
0.110310
0.128216
0.215081
0.382431
0.193387
0.372010
0.163511
0.195634
0.660501
0.329881
0.220403
0.370887
0.195886
0.198378
0.229571
0.165127
0.246694
0.232891
0.187783
0.169110
0.075591
0.114023
0.317668
0.182306
0.166098
0.312547
0.225999
0.288497
0.164991
0.176715
0.181283
0.192483
0.199113
0.183984
0.308904
0.230154
0.224343
0.414294
0.200663
0.153864
0.083294
0.100864
0.364112
0.207100
0.176727
0.350789
0.204701
0.152800
0.202642
0.214358
0.180430
0.234343
0.144581
0.238245
0.155166
0.140168
0.143545
0.164038
0.146833
0.146830
0.074264
0.170253
0.228429
0.237781
0.343098
0.163945
0.205551
0.122642
0.100011
0.159024
0.278291
0.500525
0.153786
0.126845
0.160904
0.171235
0.125731
0.175967
0.140363
0.196419
0.135742
0.209445
0.129473
0.184460
0.207811
0.373927
0.222893
0.146731
0.346448
0.618846
0.409791
0.233728
0.388757
0.236425
0.194374
0.199379
0.446284
0.235467
0.334265
0.317388
0.342818
0.219546
0.284879
0.203431
0.239222
0.468570
0.274301
0.256426
0.231684
0.413191
0.221476
0.433652
0.371328
0.235782
0.214331
0.137757
0.251287
0.309715
0.234915
0.174463
0.130917
0.131567
0.268703
0.445222
0.296563
0.207847
0.192266
0.200404
0.435956
0.215019
0.361293
0.202674
0.182463
0.417437
0.292690
0.301645
0.166600
0.224559
0.287383
0.497320
0.116386
0.140291