1.278130000000000099e-01
2.553960000000000119e-01
3.417799999999999727e-01
1.289490000000000081e-01
2.390390000000000015e-01
1.758550000000000113e-01
6.654200000000000115e-01
4.764590000000000214e-01
2.017720000000000069e-01
2.126069999999999904e-01
4.670569999999999999e-01
3.229339999999999988e-01
1.591380000000000017e-01
1.479850000000000054e-01
4.830860000000000154e-01
8.199119999999999742e-01
3.995759999999999867e-01
2.898129999999999873e-01
3.081189999999999762e-01
2.476399999999999990e-01
1.216129999999999989e-01
1.874039999999999873e-01
1.841710000000000014e-01
2.369560000000000000e-01
4.035050000000000026e-01
3.000809999999999866e-01
2.057990000000000097e-01
1.792320000000000024e-01
4.784570000000000212e-01
2.443470000000000086e-01
1.544109999999999927e-01
3.088339999999999974e-01
2.183720000000000105e-01
4.648550000000000182e-01
3.022070000000000034e-01
5.130900000000000460e-01
3.459519999999999817e-01
1.460049999999999959e-01
1.886649999999999994e-01
1.099170000000000008e-01
1.016449999999999992e-01
1.891720000000000068e-01
4.303859999999999908e-01
2.832009999999999805e-01
2.884229999999999849e-01
1.499840000000000062e-01
4.455999999999999961e-01
3.860310000000000130e-01
1.161200000000000010e-01
2.773289999999999922e-01
2.721850000000000103e-01
5.480260000000000131e-01
6.204199999999999715e-01
4.573479999999999768e-01
2.258469999999999922e-01
2.394280000000000019e-01
2.726060000000000150e-01
1.439650000000000096e-01
1.995550000000000102e-01
1.716719999999999913e-01
1.919190000000000063e-01
2.779159999999999964e-01
3.008179999999999743e-01
1.950379999999999892e-01
6.651880000000000015e-01
4.750190000000000246e-01
1.696040000000000048e-01
1.562489999999999990e-01
2.188950000000000062e-01
4.768680000000000141e-01
3.139250000000000096e-01
2.667390000000000039e-01
6.769760000000000222e-01
3.979960000000000164e-01
3.843770000000000242e-01
1.919160000000000033e-01
6.580580000000000318e-01
2.593699999999999894e-01
4.648419999999999774e-01
2.966599999999999793e-01
1.377960000000000018e-01
1.761570000000000080e-01
5.247889999999999500e-01
3.392290000000000028e-01
1.113279999999999964e-01
1.845690000000000108e-01
2.650680000000000258e-01
5.634959999999999969e-01
4.181779999999999942e-01
2.718459999999999765e-01
1.929170000000000051e-01
2.024360000000000048e-01
1.473970000000000002e-01
1.428879999999999872e-01
1.873700000000000088e-01
1.381580000000000030e-01
2.626069999999999793e-01
3.912760000000000127e-01
1.519620000000000137e-01
1.860370000000000079e-01
1.906619999999999981e-01
4.061139999999999750e-01
1.505680000000000074e-01
1.206630000000000064e-01
2.412110000000000087e-01
3.185700000000000198e-01
1.784910000000000108e-01
2.131510000000000071e-01
2.220399999999999874e-01
4.511020000000000030e-01
1.952750000000000041e-01
2.352059999999999984e-01
3.065530000000000199e-01
7.193580000000000529e-01
3.729450000000000265e-01
4.879620000000000068e-01
4.292210000000000192e-01
7.119010000000000060e-01
4.833870000000000111e-01
5.262489999999999668e-01
2.918810000000000016e-01
2.057279999999999942e-01
6.090069999999999650e-01
3.736929999999999974e-01
2.854260000000000130e-01
4.619800000000000018e-01
2.013580000000000092e-01
1.298330000000000040e-01
8.281299999999999772e-02
1.111369999999999997e-01
1.125639999999999974e-01
1.506589999999999874e-01
2.968669999999999920e-01
2.350839999999999874e-01
1.617949999999999944e-01
1.287050000000000138e-01
2.139900000000000135e-01
2.656589999999999785e-01
9.248199999999999477e-02
1.121619999999999978e-01
1.830360000000000043e-01
4.847460000000000102e-01
1.839149999999999952e-01
1.834449999999999970e-01
3.961660000000000181e-01
2.147870000000000057e-01
3.387839999999999741e-01
1.734739999999999893e-01
1.332939999999999958e-01
2.120759999999999867e-01
3.772389999999999910e-01
2.273080000000000100e-01
1.818670000000000009e-01
1.456939999999999902e-01
3.574030000000000262e-01
3.596360000000000112e-01
1.036870000000000014e-01
1.960169999999999968e-01
2.590990000000000237e-01
4.454989999999999783e-01
1.149990000000000040e-01
2.333709999999999951e-01
