0.061489
0.092122
0.203484
0.127103
0.093987
0.199799
0.106240
0.278933
0.249465
0.149486
0.155368
0.115408
0.128181
0.132779
0.249742
0.238376
0.156381
0.136851
0.078171
0.182691
0.132883
0.158489
0.152676
0.275086
0.251823
0.142877
0.205034
0.086026
0.080769
0.122524
0.522069
0.247102
0.196179
0.503390
0.170087
0.239479
0.087449
0.085081
0.384453
0.151045
0.316919
0.551870
0.150525
0.218424
0.375083
0.204335
0.306648
0.302482
0.116516
0.192356
0.159011
0.221289
0.310683
0.118728
0.059145
0.105136
0.148192
0.288798
0.127163
0.199512
0.177008
0.135145
0.251306
0.281628
0.158540
0.138458
0.196505
0.127430
0.129437
0.137262
0.131203
0.173629
0.074581
0.187453
0.283308
0.134322
0.098101
0.177053
0.243954
0.217812
0.183618
0.168282
0.400948
0.146424
0.148213
0.177624
0.136534
0.186058
0.286821
0.188457
0.075938
0.115485
0.165792
0.348013
0.335421
0.148084
0.200981
0.417571
0.167401
0.441337
0.177064
0.143675
0.191563
0.131794
0.153073
0.304271
0.144226
0.353567
0.079879
0.096686
0.183482
0.330154
0.199138
0.321977
0.157752
0.147149
0.142764
0.148706
0.153723
0.168587
0.438837
0.259989
0.172182
0.109678
0.154940
0.316523
0.151706
0.190032