1.723790000000000044e-01
1.888100000000000056e-01
2.876009999999999955e-01
5.223820000000000130e-01
1.173109999999999986e-01
1.625330000000000108e-01
3.629169999999999896e-01
1.922530000000000072e-01
2.984979999999999856e-01
1.648989999999999900e-01
1.535729999999999873e-01
3.144419999999999993e-01
3.915049999999999919e-01
3.419869999999999854e-01
2.368450000000000000e-01
3.129689999999999972e-01
2.853479999999999905e-01
1.977399999999999991e-01
1.212529999999999997e-01
3.271180000000000199e-01
1.071870000000000045e-01
9.458099999999999841e-02
1.202069999999999944e-01
2.480469999999999897e-01
1.294549999999999867e-01
1.998840000000000061e-01
1.015439999999999954e-01
1.042369999999999963e-01
1.216710000000000014e-01
1.115929999999999978e-01
1.958159999999999901e-01
2.244180000000000064e-01
4.583400000000000252e-01
7.023340000000000138e-01
3.211249999999999938e-01
1.369279999999999942e-01
1.234660000000000063e-01
1.314659999999999995e-01
5.119770000000000154e-01
6.948959999999999582e-01
1.314319999999999933e-01
3.439809999999999812e-01
3.384369999999999878e-01
1.707100000000000006e-01
4.761580000000000257e-01
2.649230000000000196e-01
3.728090000000000015e-01
2.996949999999999892e-01
2.998839999999999839e-01
1.653439999999999910e-01
1.818430000000000046e-01
2.731870000000000132e-01
1.207349999999999951e-01
1.713629999999999876e-01
7.338400000000000478e-02
1.556970000000000021e-01
3.080899999999999750e-01
1.788289999999999880e-01
1.390500000000000069e-01
3.081389999999999962e-01
1.867969999999999908e-01
2.079670000000000130e-01
2.141879999999999895e-01
3.272180000000000089e-01
3.035709999999999797e-01
2.031880000000000075e-01
1.659150000000000069e-01
2.712450000000000139e-01
1.508520000000000139e-01
2.538650000000000073e-01
3.312880000000000269e-01
1.476560000000000095e-01
2.306559999999999999e-01
2.797549999999999759e-01
1.149420000000000025e-01
1.077410000000000034e-01
1.818120000000000014e-01
3.379090000000000149e-01
5.098500000000000254e-01
3.814770000000000105e-01
1.688729999999999953e-01
4.015560000000000240e-01
3.428689999999999793e-01
2.044610000000000039e-01
4.989339999999999886e-01
2.858310000000000017e-01
1.621970000000000078e-01
4.573490000000000055e-01
3.680359999999999743e-01
6.935120000000000173e-01
9.452199999999999491e-02
1.129099999999999965e-01
2.600359999999999894e-01
2.727310000000000012e-01
6.229959999999999942e-01
3.845419999999999949e-01
2.564210000000000100e-01
2.709260000000000002e-01
4.558679999999999954e-01
2.855590000000000073e-01
2.033560000000000090e-01
1.846089999999999953e-01
2.101240000000000052e-01
3.023029999999999884e-01
2.852620000000000156e-01
2.680980000000000030e-01
1.517610000000000070e-01
1.525590000000000002e-01
1.382460000000000078e-01
1.392529999999999879e-01
2.463220000000000132e-01
3.324219999999999953e-01
1.622139999999999971e-01
2.534270000000000134e-01
3.919009999999999994e-01
2.041570000000000051e-01
2.343689999999999940e-01
1.422660000000000036e-01
3.197710000000000274e-01
2.391500000000000015e-01
2.177649999999999864e-01
4.550969999999999738e-01
1.531619999999999926e-01
2.712829999999999964e-01
1.602490000000000026e-01
2.375240000000000129e-01
1.526559999999999861e-01
2.884920000000000262e-01
