2.149149999999999949e-01
2.678309999999999858e-01
3.417580000000000062e-01
1.374499999999999889e-01
2.974760000000000182e-01
5.619669999999999943e-01
1.943519999999999970e-01
3.740379999999999816e-01
4.190380000000000216e-01
2.181649999999999978e-01
2.079850000000000032e-01
1.815970000000000084e-01
5.453740000000000254e-01
2.826529999999999876e-01
3.479700000000000015e-01
1.344670000000000032e-01
1.910159999999999914e-01
2.191520000000000135e-01
1.524999999999999967e-01
3.168710000000000138e-01
1.799779999999999991e-01
3.128839999999999955e-01
2.089179999999999926e-01
1.573880000000000001e-01
3.470070000000000099e-01
2.031739999999999935e-01
2.590160000000000240e-01
1.855040000000000022e-01
3.126959999999999740e-01
2.745909999999999740e-01
2.517570000000000086e-01
2.914709999999999801e-01
1.176510000000000056e-01
3.031739999999999990e-01
1.775239999999999874e-01
3.191080000000000028e-01
1.846009999999999873e-01
2.324670000000000070e-01
3.533939999999999859e-01
2.008820000000000050e-01
4.783870000000000067e-01
3.129870000000000152e-01
4.334759999999999724e-01
7.606950000000000101e-01
4.322210000000000218e-01
7.987699999999999800e-01
3.940779999999999839e-01
2.185620000000000063e-01
5.413970000000000171e-01
4.468409999999999882e-01
2.474999999999999978e-01
2.985039999999999916e-01
1.856770000000000087e-01
4.605049999999999977e-01
2.028379999999999905e-01
3.531940000000000079e-01
2.878780000000000228e-01
2.850980000000000181e-01
3.008979999999999988e-01
2.462040000000000062e-01
1.880130000000000134e-01
4.689880000000000160e-01
3.173150000000000137e-01
1.895090000000000108e-01
1.354059999999999986e-01
1.693679999999999908e-01
1.869429999999999981e-01
2.013900000000000134e-01
1.936400000000000066e-01
2.228459999999999885e-01
3.148000000000000242e-01
1.555290000000000006e-01
3.225140000000000229e-01
1.655689999999999940e-01
1.553420000000000079e-01
3.358329999999999926e-01
1.702279999999999904e-01
3.428680000000000061e-01
4.020110000000000072e-01
2.086699999999999944e-01
1.033899999999999958e-01
1.622419999999999973e-01
2.644279999999999964e-01
1.666880000000000028e-01
2.420400000000000051e-01
2.568340000000000067e-01
2.812870000000000092e-01
2.137870000000000048e-01
1.789820000000000022e-01
2.842339999999999867e-01
1.449419999999999875e-01
3.053600000000000203e-01
2.875809999999999755e-01
4.137930000000000219e-01
1.747680000000000067e-01
1.533229999999999871e-01
8.988999999999999768e-02
1.781999999999999973e-01
