1.705530000000000102e-01
3.453869999999999996e-01
2.404080000000000106e-01
1.457340000000000024e-01
2.907089999999999952e-01
3.023859999999999881e-01
3.254679999999999795e-01
1.866680000000000006e-01
2.725369999999999737e-01
2.403540000000000121e-01
2.094080000000000108e-01
3.926899999999999835e-01
3.114239999999999786e-01
1.642959999999999976e-01
2.857930000000000192e-01
3.125709999999999877e-01
2.768450000000000077e-01
1.734070000000000056e-01
3.586639999999999828e-01
2.680049999999999932e-01
2.033510000000000040e-01
2.210010000000000030e-01
5.252090000000000369e-01
3.868460000000000232e-01
4.057790000000000008e-01
3.707659999999999845e-01
2.889579999999999926e-01
4.567109999999999781e-01
2.857919999999999905e-01
2.688610000000000166e-01
4.053769999999999873e-01
2.180300000000000016e-01
2.789889999999999870e-01
3.740350000000000064e-01
4.654679999999999929e-01
2.274730000000000085e-01
4.280169999999999808e-01
3.082699999999999885e-01
2.346979999999999900e-01
1.926259999999999917e-01
1.533849999999999936e-01
3.591489999999999960e-01
3.215660000000000185e-01
2.023439999999999961e-01
1.725540000000000129e-01
3.356439999999999979e-01
2.298360000000000125e-01
2.038760000000000017e-01
1.822060000000000068e-01
1.483790000000000109e-01
2.458170000000000077e-01
1.324780000000000124e-01
1.384930000000000050e-01
2.194560000000000122e-01
3.184069999999999956e-01
2.979080000000000061e-01
2.908279999999999754e-01
1.694469999999999865e-01
3.389070000000000138e-01
5.295870000000000299e-01
1.781169999999999976e-01
3.867280000000000162e-01
5.551509999999999501e-01
3.543270000000000031e-01
1.723179999999999990e-01
4.190519999999999801e-01
1.501270000000000104e-01
3.023509999999999809e-01
2.413820000000000132e-01
2.435789999999999900e-01
3.161559999999999926e-01
1.262270000000000059e-01
2.877560000000000118e-01
2.178269999999999929e-01
3.258480000000000265e-01
1.753329999999999889e-01
4.372800000000000020e-01
2.855900000000000105e-01
2.074320000000000053e-01
2.476820000000000133e-01
1.371249999999999969e-01
2.654730000000000145e-01
2.186809999999999865e-01
4.862480000000000135e-01
2.942839999999999900e-01
5.285870000000000291e-01
2.623159999999999936e-01
2.144240000000000035e-01
3.948369999999999935e-01
1.127380000000000049e-01
3.219710000000000072e-01
2.613920000000000132e-01
1.848410000000000053e-01
2.936699999999999866e-01
5.198180000000000023e-01
3.741439999999999766e-01
3.876490000000000213e-01
2.582670000000000243e-01
2.366659999999999875e-01
2.969570000000000265e-01
1.662359999999999949e-01
2.357309999999999961e-01
2.580390000000000184e-01
1.541609999999999925e-01
2.672570000000000223e-01
2.418820000000000137e-01
1.296259999999999912e-01
2.831569999999999920e-01
2.767640000000000100e-01
4.595890000000000253e-01
1.901609999999999967e-01
3.857260000000000133e-01
3.016699999999999937e-01
3.804170000000000051e-01
2.584429999999999783e-01
5.228120000000000545e-01
3.362569999999999726e-01
5.753840000000000066e-01
3.006650000000000156e-01
2.354449999999999876e-01
5.455079999999999929e-01
3.675829999999999931e-01
3.955350000000000255e-01
6.836889999999999912e-01
4.617049999999999765e-01
6.758570000000000411e-01
6.761420000000000208e-01
3.467779999999999752e-01
2.544440000000000035e-01
1.299210000000000087e-01
3.440549999999999997e-01
3.334679999999999866e-01
7.531870000000000509e-01
4.588849999999999874e-01
3.248349999999999849e-01
2.101310000000000122e-01
2.221629999999999994e-01
3.019640000000000102e-01
1.945590000000000097e-01
3.271729999999999916e-01
2.129530000000000034e-01
2.681569999999999787e-01
4.094749999999999779e-01
1.332979999999999998e-01
3.536349999999999771e-01
2.339819999999999955e-01
2.988259999999999805e-01
2.348899999999999877e-01
3.144089999999999940e-01
2.472949999999999871e-01
4.242879999999999985e-01
2.929649999999999754e-01
2.766219999999999790e-01
2.650170000000000026e-01
2.678730000000000278e-01
2.762839999999999741e-01
2.162250000000000005e-01
1.683820000000000039e-01
4.895829999999999904e-01
3.549479999999999857e-01
1.064579999999999971e-01
3.518580000000000041e-01
