7.789300000000000390e-02
2.173519999999999897e-01
2.170219999999999927e-01
2.685429999999999762e-01
1.194380000000000025e-01
2.630149999999999988e-01
1.720160000000000022e-01
1.234350000000000031e-01
1.324029999999999929e-01
1.486929999999999918e-01
1.078889999999999988e-01
1.933439999999999881e-01
2.245240000000000014e-01
3.635169999999999790e-01
1.110199999999999937e-01
1.092729999999999951e-01
1.413240000000000052e-01
2.683940000000000214e-01
2.134830000000000061e-01
1.135469999999999952e-01
2.683110000000000217e-01
2.607689999999999730e-01
4.143459999999999921e-01
3.800100000000000144e-01
9.620900000000000285e-02
1.163160000000000027e-01
1.564349999999999907e-01
3.320830000000000171e-01
2.710270000000000179e-01
4.894029999999999769e-01
5.211729999999999974e-01
2.495769999999999933e-01
3.489880000000000204e-01
3.561909999999999799e-01
1.472710000000000130e-01
1.994440000000000102e-01
1.097690000000000055e-01
2.210459999999999925e-01
1.868889999999999996e-01
1.925149999999999917e-01
2.036709999999999909e-01
2.429530000000000023e-01
3.537239999999999829e-01
3.157170000000000254e-01
1.400000000000000133e-01
3.165540000000000020e-01
4.465600000000000125e-01
2.592229999999999812e-01
9.902299999999999991e-02
1.763039999999999885e-01
