2.218559999999999977e-01
1.710450000000000026e-01
2.646499999999999964e-01
2.784679999999999933e-01
2.406729999999999980e-01
4.054229999999999778e-01
2.572160000000000002e-01
2.370319999999999927e-01
2.087440000000000129e-01
2.244629999999999959e-01
1.951150000000000106e-01
2.668860000000000121e-01
2.807290000000000063e-01
3.027549999999999963e-01
2.410950000000000037e-01
2.365510000000000113e-01
1.981179999999999886e-01
2.293229999999999991e-01
2.115640000000000021e-01
1.845670000000000088e-01
1.895940000000000125e-01
1.613100000000000089e-01
1.485440000000000094e-01
1.345429999999999959e-01
1.536079999999999945e-01
1.711330000000000073e-01
3.008410000000000251e-01
4.920370000000000021e-01
2.160660000000000081e-01
1.984950000000000048e-01
2.190000000000000002e-01
1.964410000000000045e-01
2.517260000000000053e-01
2.410930000000000017e-01
4.086799999999999877e-01
2.495880000000000043e-01
2.088579999999999881e-01
1.690300000000000136e-01
1.994519999999999904e-01
1.776030000000000109e-01
1.743300000000000127e-01
3.929480000000000195e-01
2.683980000000000254e-01
2.933080000000000132e-01
1.417899999999999994e-01
1.534349999999999881e-01
2.746109999999999940e-01
4.223419999999999952e-01
2.075790000000000135e-01
2.381830000000000058e-01
5.597710000000000186e-01
2.683099999999999929e-01
6.009729999999999794e-01
2.494180000000000008e-01
2.306850000000000012e-01
2.525689999999999880e-01
4.093109999999999804e-01
2.264660000000000006e-01
1.953670000000000129e-01
1.993159999999999932e-01
1.834929999999999894e-01
3.182019999999999849e-01
3.569010000000000238e-01
5.290529999999999955e-01
1.635739999999999972e-01
1.368739999999999957e-01
1.426449999999999940e-01
1.412869999999999959e-01
3.456969999999999765e-01
2.009489999999999887e-01
1.982540000000000135e-01
2.096369999999999900e-01
2.588250000000000273e-01
2.231049999999999978e-01
1.816699999999999982e-01
2.202359999999999873e-01
1.698810000000000042e-01
3.665800000000000169e-01
1.587330000000000130e-01
1.822330000000000061e-01
1.899879999999999902e-01
1.824159999999999948e-01
2.695310000000000206e-01
2.336320000000000063e-01
1.460559999999999914e-01
2.831330000000000235e-01
2.059449999999999892e-01
3.508640000000000092e-01
1.091199999999999948e-01
1.551750000000000074e-01
1.827860000000000040e-01
2.443099999999999994e-01
2.788709999999999800e-01
5.786470000000000224e-01
2.378909999999999914e-01
1.926789999999999892e-01
3.735459999999999892e-01
2.154669999999999919e-01
1.757720000000000116e-01
3.159660000000000246e-01
1.446350000000000136e-01
1.922689999999999955e-01
2.088409999999999989e-01
2.764019999999999810e-01
3.340210000000000123e-01
1.972520000000000107e-01
3.772240000000000038e-01
2.255639999999999867e-01
2.106949999999999934e-01
2.116619999999999890e-01
1.257099999999999884e-01
1.711940000000000128e-01
2.897399999999999975e-01
1.948110000000000119e-01
3.668080000000000229e-01
2.228849999999999998e-01
2.036020000000000052e-01
1.610499999999999987e-01
1.493019999999999903e-01
1.905969999999999887e-01
1.120300000000000046e-01
1.185120000000000062e-01
2.037309999999999954e-01
1.834510000000000030e-01
1.518120000000000025e-01
1.472360000000000058e-01
1.542769999999999975e-01
1.981779999999999931e-01
2.736560000000000104e-01
1.642629999999999924e-01
1.710460000000000036e-01
2.295750000000000013e-01
1.266440000000000066e-01
2.662749999999999839e-01
1.427380000000000038e-01
1.766260000000000052e-01
2.905039999999999845e-01
1.653590000000000060e-01
1.521419999999999995e-01
1.640949999999999909e-01
1.878080000000000027e-01
1.733320000000000138e-01
2.961179999999999923e-01
2.365690000000000015e-01
1.475120000000000042e-01
1.765490000000000115e-01
1.915139999999999898e-01
2.202300000000000091e-01
4.784660000000000024e-01
2.486740000000000061e-01
1.946479999999999877e-01
2.457870000000000055e-01
2.046729999999999938e-01
2.872029999999999861e-01
1.262429999999999941e-01
1.434580000000000022e-01
3.770620000000000083e-01
2.005290000000000128e-01
1.501359999999999917e-01
3.298550000000000093e-01
1.682970000000000022e-01
1.547310000000000074e-01
2.349050000000000027e-01
3.811620000000000008e-01
1.524010000000000087e-01
2.827629999999999866e-01
2.380730000000000068e-01
1.951370000000000049e-01
2.020099999999999951e-01
1.324289999999999912e-01
3.415730000000000155e-01
2.038079999999999892e-01
1.936940000000000051e-01
2.833570000000000255e-01
1.915260000000000018e-01
1.685709999999999986e-01
1.207040000000000057e-01
1.728010000000000101e-01
1.284420000000000006e-01
2.702950000000000075e-01
1.912570000000000103e-01
2.091050000000000131e-01
2.605669999999999931e-01
2.869399999999999729e-01
3.165410000000000168e-01
1.592069999999999874e-01
2.151669999999999972e-01
2.391030000000000100e-01
2.568130000000000135e-01
5.422620000000000218e-01
4.908009999999999873e-01
2.778140000000000054e-01
3.147789999999999755e-01
1.383369999999999878e-01
2.957409999999999761e-01
4.556649999999999867e-01
2.188849999999999962e-01
2.137600000000000056e-01
1.139610000000000067e-01
1.411729999999999929e-01
