0.118169
0.193884
0.210841
0.166458
0.073212
0.216617
0.089907
0.182710
0.090942
0.106868
0.230514
0.178541
0.236259
0.102458
0.251138
0.253055
0.097962
0.217291
0.168538
0.243054
0.256461
0.135793
0.074390
0.153713
0.240850
0.128189
0.290548
0.170225
0.209742
0.307808
0.250676
0.229943
0.114929
0.231102
0.131136
0.108228
0.129316
0.272788
0.243042
0.194301
0.162208
0.317894
0.263970
0.360681
0.251237
0.324828
0.335421
0.191103
0.175988
0.117279
0.173760
0.176321
0.249842
0.224467
0.209671
0.412094
0.299148
0.379502
0.412030
0.782004
0.347955
0.241765
0.169643
0.180735
0.274627
0.136123
0.333004
0.599805
0.195920
0.215715
0.676018
0.312057
0.328772
0.190144
0.273136
0.493345
0.142185
0.297282
0.134525
0.192759
0.136088
0.194634
0.186507
0.106325
0.259498
0.179230
0.221653
0.189085
0.168235
0.367551
0.096047
0.106025
0.125947
0.234614
0.178319
0.166868
0.087383
0.182608