0.048684
0.111487
0.203309
0.145489
0.172978
0.210449
0.245210
0.317093
0.301083
0.160051
0.188429
0.276220
0.215113
0.097796
0.377136
0.163081
0.116698
0.116652
0.209228
0.514948
0.258462
0.358583
0.284020
0.151125
0.335719
0.527324
0.146131
0.117976
0.159293
0.181344
0.182493
0.190244
0.067178
0.152154
0.217058
0.241725
0.269534
0.147707
0.309224
0.435519
0.104235
0.117378
0.190988
0.143817
0.361612
0.211196
0.232406
0.422627
0.094369
0.241174
0.125633
0.139566
0.217003
0.149872
0.225448
0.121409
0.180532
0.153265
0.534200
0.286167
0.195918
0.223512
0.191237
0.376953
0.047553
0.072530
0.131237
0.323560
0.242738
0.121815
0.192023
0.166530
0.177332
0.200835
0.173245
0.173095
0.603823
0.350424
0.128276
0.293558
0.117761
0.110220
0.117710
0.122855
0.522310
0.289435
0.265139
0.212944
0.215501
0.253491
0.292800
0.358990
0.186926
0.151094
0.244306
0.302522
0.139942
0.097009