7.278400000000000147e-02
1.141889999999999988e-01
1.246879999999999933e-01
3.120780000000000221e-01
4.043120000000000047e-01
1.377919999999999978e-01
1.330389999999999906e-01
1.729900000000000049e-01
3.267599999999999949e-01
5.668349999999999778e-01
2.004340000000000011e-01
4.324169999999999958e-01
9.934199999999999975e-02
5.659399999999999847e-02
2.143120000000000025e-01
4.861119999999999886e-01
3.671440000000000259e-01
2.101099999999999912e-01
3.539640000000000009e-01
2.294120000000000048e-01
3.293599999999999861e-01
1.216430000000000011e-01
7.388799999999999535e-02
1.145919999999999994e-01
8.422399999999999332e-02
1.422219999999999873e-01
1.097769999999999996e-01
2.259120000000000017e-01
1.842570000000000041e-01
2.778970000000000051e-01
1.770559999999999912e-01
2.041469999999999951e-01
1.294180000000000053e-01
1.146889999999999993e-01
1.754100000000000104e-01
2.015109999999999957e-01
2.486700000000000021e-01
2.094940000000000135e-01
2.653820000000000068e-01
2.657059999999999977e-01
1.618219999999999936e-01
1.203540000000000026e-01
8.435199999999999643e-02
1.767529999999999935e-01
1.550030000000000019e-01
1.685760000000000036e-01
1.022929999999999950e-01
1.235620000000000052e-01
1.433790000000000064e-01
2.279100000000000015e-01
