0.181555
0.286540
0.225448
0.521295
0.445866
0.240224
0.787597
0.421461
0.168243
0.259486
0.250168
0.224833
0.259982
0.338084
0.389328
0.323797
0.282892
0.283259
0.113671
0.224428
0.368083
0.216183
0.182786
0.389279
0.148793
0.164155
0.207565
0.275979
0.196250
0.286876
0.255992
0.362262
0.325498
0.269878
0.170534
0.286432
0.093622
0.172535
0.444640
0.267565
0.136532
0.114644
0.159892
0.294241
0.436982
0.613469
0.416808
0.251030
0.157648
0.187221
0.096341
0.151001
0.142658
0.108113
0.145851
0.406150
0.257720
0.166416
0.162435
0.137705
0.299524
0.197087
0.227998
0.221534
0.436494
0.251721
0.349675
0.238895
0.602334
0.275906
0.446757
0.338137
0.147813
0.112045
0.356135
0.715056
0.237174
0.375289
0.498866
0.300739
0.426183
0.710207
0.572523
0.314314
0.135776
0.289023
0.273011
0.519718
0.254492
0.544722
0.150003
0.195648
0.369859
0.257590
0.333977
0.456468
0.240778
0.277772
0.446920
0.239245
0.178340
0.177759
0.248555
0.419754
0.130612
0.290678
0.263761
0.158100
0.165018
0.223612
0.433508
0.655363
0.200744
0.225739
0.163983
0.186868
0.172683
0.151391
0.307566
0.236447
0.126075
0.109574
0.151445
0.196790
0.338314
0.180183
0.156636
0.350124