1.200510000000000049e-01
1.981960000000000111e-01
2.904869999999999952e-01
1.923739999999999895e-01
2.011719999999999897e-01
1.753679999999999961e-01
1.499510000000000010e-01
2.131520000000000081e-01
1.405929999999999958e-01
1.192959999999999993e-01
1.379680000000000073e-01
1.728459999999999996e-01
1.362200000000000077e-01
1.586009999999999920e-01
1.791109999999999924e-01
1.362450000000000050e-01
5.216410000000000213e-01
2.509350000000000191e-01
3.149620000000000197e-01
4.821630000000000082e-01
1.155459999999999959e-01
1.290520000000000000e-01
2.468660000000000021e-01
3.939179999999999904e-01
2.375579999999999914e-01
1.882929999999999882e-01
1.230529999999999957e-01
2.641069999999999807e-01
1.717440000000000078e-01
3.191220000000000168e-01
1.719140000000000112e-01
1.463619999999999921e-01
1.376040000000000041e-01
3.602029999999999954e-01
2.749440000000000217e-01
2.524120000000000252e-01
2.500939999999999830e-01
1.749159999999999882e-01
1.798790000000000111e-01
1.743030000000000135e-01
8.954399999999999860e-02
1.206210000000000060e-01
2.135759999999999881e-01
1.609279999999999877e-01
1.345300000000000107e-01
1.371539999999999981e-01
1.323330000000000062e-01
1.468949999999999978e-01
1.376149999999999873e-01
1.327589999999999881e-01
2.983210000000000028e-01
1.685270000000000101e-01
2.475640000000000063e-01
2.445599999999999996e-01
1.655379999999999907e-01
2.829409999999999981e-01
2.153970000000000051e-01
1.596329999999999971e-01
2.353000000000000091e-01
4.036379999999999968e-01
9.888500000000000068e-02
1.538819999999999910e-01
1.220679999999999960e-01
1.462309999999999999e-01
1.776739999999999986e-01
1.637240000000000084e-01
3.496159999999999823e-01
2.001870000000000038e-01
1.333390000000000131e-01
1.792060000000000042e-01
2.498589999999999978e-01
2.804329999999999878e-01
3.160069999999999824e-01
1.722970000000000057e-01
2.745040000000000258e-01
5.779199999999999893e-01
2.506309999999999927e-01
1.911809999999999898e-01
1.791889999999999872e-01
2.680960000000000010e-01
7.173899999999999721e-02
8.231900000000000328e-02
1.840710000000000124e-01
1.860090000000000077e-01
1.969069999999999987e-01
3.549140000000000073e-01
4.101549999999999918e-01
1.506129999999999969e-01
3.114379999999999926e-01
2.810659999999999825e-01
3.160749999999999948e-01
4.722529999999999784e-01
2.129810000000000036e-01
2.529370000000000229e-01
2.813599999999999990e-01
4.748220000000000218e-01
2.322790000000000132e-01
3.012079999999999758e-01
1.888029999999999986e-01
1.735810000000000131e-01
3.598230000000000040e-01
2.511289999999999911e-01
1.968530000000000002e-01
3.827869999999999884e-01
2.059870000000000034e-01
2.038870000000000127e-01
3.010920000000000263e-01
3.539579999999999949e-01
3.127010000000000067e-01
4.894689999999999874e-01
2.511849999999999916e-01
1.750390000000000001e-01
1.911579999999999946e-01
2.394749999999999934e-01
5.104589999999999961e-01
2.775869999999999727e-01
1.602300000000000113e-01
2.829760000000000053e-01
1.692750000000000088e-01
1.935070000000000123e-01
9.296400000000000496e-02
9.640300000000000258e-02
1.532439999999999913e-01
1.939309999999999923e-01
2.764739999999999975e-01
3.150040000000000062e-01
2.778780000000000139e-01
1.941920000000000035e-01
1.435200000000000087e-01
2.162020000000000053e-01
2.135199999999999876e-01
1.616309999999999969e-01
2.113929999999999976e-01
2.155030000000000001e-01
2.718070000000000208e-01
1.579270000000000118e-01
1.481480000000000019e-01
1.539669999999999928e-01
2.701459999999999972e-01
1.721270000000000022e-01
7.585200000000000276e-02
1.340989999999999960e-01
2.537559999999999816e-01
2.704509999999999970e-01
1.737009999999999943e-01
1.695200000000000040e-01
1.927329999999999877e-01
3.873090000000000144e-01
1.965639999999999887e-01
3.144830000000000125e-01
1.952280000000000126e-01
3.818259999999999987e-01
2.492320000000000091e-01
1.397059999999999969e-01
1.567479999999999984e-01
1.694650000000000045e-01
1.283009999999999984e-01
1.626579999999999970e-01
1.785579999999999945e-01
1.430549999999999877e-01
1.369070000000000009e-01
1.920409999999999895e-01
