1.094510000000000066e-01
1.910600000000000076e-01
1.445529999999999871e-01
2.182709999999999928e-01
2.191510000000000125e-01
4.874859999999999749e-01
2.266869999999999996e-01
2.062990000000000101e-01
3.098899999999999988e-01
2.467290000000000039e-01
1.524959999999999927e-01
1.344359999999999999e-01
3.619959999999999845e-01
1.857850000000000057e-01
1.448679999999999968e-01
3.042860000000000009e-01
6.619400000000000284e-02
1.536810000000000120e-01
3.410290000000000266e-01
1.716830000000000023e-01
2.639730000000000132e-01
2.084600000000000064e-01
2.271259999999999946e-01
3.252709999999999768e-01
1.484640000000000126e-01
2.806190000000000073e-01
1.379430000000000101e-01
2.074789999999999968e-01
4.500790000000000068e-01
2.764900000000000135e-01
2.111879999999999868e-01
3.814799999999999858e-01
1.533760000000000123e-01
3.345730000000000093e-01
1.793329999999999924e-01
2.507619999999999849e-01
2.444000000000000061e-01
1.185689999999999938e-01
1.424209999999999920e-01
1.720569999999999877e-01
3.590979999999999728e-01
2.446490000000000054e-01
3.129529999999999812e-01
5.067450000000000010e-01
1.961450000000000138e-01
2.278840000000000032e-01
5.986789999999999612e-01
3.006639999999999868e-01
1.465390000000000026e-01
2.393990000000000007e-01
5.173170000000000268e-01
3.725189999999999890e-01
1.170370000000000021e-01
1.986420000000000130e-01
2.314890000000000003e-01
3.968050000000000188e-01
3.473289999999999988e-01
1.899399999999999977e-01
1.090750000000000053e-01
1.720770000000000077e-01
1.898859999999999992e-01
1.778810000000000113e-01
1.573380000000000056e-01
1.824540000000000051e-01
9.277299999999999436e-02
2.227790000000000048e-01
1.037089999999999956e-01
1.164199999999999957e-01
1.283670000000000089e-01
1.332889999999999908e-01
3.670939999999999759e-01
2.774579999999999824e-01
2.860449999999999937e-01
2.721810000000000063e-01
2.213579999999999992e-01
4.318629999999999969e-01
4.088789999999999925e-01
7.558949999999999836e-01
3.248019999999999796e-01
3.870160000000000267e-01
3.364579999999999793e-01
2.327029999999999932e-01
3.023170000000000024e-01
2.228860000000000008e-01
2.824369999999999936e-01
1.359269999999999923e-01
2.241680000000000061e-01
6.029330000000000522e-01
1.436240000000000017e-01
3.323289999999999855e-01
2.568259999999999987e-01
2.221039999999999959e-01
5.394889999999999963e-01
4.054090000000000193e-01
1.665260000000000074e-01
1.578950000000000076e-01
9.317899999999999794e-02
1.318380000000000107e-01
