0.203315
0.126835
0.276258
0.139816
0.222318
0.258052
0.260975
0.255723
0.174150
0.251841
0.372825
0.646284
0.242065
0.204238
0.171341
0.156673
0.212382
0.138067
0.235388
0.210930
0.288876
0.508776
0.282369
0.469044
0.248859
0.253809
0.217879
0.214044
0.125625
0.148931
0.136002
0.123045
0.082342
0.096858
0.276686
0.455255
0.218031
0.149590
0.247530
0.185874
0.192234
0.397230
0.117144
0.106944
0.103002
0.118317
0.138236
0.192651
0.061603
0.123022
0.182252
0.189787
0.181282
0.210196
0.336551
0.153576
0.117643
0.142909
0.112930
0.208514
0.177261
0.160835
0.201646
0.165621
0.106190
0.170056
0.204995
0.343164
0.173876
0.167867
0.105392
0.227691
0.107544
0.209813
0.361860
0.185283
0.189335
0.214081
0.386226
0.184488
0.073099
0.136127
0.155350
0.212444
0.265232
0.133657
0.165818
0.261662
0.246009
0.418572
0.225560
0.135455
0.249923
0.374018
0.184606
0.235700
0.087223
0.121252