0.123698
0.255763
0.095006
0.089970
0.201793
0.179623
0.262952
0.161873
0.234674
0.138684
0.203949
0.106640
0.263758
0.262445
0.074204
0.096404
0.398687
0.354406
0.552364
0.339218
0.228567
0.358907
0.210389
0.309452
0.272235
0.449592
0.184191
0.178754
0.284248
0.197329
0.387713
0.224431
0.276538
0.302412
0.283324
0.494696
0.276951
0.510854
0.337370
0.183458
0.415083
0.329333
0.163850
0.178085
0.362791
0.601822
0.305148
0.527080
0.241914
0.219152
0.285572
0.189912
0.275313
0.256930
0.210625
0.171928
0.161122
0.268466
0.246514
0.202705
0.328600
0.465458
0.161720
0.320808
0.212013
0.432309
0.268947
0.210170
0.297411
0.244941
0.163582
0.247652