0.141851
0.223580
0.230595
0.194154
0.285914
0.361611
0.316501
0.273098
0.232768
0.269831
0.218312
0.375092
0.371176
0.517204
0.266723
0.432468
0.356475
0.208629
0.224621
0.201393
0.265104
0.361286
0.132705
0.174886
0.402254
0.259672
0.312502
0.316391
0.216357
0.253669
0.204626
0.377366
0.324950
0.529698
0.176885
0.478754
0.188417
0.350450
0.173156
0.243665
0.258971
0.465747
0.203816
0.480430
0.213481
0.234063
0.494973
0.209794
0.507647
0.173561
0.457410
0.170879
0.524478
0.438070
0.499184
0.234140
0.277207
0.192109
0.192843
0.186580
0.320829
0.242033
0.259222
0.186078
0.516402
0.250616
0.156533
0.436988
0.458984
0.266151
0.633223
0.355253
0.719567
0.584095
0.246349
0.369632
0.363188
0.188452
0.219133
0.240420
0.196938
0.464038
0.231981
0.453091
0.270559
0.430776
0.258530
0.406353
0.273312
0.238604
0.641181
0.325008
0.532101
0.189910
0.564877
0.214040
0.368166
0.166199
0.223114
0.223038
0.180945
0.172514
0.181832
0.201501
0.225161
0.271958
0.219551
0.396588
0.230851
0.357714
0.130148
0.398350
0.554388
0.292002
0.215182
0.202586
0.193320
0.146971
0.266651
0.421097
0.155545
0.188435
0.216140
0.190434
0.333873
0.242212
0.203887
0.451853
0.269532
0.377025
0.357402
0.442909
0.428498
0.556046
0.232007
0.486342
0.193257
0.479816
0.168676
0.239530
0.265743
0.365718
0.172498
0.295127
0.689770
0.542650
0.775835
0.485066
0.699938
0.412365
0.547606
0.232952
0.676605
0.586319
0.730314
0.629163
0.666872
0.391801
0.699579
0.337649
0.254036
0.324830
0.229411
0.710445
0.595338
0.488156
0.434936
0.188443
0.365913
0.238792
0.242698
0.346259
0.588717
0.503584
0.561237
0.183647
0.267149
0.187824
0.275260
0.183437
0.275523
0.509687
0.156148
0.202671
0.448721
0.223363
0.346064
0.173825
0.257385
0.172345
0.450493
0.192318
0.551470
0.420750
0.516041
0.225824
0.329429
0.180942
0.107282
0.172152