1.224920000000000037e-01
2.531410000000000049e-01
1.192330000000000056e-01
1.687369999999999981e-01
1.522719999999999907e-01
2.176819999999999866e-01
3.189230000000000120e-01
1.180279999999999940e-01
9.951100000000000223e-02
9.044299999999999562e-02
1.332869999999999888e-01
1.771449999999999969e-01
3.540889999999999871e-01
1.717819999999999903e-01
1.637440000000000007e-01
3.304070000000000062e-01
2.799769999999999759e-01
1.543029999999999957e-01
4.785409999999999942e-01
2.846609999999999974e-01
1.341739999999999877e-01
2.308260000000000034e-01
1.115050000000000069e-01
2.216889999999999972e-01
1.764270000000000005e-01
2.638079999999999870e-01
1.348810000000000009e-01
2.499919999999999920e-01
8.824300000000000199e-02
1.508990000000000054e-01
1.743429999999999980e-01
1.376070000000000071e-01
1.175110000000000043e-01
1.742789999999999895e-01
1.529330000000000134e-01
9.716099999999999737e-02
1.471040000000000125e-01
1.611009999999999942e-01
2.576809999999999934e-01
4.280320000000000236e-01
2.080780000000000129e-01
2.654520000000000213e-01
2.181500000000000106e-01
1.608989999999999865e-01
7.552100000000000479e-02
7.818999999999999562e-02
1.982220000000000093e-01
3.622739999999999849e-01
1.283380000000000076e-01
1.996290000000000009e-01
3.694379999999999886e-01
1.874989999999999990e-01
2.164349999999999885e-01
2.013270000000000060e-01
2.501749999999999807e-01
1.668789999999999996e-01
2.282430000000000014e-01
1.894820000000000115e-01
2.336360000000000103e-01
3.299079999999999790e-01
2.367950000000000055e-01
1.560040000000000038e-01
1.531079999999999941e-01
3.506679999999999797e-01
1.223360000000000003e-01
1.873789999999999900e-01
1.047990000000000033e-01
2.540669999999999873e-01
9.735099999999999310e-02
9.588299999999999601e-02
1.241450000000000053e-01
1.626479999999999870e-01
1.858480000000000132e-01
1.608680000000000110e-01
1.452459999999999862e-01
2.174989999999999979e-01
1.580880000000000063e-01
1.750480000000000091e-01
2.545799999999999730e-01
1.525630000000000042e-01
6.220630000000000326e-01
3.134410000000000251e-01
1.253799999999999915e-01
2.478039999999999965e-01
3.217099999999999960e-01
5.379319999999999657e-01
8.381650000000000489e-01
4.515310000000000157e-01
1.353260000000000018e-01
9.247299999999999964e-02
2.600660000000000194e-01
5.347589999999999844e-01
2.722229999999999928e-01
2.052350000000000008e-01
1.593960000000000099e-01
2.866230000000000167e-01
2.473470000000000113e-01
2.433210000000000095e-01
4.050170000000000159e-01
2.635779999999999790e-01
1.714670000000000083e-01
2.949869999999999992e-01
4.481550000000000256e-01
1.883400000000000074e-01
4.634190000000000254e-01
2.827259999999999773e-01
1.665909999999999891e-01
3.962800000000000211e-01
1.115280000000000021e-01
2.001870000000000038e-01
9.036399999999999988e-02
9.445000000000000617e-02
1.834790000000000032e-01
2.220360000000000111e-01
4.342429999999999901e-01
2.364509999999999945e-01
2.183990000000000098e-01
2.051370000000000138e-01
2.360669999999999991e-01
3.443459999999999854e-01
4.215409999999999990e-01
2.362799999999999900e-01
1.604609999999999925e-01
2.066300000000000081e-01
1.653249999999999997e-01
2.167810000000000015e-01
3.410960000000000103e-01
2.062420000000000087e-01
2.008379999999999888e-01
1.202190000000000064e-01
1.543259999999999910e-01
1.809000000000000052e-01
1.034700000000000064e-01
1.472980000000000123e-01
1.405830000000000135e-01
2.093009999999999871e-01
2.031469999999999942e-01
1.362539999999999862e-01
2.963319999999999843e-01
2.307019999999999904e-01
1.748429999999999984e-01
2.797459999999999947e-01
4.397969999999999935e-01
2.223650000000000071e-01
2.395259999999999889e-01
3.751889999999999947e-01
2.148879999999999957e-01
3.927840000000000220e-01
1.483649999999999969e-01
2.676700000000000190e-01
2.210040000000000060e-01
1.988679999999999892e-01
2.329239999999999922e-01
4.851869999999999794e-01
2.967400000000000038e-01
2.028639999999999888e-01
2.301680000000000115e-01
3.957080000000000042e-01
4.958879999999999955e-01
3.650030000000000219e-01
2.453079999999999983e-01
2.350970000000000004e-01
1.975679999999999936e-01
2.118649999999999978e-01
1.628280000000000005e-01
2.002599999999999936e-01
3.358189999999999786e-01
2.767020000000000035e-01
1.256390000000000007e-01
1.179049999999999959e-01
1.715750000000000053e-01
1.791699999999999959e-01
2.506499999999999839e-01
2.015190000000000037e-01
2.269889999999999963e-01
2.210080000000000100e-01
2.855199999999999960e-01
2.472020000000000051e-01
2.809949999999999948e-01
2.914889999999999981e-01
1.825469999999999871e-01
2.112709999999999866e-01
1.767710000000000115e-01
1.439680000000000126e-01
1.389160000000000117e-01
1.240399999999999975e-01
2.457749999999999935e-01
2.254089999999999983e-01
9.637900000000000633e-02
1.058759999999999979e-01
2.337299999999999933e-01
1.424769999999999925e-01
1.758530000000000093e-01
3.082139999999999880e-01
1.289190000000000058e-01
2.547710000000000252e-01
1.350389999999999924e-01
1.609389999999999987e-01
1.247759999999999980e-01
2.407980000000000120e-01
