3.474340000000000206e-01
1.129819999999999991e-01
4.833290000000000086e-01
3.256809999999999983e-01
7.124449999999999950e-01
3.812159999999999993e-01
2.572079999999999922e-01
2.909419999999999784e-01
3.674430000000000196e-01
2.499570000000000125e-01
1.575640000000000096e-01
1.978159999999999918e-01
3.270899999999999919e-01
1.618819999999999981e-01
2.712499999999999911e-01
4.665130000000000110e-01
4.325060000000000016e-01
1.362079999999999957e-01
2.606749999999999901e-01
3.985330000000000261e-01
8.723699999999999510e-02
2.609580000000000233e-01
2.228999999999999870e-01
2.374509999999999954e-01
2.472979999999999901e-01
2.739380000000000148e-01
2.908680000000000154e-01
1.767070000000000030e-01
1.968060000000000087e-01
2.666799999999999726e-01
2.037629999999999997e-01
2.326459999999999917e-01
