1.524060000000000137e-01
4.237929999999999753e-01
4.318159999999999776e-01
2.996619999999999839e-01
3.869600000000000262e-01
2.954030000000000267e-01
4.149269999999999903e-01
2.725920000000000010e-01
2.299200000000000133e-01
2.378139999999999976e-01
4.015270000000000228e-01
2.254829999999999890e-01
2.968259999999999788e-01
1.720589999999999897e-01
2.701629999999999865e-01
5.360840000000000050e-01
1.379519999999999913e-01
2.938439999999999941e-01
3.385290000000000243e-01
2.013169999999999960e-01
3.458550000000000235e-01
2.636749999999999927e-01
3.706349999999999922e-01
3.401589999999999892e-01
1.793669999999999987e-01
1.880940000000000112e-01
2.746669999999999945e-01
3.122329999999999828e-01
2.629600000000000271e-01
2.951849999999999752e-01
3.352140000000000120e-01
2.092330000000000023e-01
2.012770000000000115e-01
3.205290000000000084e-01
5.786390000000000144e-01
2.126669999999999949e-01
4.363299999999999956e-01
3.176109999999999767e-01
2.578250000000000264e-01
3.408800000000000163e-01
2.720520000000000160e-01
2.853399999999999825e-01
2.746259999999999812e-01
2.517369999999999886e-01
2.849220000000000086e-01
2.585180000000000256e-01
3.186829999999999941e-01
2.932480000000000087e-01
1.786870000000000125e-01
4.052180000000000226e-01
5.874610000000000110e-01
3.860799999999999788e-01
3.525710000000000233e-01
1.807920000000000083e-01
2.028010000000000090e-01
3.615249999999999853e-01
5.877900000000000347e-01
3.588189999999999991e-01
3.933139999999999969e-01
5.043549999999999978e-01
3.547029999999999905e-01
4.248939999999999939e-01
3.165669999999999873e-01
4.452019999999999866e-01
3.426359999999999961e-01
3.681450000000000000e-01
2.944919999999999760e-01
1.100440000000000029e-01
6.873740000000000405e-01
5.803509999999999502e-01
3.214239999999999875e-01
5.287840000000000318e-01
3.426310000000000189e-01
3.020749999999999824e-01
3.769120000000000248e-01
2.839969999999999994e-01
3.688480000000000092e-01
3.044080000000000119e-01
4.286429999999999962e-01
3.110859999999999737e-01
1.462610000000000021e-01
2.384509999999999963e-01
4.244160000000000155e-01
2.246479999999999866e-01
2.576809999999999934e-01
3.325159999999999783e-01
5.778950000000000475e-01
4.149729999999999808e-01
5.628279999999999950e-01
4.363569999999999949e-01
6.415440000000000031e-01
4.030349999999999766e-01
4.400040000000000062e-01
3.108150000000000079e-01
5.113889999999999825e-01
2.307170000000000054e-01
2.904820000000000180e-01
2.859900000000000220e-01
