0.439104
0.324508
0.282094
0.236175
0.233087
0.405443
0.434546
0.705395
0.350394
0.358972
0.209051
0.321748
0.176861
0.137109
0.081381
0.159072
0.105051
0.125146
0.235040
0.300782
0.202388
0.311340
0.219107
0.430730
0.197211
0.262986
0.277414
0.543181
0.166880
0.127686
0.405123
0.260416
0.389311
0.263194
0.300653
0.170577
0.257131
0.188440
0.147422
0.210091
0.159275
0.109683
0.218968
0.296238
0.278519
0.209444
0.323831
0.170001
0.177802
0.093385
0.123738
0.271750
0.179864
0.084470
0.210797
0.190177
0.099209
0.252098
0.084329
0.109018
0.187430
0.205660
0.142864
0.199721
0.326831
0.160796
0.290595
0.287446
0.672936
0.306819
0.090761
0.171923