1.046030000000000015e-01
2.250560000000000060e-01
1.893869999999999998e-01
1.527449999999999919e-01
1.115170000000000050e-01
1.171510000000000051e-01
2.012180000000000080e-01
2.268959999999999866e-01
2.968830000000000080e-01
2.205229999999999968e-01
2.097890000000000033e-01
1.685419999999999974e-01
2.051709999999999923e-01
1.920590000000000075e-01
2.017889999999999961e-01
1.835279999999999967e-01
6.041220000000000478e-01
3.079930000000000168e-01
2.620689999999999964e-01
2.095370000000000010e-01
1.591899999999999982e-01
1.751280000000000059e-01
2.749280000000000057e-01
2.612220000000000097e-01
2.874519999999999853e-01
5.011809999999999876e-01
3.276879999999999793e-01
2.253280000000000005e-01
2.950619999999999910e-01
2.581749999999999878e-01
2.749989999999999934e-01
2.290560000000000096e-01
1.791540000000000077e-01
3.145769999999999955e-01
1.767249999999999932e-01
3.399300000000000099e-01
9.165199999999999736e-02
8.483300000000000562e-02
1.603970000000000118e-01
2.955729999999999746e-01
4.872239999999999904e-01
2.636020000000000030e-01
4.218660000000000188e-01
3.294590000000000019e-01
2.937779999999999836e-01
7.140560000000000240e-01
2.005349999999999910e-01
5.265320000000000000e-01
4.085750000000000215e-01
2.291020000000000001e-01
1.105509999999999965e-01
1.175889999999999991e-01
1.095330000000000054e-01
1.204780000000000018e-01
1.138040000000000024e-01
2.225409999999999888e-01
1.425740000000000063e-01
1.779119999999999868e-01
2.100549999999999917e-01
1.799610000000000098e-01
2.060520000000000129e-01
1.732940000000000036e-01
1.932059999999999889e-01
1.974519999999999886e-01
1.614250000000000129e-01
2.994040000000000035e-01
1.295330000000000092e-01
2.894439999999999791e-01
1.459620000000000084e-01
1.391749999999999932e-01
2.118619999999999948e-01
2.447400000000000131e-01
9.098399999999999543e-02
1.716499999999999970e-01
3.094959999999999933e-01
4.848959999999999937e-01
1.940610000000000113e-01
2.509159999999999724e-01
1.857169999999999932e-01
2.408899999999999930e-01
2.247580000000000133e-01
2.010550000000000115e-01
1.668109999999999871e-01
1.345889999999999864e-01
2.434929999999999872e-01
1.455559999999999909e-01
2.047190000000000121e-01
2.485860000000000014e-01
2.201120000000000021e-01
1.417299999999999949e-01
1.172220000000000067e-01
1.984539999999999915e-01
1.630469999999999975e-01
2.651749999999999940e-01
1.588819999999999955e-01
2.514230000000000076e-01
2.922620000000000218e-01
1.636789999999999912e-01
1.592590000000000117e-01
1.669339999999999991e-01
1.027560000000000001e-01
3.157429999999999959e-01
4.919490000000000252e-01
1.761350000000000138e-01
1.442180000000000129e-01
2.286660000000000081e-01
2.868669999999999831e-01
2.342650000000000010e-01
8.812599999999999600e-02
1.404769999999999908e-01
4.620000000000000218e-01
1.384519999999999917e-01
2.537030000000000118e-01
1.378719999999999946e-01
1.274369999999999947e-01
1.372929999999999984e-01
8.930100000000000537e-02
2.610410000000000230e-01
3.954770000000000230e-01
1.103569999999999968e-01
1.090539999999999982e-01
1.825060000000000016e-01
4.095059999999999811e-01
2.831650000000000000e-01
1.555400000000000116e-01
7.863599999999999757e-02
1.052540000000000003e-01
2.455029999999999990e-01
