2.649409999999999821e-01
1.869770000000000043e-01
3.665240000000000165e-01
2.520740000000000203e-01
2.141790000000000083e-01
3.339329999999999798e-01
2.772299999999999764e-01
4.898270000000000124e-01
2.790860000000000007e-01
2.959120000000000084e-01
2.707760000000000167e-01
4.878680000000000239e-01
1.817819999999999991e-01
1.492519999999999958e-01
1.514240000000000030e-01
2.298709999999999920e-01
1.636569999999999969e-01
2.978089999999999904e-01
1.687500000000000111e-01
3.959150000000000169e-01
5.815399999999999459e-01
3.116789999999999838e-01
4.131449999999999845e-01
1.773379999999999956e-01
1.270820000000000005e-01
2.856409999999999783e-01
2.617220000000000102e-01
4.612899999999999778e-01
1.120680000000000009e-01
2.083170000000000022e-01
1.580880000000000063e-01
1.851740000000000053e-01
2.106310000000000127e-01
1.949950000000000017e-01
1.013180000000000053e-01
1.549500000000000044e-01
1.824310000000000098e-01
1.126800000000000024e-01
1.899629999999999930e-01
2.261859999999999982e-01
2.010599999999999887e-01
1.579109999999999958e-01
8.646399999999999919e-02
2.613460000000000227e-01
1.020380000000000037e-01
2.245679999999999898e-01
1.135729999999999934e-01
1.284609999999999919e-01
2.950369999999999937e-01
1.524290000000000089e-01
3.565450000000000008e-01
1.596009999999999929e-01
4.137989999999999724e-01
5.471369999999999845e-01
9.020300000000000540e-02
2.064870000000000039e-01
1.412059999999999982e-01
1.872419999999999918e-01
4.149010000000000198e-01
2.131029999999999869e-01
2.526900000000000257e-01
1.456830000000000069e-01
3.302229999999999888e-01
2.949129999999999807e-01
4.259979999999999878e-01
2.899740000000000095e-01
2.670379999999999976e-01
4.517260000000000164e-01
3.105990000000000140e-01
2.294680000000000053e-01
1.329049999999999954e-01
1.777080000000000048e-01
