0.141104
0.137964
0.286176
0.143592
0.380608
0.336236
0.219376
0.332924
0.157194
0.340256
0.296328
0.603820
0.134741
0.218731
0.279906
0.326490
0.295722
0.186170
0.186832
0.131589
0.388204
0.354748
0.280294
0.313765
0.198758
0.347627
0.212825
0.326022
0.203653
0.393472
0.299624
0.327397
0.286348
0.166678
0.229491
0.123203
0.257355
0.263357
0.154259
0.258953
0.170742
0.316648
0.195306
0.236855
0.172632
0.295887
0.266521
0.198124
0.155996
0.182628
0.238129
0.141450
0.199315
0.405404
0.133452
0.167582
0.301979
0.148004
0.219480
0.219940
0.183557
0.166115
0.366472
0.503563
0.190795
0.283145
0.137889
0.140270
0.573741
0.343981
0.364417
0.480130
0.127196
0.305674
0.273593
0.227879
0.181470
0.182424
0.295796
0.154038
0.352349
0.501981
0.151484
0.285225
0.335522
0.378269
0.582017
0.326716
0.562324
0.285581
0.188980
0.178859
0.359686
0.177913
0.552094
0.356224
0.156362
0.243107
0.117529
0.132278
0.322836
0.353058
0.242798
0.245653
0.466382
0.174711
0.238542
0.178060
0.093888
0.154287
0.293808
0.240193
0.295997
0.174457
0.248404
0.146794
0.326419
0.232642
0.204040
0.214243
0.229167
0.220238
0.226636
0.247076
0.277715
0.184428
0.127309
0.196261