1.116520000000000012e-01
1.372160000000000046e-01
4.517539999999999889e-01
2.230109999999999870e-01
3.248659999999999881e-01
4.311630000000000185e-01
2.140420000000000100e-01
4.523510000000000031e-01
1.591009999999999924e-01
2.243159999999999876e-01
2.007909999999999973e-01
2.911630000000000051e-01
1.449060000000000070e-01
1.451870000000000105e-01
3.899719999999999853e-01
4.158419999999999894e-01
1.366880000000000039e-01
2.613989999999999925e-01
1.908739999999999881e-01
1.284260000000000124e-01
9.885299999999999643e-02
1.369670000000000054e-01
3.216089999999999782e-01
2.582050000000000178e-01
1.973080000000000112e-01
4.433349999999999791e-01
1.862439999999999929e-01
3.871269999999999989e-01
1.751439999999999941e-01
2.762999999999999901e-01
1.396769999999999956e-01
1.299859999999999904e-01
3.537520000000000109e-01
3.925699999999999745e-01
1.372790000000000121e-01
2.612209999999999810e-01
2.802299999999999791e-01
1.487880000000000036e-01
2.033709999999999962e-01
1.528660000000000019e-01
1.251069999999999960e-01
1.814900000000000124e-01
1.480400000000000049e-01
2.283179999999999932e-01
1.611470000000000125e-01
3.034979999999999900e-01
1.632810000000000095e-01
3.748670000000000058e-01
1.303340000000000054e-01
2.353560000000000096e-01
3.079049999999999843e-01
3.769689999999999985e-01
1.058790000000000009e-01
1.126560000000000061e-01
1.999670000000000059e-01
3.668620000000000214e-01
1.521379999999999955e-01
2.248779999999999946e-01
2.750340000000000007e-01
2.332599999999999951e-01
9.464300000000000490e-02
2.094999999999999918e-01
2.014859999999999984e-01
1.512799999999999978e-01
2.606280000000000263e-01
2.135189999999999866e-01
1.322540000000000104e-01
2.481679999999999997e-01
3.595840000000000147e-01
3.137659999999999894e-01
1.469179999999999930e-01
1.140520000000000006e-01
1.093230000000000035e-01
1.698270000000000057e-01
1.812139999999999862e-01
3.330839999999999912e-01
1.833079999999999987e-01
2.971650000000000125e-01
2.281710000000000127e-01
1.268400000000000083e-01
7.961000000000000021e-02
1.436119999999999897e-01
2.611319999999999752e-01
1.203619999999999968e-01
1.115189999999999931e-01
1.187509999999999954e-01
3.700780000000000181e-01
2.874639999999999973e-01
1.151879999999999987e-01
9.375899999999999512e-02
1.140069999999999972e-01
1.601420000000000066e-01
1.683439999999999936e-01
2.068560000000000121e-01
1.885149999999999881e-01
3.219009999999999927e-01
2.463249999999999884e-01
1.520070000000000032e-01
1.961459999999999870e-01
2.878000000000000003e-01
1.041799999999999948e-01
2.282270000000000132e-01
2.156369999999999953e-01
1.187779999999999947e-01
3.515059999999999851e-01
2.951570000000000027e-01
1.234210000000000029e-01
1.246069999999999955e-01
1.726699999999999902e-01
3.049129999999999896e-01
2.190749999999999920e-01
2.304090000000000027e-01
2.971219999999999972e-01
3.255669999999999953e-01
2.816609999999999947e-01
1.925509999999999999e-01
2.027720000000000078e-01
1.997410000000000019e-01
2.194250000000000089e-01
2.872029999999999861e-01
2.051939999999999875e-01
1.456069999999999864e-01
3.460239999999999982e-01
4.259080000000000088e-01
1.416360000000000119e-01
1.497300000000000020e-01
1.482759999999999911e-01
1.675530000000000075e-01
1.795710000000000084e-01
2.092050000000000021e-01
2.368820000000000092e-01
2.778729999999999811e-01
2.116919999999999913e-01
1.878029999999999977e-01
1.848339999999999983e-01
1.576319999999999943e-01
2.359960000000000113e-01
1.848970000000000058e-01
1.521059999999999912e-01
2.810860000000000025e-01
1.462199999999999889e-01
9.510000000000000397e-02
2.684030000000000027e-01
1.460740000000000094e-01
2.203269999999999951e-01
4.490529999999999800e-01
1.631650000000000045e-01
2.984829999999999983e-01
4.770050000000000123e-01
6.352900000000000214e-01
3.314159999999999884e-01
1.641839999999999966e-01
4.836119999999999863e-01
2.381510000000000016e-01
6.318200000000000482e-01
3.192380000000000217e-01
1.690570000000000128e-01
1.691509999999999958e-01
5.275459999999999594e-01
3.967589999999999728e-01
1.939299999999999913e-01
1.230470000000000036e-01
