2.319930000000000048e-01
3.373539999999999872e-01
1.727200000000000124e-01
2.738349999999999951e-01
2.272879999999999900e-01
1.124249999999999972e-01
2.001419999999999866e-01
3.844000000000000195e-01
8.929199999999999637e-02
1.123259999999999953e-01
2.335329999999999906e-01
1.146510000000000029e-01
2.107610000000000039e-01
3.975750000000000117e-01
1.886359999999999981e-01
3.261270000000000002e-01
8.862599999999999645e-02
1.643030000000000046e-01
1.835469999999999879e-01
1.302929999999999922e-01
9.317999999999999894e-02
8.551899999999999780e-02
1.130020000000000052e-01
1.055019999999999986e-01
4.916849999999999832e-01
2.339720000000000133e-01
2.711290000000000089e-01
4.890260000000000162e-01
8.073099999999999721e-02
1.210969999999999963e-01
2.504179999999999739e-01
3.377260000000000262e-01
1.535660000000000081e-01
3.816749999999999865e-01
1.550920000000000076e-01
1.099969999999999976e-01
2.303409999999999902e-01
4.242179999999999840e-01
4.217319999999999958e-01
3.271649999999999836e-01
2.522309999999999830e-01
3.996190000000000020e-01
1.998860000000000081e-01
1.804679999999999895e-01
3.757449999999999957e-01
2.254680000000000017e-01
3.299570000000000003e-01
1.562219999999999998e-01
2.266209999999999891e-01
4.824820000000000220e-01
4.394199999999999773e-01
2.622189999999999799e-01
2.741210000000000035e-01
1.775160000000000071e-01
2.507449999999999957e-01
2.047650000000000026e-01
1.043020000000000058e-01
1.811029999999999862e-01
9.324100000000000443e-02
1.300880000000000092e-01
5.135750000000000037e-01
4.570940000000000003e-01
4.625040000000000262e-01
5.192059999999999453e-01
5.135509999999999797e-01
2.908390000000000142e-01
4.376789999999999847e-01
3.828150000000000164e-01
2.810250000000000248e-01
5.279890000000000416e-01
3.079950000000000188e-01
2.126899999999999902e-01
