0.200945
0.207420
0.364873
0.181719
0.254227
0.382162
0.223692
0.244467
0.241481
0.463356
0.214897
0.401046
0.177115
0.172762
0.318547
0.310661
0.201577
0.130976
0.263776
0.443947
0.116066
0.198601
0.093771
0.237021
0.207266
0.297201
0.244112
0.253034
0.186830
0.195024
0.317760
0.143784
0.577381
0.279758
0.146954
0.165823
0.302595
0.224276
0.220353
0.370546
0.109276
0.234221
0.201391
0.291489
0.228870
0.265787
0.220569
0.380561
0.132253
0.307200
0.233712
0.329972
0.251876
0.152703
0.288409
0.254978
0.371838
0.185654
0.168456
0.206551
0.153792
0.191465
0.306963
0.530075
0.228070
0.389034
0.353013
0.177485
0.252978
0.294848
0.220694
0.170861
0.246896
0.295299
0.135539
0.333911
0.393127
0.245820
0.293768
0.419156
0.111605
0.176103
0.209565
0.165390
0.145876
0.184793
0.279732
0.340213
0.158311
0.179260
0.372342
0.604502
0.166024
0.220368
0.283101
0.214030
0.271116
0.256756
0.272065
0.164872
0.139720
0.126839
0.388680
0.197656
0.325687
0.346910
0.236211
0.381762
0.162113
0.322098
0.192950
0.217025
0.229790
0.394565
0.267844
0.201188
0.267823
0.228705
0.197059
0.162708
0.090053
0.131966
0.338799
0.280221
0.230226
0.365213
0.185607
0.239859
0.152289
0.187322
0.196644
0.361862
0.371071
0.252532
0.215912
0.204919
0.162338
0.157300
0.164118
0.112538
0.160606
0.222586
0.151930
0.211008
0.361275
0.265283
0.198397
0.196964
0.208531
0.244875
0.269306
0.453713
0.306356
0.237812
0.220161
0.205599
0.185412
0.199648
0.335061
0.300771
0.214435
0.171384