1.216580000000000022e-01
2.311950000000000116e-01
3.206729999999999858e-01
2.830909999999999815e-01
2.580850000000000088e-01
2.429520000000000013e-01
1.945939999999999892e-01
4.217400000000000038e-01
2.776699999999999724e-01
5.960820000000000007e-01
2.247649999999999926e-01
3.028660000000000241e-01
2.009249999999999925e-01
2.337879999999999958e-01
3.848520000000000274e-01
1.556589999999999918e-01
1.808730000000000060e-01
2.414419999999999900e-01
3.886310000000000042e-01
2.209830000000000128e-01
2.114159999999999928e-01
3.750370000000000092e-01
2.316179999999999906e-01
4.777219999999999800e-01
1.728399999999999936e-01
2.462749999999999939e-01
1.838519999999999877e-01
1.794880000000000086e-01
2.602079999999999949e-01
1.500809999999999922e-01
2.693530000000000091e-01
3.735229999999999939e-01
1.621579999999999966e-01
2.066109999999999891e-01
4.032970000000000166e-01
3.349880000000000080e-01
1.714930000000000065e-01
3.658170000000000033e-01
1.548090000000000022e-01
3.000820000000000154e-01
2.297089999999999965e-01
5.543040000000000189e-01
2.667979999999999796e-01
2.068109999999999948e-01
4.657819999999999738e-01
2.953140000000000209e-01
2.683530000000000082e-01
2.151470000000000049e-01
1.700689999999999980e-01
2.334239999999999926e-01
2.473779999999999868e-01
3.139239999999999808e-01
1.982180000000000053e-01
2.248960000000000126e-01
2.291819999999999968e-01
2.346090000000000120e-01
1.793500000000000094e-01
1.687250000000000139e-01
2.353649999999999909e-01
2.571419999999999817e-01
2.317170000000000063e-01
2.040440000000000031e-01
2.951909999999999812e-01
8.665699999999999792e-02
1.498619999999999952e-01
3.889110000000000067e-01
2.495330000000000048e-01
3.397240000000000260e-01
2.170590000000000019e-01
1.887800000000000034e-01
1.959059999999999968e-01
2.863419999999999854e-01
2.460739999999999872e-01
3.067710000000000159e-01
3.127199999999999980e-01
5.230289999999999662e-01
2.100339999999999985e-01
2.737169999999999881e-01
3.456879999999999953e-01
1.900239999999999985e-01
1.059670000000000056e-01
1.220519999999999938e-01
2.578489999999999949e-01
2.065190000000000081e-01
2.624540000000000206e-01
5.593930000000000291e-01
3.810669999999999891e-01
5.357089999999999907e-01
1.382269999999999888e-01
2.102269999999999972e-01
2.246720000000000106e-01
2.629799999999999915e-01
3.515429999999999944e-01
1.379289999999999961e-01
6.026049999999999462e-01
3.823130000000000139e-01
1.801230000000000053e-01
1.991320000000000034e-01
