0.085322
0.165901
0.206086
0.154433
0.094198
0.080523
0.231110
0.235391
0.219827
0.156313
0.109639
0.213528
0.697192
0.344366
0.116477
0.139571
0.164941
0.155585
0.304199
0.400639
0.340559
0.190836
0.302573
0.656404
0.332913
0.309424
0.261397
0.244313
0.138403
0.097392
0.377079
0.398039
0.346636
0.307427
0.298189
0.323492
0.118382
0.148044
0.091199
0.211938
0.074889
0.139137
0.125944
0.298006
0.108498
0.120280
0.381513
0.147785
0.293465
0.211394
0.381948
0.206788
0.144310
0.182231
0.463384
0.585239
0.206585
0.174849
0.143790
0.202818
0.143335
0.269572
0.098841
0.159444
0.113847
0.140625
0.258443
0.390701
0.204871
0.509989
0.106927
0.234600