1.201979999999999993e-01
1.538700000000000068e-01
1.505229999999999901e-01
1.975040000000000129e-01
3.245939999999999936e-01
2.479889999999999872e-01
2.012490000000000112e-01
1.988099999999999867e-01
4.422420000000000240e-01
2.268719999999999903e-01
1.766850000000000087e-01
1.317820000000000102e-01
1.961890000000000023e-01
3.537029999999999896e-01
1.767489999999999895e-01
1.448039999999999883e-01
2.308739999999999959e-01
1.588310000000000000e-01
1.824040000000000106e-01
1.808230000000000115e-01
1.986719999999999875e-01
1.933449999999999891e-01
1.076130000000000003e-01
1.477189999999999892e-01
1.798299999999999899e-01
1.764219999999999955e-01
1.374009999999999954e-01
1.518410000000000037e-01
2.187000000000000055e-01
1.800670000000000048e-01
2.148239999999999872e-01
1.133050000000000029e-01
1.594720000000000026e-01
1.701239999999999974e-01
1.485670000000000046e-01
1.366420000000000134e-01
1.978659999999999863e-01
4.284789999999999988e-01
2.061060000000000114e-01
3.584100000000000064e-01
2.002150000000000041e-01
2.258630000000000082e-01
2.437469999999999914e-01
4.304439999999999933e-01
1.295989999999999920e-01
1.523130000000000039e-01
3.774040000000000172e-01
1.956710000000000116e-01
1.981209999999999916e-01
2.167409999999999892e-01
1.494479999999999975e-01
1.569049999999999889e-01
3.746309999999999918e-01
1.963699999999999890e-01
1.621630000000000016e-01
2.894220000000000126e-01
4.809399999999999786e-01
2.785920000000000063e-01
2.003570000000000073e-01
1.797999999999999876e-01
1.869550000000000101e-01
2.157530000000000003e-01
2.706299999999999817e-01
4.511419999999999875e-01
1.951199999999999879e-01
1.769930000000000114e-01
9.556399999999999617e-02
1.187919999999999948e-01
1.811220000000000052e-01
2.304180000000000117e-01
1.272749999999999992e-01
2.403639999999999943e-01
1.869240000000000068e-01
1.575519999999999976e-01
1.338280000000000025e-01
1.860719999999999874e-01
2.290669999999999928e-01
1.970659999999999912e-01
2.320550000000000113e-01
1.371850000000000014e-01
1.806979999999999975e-01
1.631189999999999862e-01
2.028099999999999903e-01
3.471369999999999734e-01
1.970500000000000029e-01
3.536070000000000046e-01
1.578019999999999978e-01
2.049080000000000068e-01
9.720099999999999574e-02
1.832840000000000025e-01
1.593489999999999907e-01
1.165979999999999933e-01
1.422259999999999913e-01
1.620499999999999996e-01
1.600930000000000131e-01
1.169199999999999962e-01
2.272000000000000131e-01
2.066179999999999961e-01
1.775329999999999964e-01
1.832449999999999912e-01
4.817819999999999880e-01
2.390269999999999895e-01
2.635330000000000172e-01
2.401409999999999934e-01
2.292349999999999943e-01
2.878560000000000008e-01
2.751680000000000237e-01
4.465799999999999770e-01
2.892819999999999836e-01
1.883100000000000052e-01
2.522389999999999910e-01
1.649650000000000005e-01
1.696419999999999872e-01
2.377519999999999911e-01
3.852269999999999861e-01
1.848839999999999928e-01
2.818649999999999767e-01
2.631539999999999990e-01
2.390980000000000050e-01
5.241019999999999568e-01
1.468969999999999998e-01
2.011300000000000032e-01
2.133680000000000021e-01
1.913529999999999953e-01
2.555819999999999759e-01
1.907959999999999934e-01
2.179939999999999933e-01
1.959549999999999903e-01
2.196730000000000071e-01
4.969899999999999873e-01
1.869560000000000111e-01
3.583669999999999911e-01
8.323999999999999455e-02
1.094279999999999975e-01
1.366829999999999989e-01
3.264659999999999784e-01
2.145029999999999992e-01
2.490940000000000099e-01
4.269009999999999749e-01
1.976650000000000074e-01
2.142739999999999922e-01
1.417849999999999944e-01
2.099789999999999990e-01
2.106899999999999884e-01
2.660910000000000220e-01
4.568720000000000003e-01
3.285330000000000195e-01
2.031000000000000028e-01
2.571100000000000052e-01
1.660739999999999994e-01
1.834749999999999992e-01
1.297129999999999950e-01
1.011709999999999970e-01
1.835320000000000007e-01
9.173699999999999910e-02
1.521019999999999872e-01
3.934259999999999979e-01
2.493110000000000048e-01
1.847419999999999896e-01
2.019730000000000136e-01
3.312300000000000244e-01
2.403510000000000091e-01
1.534719999999999973e-01
2.139000000000000068e-01
1.972790000000000099e-01
1.904160000000000019e-01
3.424110000000000209e-01
1.690329999999999888e-01
2.257609999999999895e-01
3.703159999999999785e-01
1.631680000000000075e-01
1.491339999999999888e-01
1.622119999999999951e-01
1.826710000000000000e-01
1.399350000000000038e-01
1.704189999999999872e-01
1.078650000000000025e-01
1.562219999999999998e-01
2.147660000000000124e-01
1.648759999999999948e-01
1.712809999999999888e-01
3.653270000000000128e-01
3.897590000000000221e-01
2.102169999999999872e-01
2.597380000000000244e-01
1.935060000000000113e-01
2.077160000000000117e-01
1.900399999999999867e-01
1.294210000000000083e-01
2.513469999999999871e-01
1.227359999999999979e-01
1.851690000000000003e-01
3.636920000000000153e-01
1.529780000000000029e-01
1.288249999999999951e-01
3.164609999999999923e-01
2.053049999999999875e-01
2.424880000000000091e-01
9.392699999999999660e-02
1.718020000000000103e-01
