1.485190000000000121e-01
2.499280000000000113e-01
1.514179999999999970e-01
4.540390000000000259e-01
2.489079999999999904e-01
4.495580000000000132e-01
2.988020000000000120e-01
4.181900000000000062e-01
5.362529999999999797e-01
1.682609999999999939e-01
1.283330000000000026e-01
1.495769999999999877e-01
1.890830000000000011e-01
3.277300000000000213e-01
8.895000000000000129e-02
3.021900000000000142e-01
4.402710000000000234e-01
2.624540000000000206e-01
4.019199999999999995e-01
2.885380000000000167e-01
1.818730000000000069e-01
5.377600000000000158e-01
3.059930000000000150e-01
1.805700000000000083e-01
3.646659999999999902e-01
6.447490000000000165e-01
5.736010000000000275e-01
3.118000000000000216e-01
4.188100000000000156e-01
2.393550000000000122e-01
5.230970000000000342e-01
1.890120000000000133e-01
1.358959999999999890e-01
3.515220000000000011e-01
1.646279999999999966e-01
3.140419999999999878e-01
2.301179999999999892e-01
2.462670000000000137e-01
2.697419999999999818e-01
1.627959999999999963e-01
3.929449999999999887e-01
1.741090000000000138e-01
2.630279999999999840e-01
3.100600000000000023e-01
1.729060000000000041e-01
4.961920000000000219e-01
1.043290000000000051e-01
1.942820000000000102e-01
2.970160000000000022e-01
2.997299999999999964e-01
3.232999999999999763e-01
1.703739999999999977e-01
5.282149999999999901e-01
3.478689999999999838e-01
6.203009999999999913e-01
4.124320000000000208e-01
1.238009999999999944e-01
3.160250000000000004e-01
1.623759999999999926e-01
1.782529999999999948e-01
3.533899999999999819e-01
3.012500000000000178e-01
1.912609999999999866e-01
3.309420000000000139e-01
3.571190000000000198e-01
4.374040000000000150e-01
3.779140000000000277e-01
4.687169999999999948e-01
3.261660000000000115e-01
2.457300000000000040e-01
2.393309999999999882e-01
1.833799999999999875e-01
