4.732200000000000295e-02
6.067899999999999683e-02
2.739119999999999888e-01
2.166679999999999995e-01
2.218380000000000074e-01
1.714360000000000051e-01
4.813660000000000161e-01
2.539779999999999816e-01
1.093530000000000058e-01
2.910780000000000034e-01
1.386809999999999987e-01
1.278809999999999947e-01
8.940299999999999636e-02
2.262959999999999972e-01
8.319699999999999318e-02
1.039709999999999940e-01
1.439960000000000129e-01
2.386429999999999940e-01
8.725399999999999823e-02
2.738949999999999996e-01
2.169449999999999990e-01
1.854109999999999925e-01
3.790049999999999808e-01
5.236189999999999456e-01
1.135779999999999984e-01
1.122549999999999937e-01
2.016479999999999939e-01
1.290119999999999878e-01
1.269730000000000025e-01
2.425239999999999896e-01
5.618880000000000541e-01
1.823849999999999916e-01
4.925220000000000153e-01
3.098239999999999883e-01
5.240700000000000358e-01
2.699289999999999745e-01
1.352240000000000109e-01
1.289730000000000043e-01
2.938870000000000093e-01
5.524310000000000054e-01
1.756780000000000008e-01
2.119489999999999985e-01
1.520400000000000085e-01
2.260369999999999879e-01
3.933090000000000197e-01
2.820860000000000034e-01
1.614730000000000054e-01
1.612649999999999917e-01
9.656099999999999406e-02
2.115450000000000108e-01
