1.030950000000000061e-01
1.166849999999999971e-01
1.468889999999999918e-01
1.813599999999999934e-01
1.759120000000000128e-01
1.206080000000000069e-01
2.873939999999999828e-01
1.872040000000000093e-01
3.358820000000000139e-01
1.678580000000000072e-01
3.895600000000000174e-01
1.955780000000000018e-01
4.023840000000000194e-01
2.640190000000000037e-01
2.337930000000000008e-01
1.652589999999999892e-01
9.242699999999999527e-02
1.148450000000000026e-01
7.517699999999999383e-02
2.361910000000000120e-01
7.471800000000000663e-02
9.629999999999999671e-02
1.355540000000000078e-01
1.881150000000000044e-01
1.254139999999999977e-01
8.524700000000000333e-02
8.217399999999999705e-02
1.201450000000000018e-01
1.378179999999999961e-01
1.389390000000000069e-01
9.665899999999999492e-02
1.382099999999999995e-01
2.563360000000000083e-01
3.672130000000000116e-01
1.860549999999999982e-01
2.387199999999999878e-01
2.068159999999999998e-01
1.462600000000000011e-01
3.062010000000000010e-01
2.510419999999999874e-01
1.801909999999999901e-01
1.545310000000000017e-01
4.355780000000000207e-01
2.415779999999999872e-01
2.230320000000000080e-01
2.310530000000000084e-01
2.360180000000000056e-01
1.608650000000000080e-01
4.296119999999999939e-01
1.906430000000000069e-01
1.022490000000000065e-01
3.266589999999999772e-01
2.831580000000000208e-01
1.342099999999999960e-01
1.344680000000000042e-01
1.985999999999999988e-01
3.507359999999999922e-01
1.812960000000000127e-01
3.680530000000000190e-01
1.402670000000000028e-01
2.023389999999999911e-01
2.063210000000000044e-01
1.800009999999999943e-01
3.155470000000000219e-01
4.917360000000000064e-01
2.177790000000000004e-01
1.406320000000000070e-01
4.055599999999999761e-01
3.540389999999999926e-01
1.722750000000000115e-01
6.994989999999999819e-01
3.295210000000000083e-01
1.065890000000000032e-01
8.922099999999999476e-02
2.250350000000000128e-01
1.159069999999999961e-01
2.525649999999999840e-01
3.944159999999999888e-01
2.817430000000000212e-01
1.903199999999999892e-01
1.493690000000000018e-01
1.455470000000000097e-01
1.805809999999999915e-01
3.461719999999999797e-01
1.205330000000000013e-01
1.248510000000000036e-01
2.281990000000000129e-01
1.995889999999999886e-01
1.296279999999999932e-01
1.053270000000000040e-01
9.196400000000000408e-02
1.585739999999999927e-01
1.595370000000000121e-01
1.464419999999999888e-01
1.267359999999999876e-01
1.057249999999999995e-01
1.456020000000000092e-01
1.947510000000000074e-01
1.782880000000000020e-01
1.655449999999999977e-01
1.505740000000000134e-01
1.327889999999999904e-01
2.020899999999999919e-01
2.646769999999999956e-01
1.485279999999999934e-01
2.616109999999999824e-01
1.836689999999999989e-01
1.779920000000000113e-01
6.963800000000000545e-02
1.255969999999999864e-01
1.886849999999999916e-01
1.388530000000000042e-01
2.121760000000000035e-01
2.373820000000000097e-01
2.102360000000000062e-01
2.077630000000000032e-01
4.164479999999999849e-01
2.242919999999999914e-01
3.492660000000000209e-01
2.677800000000000180e-01
3.486750000000000127e-01
1.905310000000000059e-01
2.460690000000000099e-01
2.001040000000000041e-01
5.348190000000000444e-01
3.069430000000000214e-01
4.216599999999999793e-01
3.281519999999999992e-01
