9.089899999999999369e-02
1.647760000000000058e-01
2.663690000000000224e-01
4.527760000000000118e-01
3.033270000000000133e-01
2.504069999999999907e-01
2.074270000000000003e-01
3.340520000000000156e-01
1.161449999999999982e-01
1.467890000000000028e-01
1.489620000000000111e-01
2.127489999999999937e-01
1.285090000000000121e-01
2.052710000000000090e-01
3.536549999999999971e-01
6.416290000000000049e-01
6.232950000000000434e-01
3.299599999999999755e-01
1.375470000000000026e-01
1.127930000000000044e-01
3.147869999999999835e-01
2.196120000000000017e-01
1.374829999999999941e-01
1.258410000000000084e-01
1.193229999999999985e-01
2.633449999999999958e-01
9.113300000000000567e-02
2.419129999999999892e-01
1.575199999999999934e-01
7.568199999999999927e-02
1.287679999999999936e-01
2.204669999999999963e-01
1.413929999999999909e-01
1.742360000000000020e-01
1.835549999999999959e-01
3.393220000000000125e-01
9.236900000000000666e-02
2.310959999999999959e-01
1.846119999999999983e-01
1.030780000000000030e-01
3.281029999999999780e-01
5.741549999999999709e-01
3.492700000000000249e-01
2.633289999999999798e-01
3.491159999999999819e-01
3.676690000000000236e-01
3.642360000000000042e-01
3.130470000000000197e-01
1.876359999999999972e-01
1.299510000000000109e-01
