1.005039999999999961e-01
2.370400000000000007e-01
2.618739999999999957e-01
3.997729999999999895e-01
1.986670000000000103e-01
1.715450000000000030e-01
2.659969999999999835e-01
3.907909999999999995e-01
1.614939999999999987e-01
2.541619999999999990e-01
1.562590000000000090e-01
1.793800000000000117e-01
1.696910000000000085e-01
1.368250000000000022e-01
5.226600000000000135e-01
1.711779999999999968e-01
9.341800000000000104e-02
1.849190000000000000e-01
2.883569999999999744e-01
1.201979999999999993e-01
3.438829999999999942e-01
1.556059999999999943e-01
1.445359999999999978e-01
3.192829999999999835e-01
1.428020000000000123e-01
2.729570000000000052e-01
1.374489999999999879e-01
1.195620000000000016e-01
4.589770000000000238e-01
2.267629999999999924e-01
2.433690000000000020e-01
2.245109999999999884e-01
1.094259999999999955e-01
2.495090000000000086e-01
3.242900000000000227e-01
2.254470000000000085e-01
2.220979999999999899e-01
2.995419999999999749e-01
1.730150000000000021e-01
1.722690000000000055e-01
1.705250000000000099e-01
1.334940000000000015e-01
4.319870000000000099e-01
1.300810000000000022e-01
1.838259999999999894e-01
9.152000000000000413e-02
2.025129999999999986e-01
8.048900000000000499e-02
8.000899999999999679e-02
2.263179999999999914e-01
1.140189999999999954e-01
2.188610000000000000e-01
1.003730000000000039e-01
8.947599999999999998e-02
1.689279999999999948e-01
7.361800000000000288e-02
1.272409999999999930e-01
2.779360000000000164e-01
1.664420000000000066e-01
2.650569999999999871e-01
1.761399999999999910e-01
4.229319999999999746e-01
1.837000000000000022e-01
3.323189999999999755e-01
1.111999999999999933e-01
2.393550000000000122e-01
1.720909999999999940e-01
1.233790000000000026e-01
1.282300000000000106e-01
1.408399999999999930e-01
1.114559999999999995e-01
2.817769999999999997e-01
1.953499999999999959e-01
3.595300000000000162e-01
2.961230000000000251e-01
5.857799999999999674e-01
5.174579999999999735e-01
7.541320000000000245e-01
3.949940000000000118e-01
1.458299999999999874e-01
1.177880000000000038e-01
1.333100000000000118e-01
1.373230000000000006e-01
3.473519999999999941e-01
2.871929999999999761e-01
1.218230000000000007e-01
7.230039999999999800e-01
4.076659999999999728e-01
3.440230000000000232e-01
9.775399999999999368e-02
3.861069999999999780e-01
1.993189999999999962e-01
3.990130000000000066e-01
7.591510000000000202e-01
1.582760000000000000e-01
3.869520000000000182e-01
1.142500000000000043e-01
1.045940000000000064e-01
