1.263259999999999939e-01
2.373059999999999892e-01
1.599069999999999936e-01
3.155370000000000119e-01
1.626630000000000020e-01
1.814560000000000062e-01
4.288049999999999917e-01
1.903990000000000127e-01
1.949839999999999907e-01
2.657840000000000202e-01
2.222200000000000009e-01
3.209830000000000183e-01
1.805569999999999953e-01
1.810920000000000030e-01
2.423359999999999959e-01
2.975940000000000252e-01
2.448230000000000128e-01
1.558960000000000068e-01
2.668320000000000136e-01
2.211190000000000100e-01
2.110670000000000046e-01
2.363639999999999908e-01
1.117350000000000010e-01
1.390919999999999934e-01
1.954899999999999971e-01
3.178449999999999886e-01
1.706070000000000086e-01
2.383969999999999978e-01
4.364790000000000059e-01
2.800309999999999744e-01
3.738920000000000021e-01
2.606600000000000028e-01
1.989029999999999965e-01
1.840650000000000064e-01
3.318090000000000206e-01
4.334129999999999927e-01
2.440120000000000067e-01
1.586950000000000027e-01
2.655080000000000218e-01
2.682559999999999945e-01
6.805109999999999770e-01
2.669920000000000071e-01
1.593400000000000094e-01
2.050639999999999963e-01
1.521800000000000097e-01
1.768699999999999994e-01
2.686529999999999752e-01
1.489099999999999868e-01
3.360199999999999854e-01
2.595680000000000209e-01
2.108420000000000016e-01
4.851210000000000244e-01
1.701739999999999919e-01
2.267039999999999889e-01
4.167910000000000226e-01
5.926749999999999519e-01
3.199520000000000142e-01
5.048629999999999507e-01
3.755350000000000077e-01
2.827540000000000053e-01
1.735760000000000081e-01
2.892489999999999783e-01
1.260429999999999884e-01
1.348429999999999906e-01
1.505990000000000106e-01
1.265950000000000131e-01
1.640629999999999866e-01
3.619879999999999765e-01
1.807100000000000095e-01
2.266189999999999871e-01
2.467590000000000061e-01
5.302499999999999991e-01
1.570300000000000029e-01
1.462749999999999884e-01
1.410540000000000127e-01
2.172779999999999989e-01
1.686090000000000089e-01
1.153880000000000045e-01
2.225229999999999986e-01
1.645860000000000101e-01
1.693959999999999910e-01
2.620359999999999912e-01
2.020369999999999944e-01
3.303730000000000278e-01
1.832519999999999982e-01
3.592069999999999985e-01
1.745659999999999989e-01
4.022720000000000184e-01
1.220500000000000057e-01
1.886029999999999929e-01
3.450150000000000161e-01
2.126280000000000114e-01
2.907569999999999877e-01
1.512560000000000016e-01
2.726480000000000015e-01
1.607069999999999887e-01
1.671229999999999938e-01
1.197580000000000033e-01
2.071099999999999886e-01
2.474280000000000090e-01
1.154580000000000051e-01
1.644740000000000091e-01
1.103090000000000043e-01
1.728560000000000096e-01
1.057600000000000068e-01
1.196220000000000061e-01
1.204029999999999961e-01
1.103790000000000049e-01
1.725579999999999892e-01
1.283160000000000134e-01
1.089139999999999969e-01
2.851529999999999898e-01
2.334479999999999889e-01
1.007969999999999977e-01
1.657389999999999974e-01
1.103890000000000010e-01
9.062299999999999522e-02
8.984200000000000519e-02
1.391370000000000107e-01
1.860900000000000054e-01
3.043040000000000189e-01
5.816670000000000451e-01
1.983820000000000028e-01
1.857280000000000042e-01
1.427269999999999928e-01
2.221130000000000049e-01
2.083379999999999954e-01
5.283330000000000526e-01
3.434969999999999968e-01
2.213160000000000127e-01
2.819749999999999757e-01
3.450909999999999811e-01
1.385160000000000002e-01
1.739090000000000080e-01
3.417479999999999962e-01
2.626089999999999813e-01
4.728899999999999770e-01
2.616490000000000204e-01
2.825119999999999854e-01
3.171100000000000030e-01
1.842940000000000134e-01
2.693180000000000018e-01
3.306239999999999735e-01
1.901990000000000069e-01
1.872679999999999900e-01
1.596059999999999979e-01
1.803539999999999865e-01
2.092199999999999893e-01
3.200950000000000184e-01
1.914460000000000051e-01
3.620800000000000129e-01
2.485100000000000087e-01
1.985979999999999968e-01
1.768440000000000012e-01
1.520320000000000005e-01
1.725039999999999907e-01
2.344169999999999865e-01
1.521470000000000045e-01
2.777749999999999941e-01
5.924390000000000489e-01
1.337949999999999973e-01
3.674640000000000128e-01
4.321999999999999731e-01
2.253320000000000045e-01
2.407880000000000020e-01
4.735619999999999830e-01
1.630169999999999952e-01
2.968500000000000028e-01
6.239909999999999624e-01
3.857650000000000245e-01
7.095630000000000548e-01
5.629999999999999449e-01
4.980370000000000075e-01
1.994529999999999914e-01
3.841399999999999815e-01
2.747519999999999962e-01
1.759989999999999888e-01
1.288590000000000013e-01
3.146269999999999900e-01
3.822079999999999922e-01
2.660719999999999752e-01
2.390599999999999947e-01
3.536039999999999739e-01
2.129780000000000006e-01
1.747239999999999904e-01
1.913420000000000121e-01
2.244750000000000079e-01
2.175930000000000086e-01
3.098560000000000203e-01
4.887319999999999998e-01
3.104439999999999977e-01
3.462850000000000095e-01
1.995589999999999864e-01
2.143349999999999977e-01
1.667730000000000046e-01
3.016929999999999890e-01
1.844050000000000133e-01
1.868740000000000123e-01
1.529949999999999921e-01
2.075569999999999915e-01
