1.563499999999999890e-01
2.240600000000000092e-01
2.949080000000000035e-01
2.328649999999999887e-01
2.320349999999999913e-01
3.010610000000000230e-01
1.983729999999999938e-01
1.673310000000000075e-01
2.200340000000000074e-01
2.731959999999999944e-01
4.876229999999999731e-01
2.850079999999999836e-01
4.375490000000000212e-01
5.113969999999999905e-01
2.660109999999999975e-01
6.207690000000000152e-01
2.047360000000000013e-01
2.942799999999999860e-01
3.158210000000000184e-01
2.450799999999999923e-01
2.478319999999999967e-01
4.188749999999999973e-01
1.808440000000000047e-01
3.060809999999999920e-01
2.450460000000000138e-01
2.396280000000000077e-01
1.884850000000000136e-01
4.168220000000000258e-01
2.510069999999999801e-01
1.895260000000000000e-01
1.512179999999999913e-01
2.560259999999999758e-01
3.361640000000000184e-01
2.596129999999999827e-01
3.804719999999999769e-01
2.051630000000000120e-01
2.312939999999999996e-01
3.647340000000000027e-01
2.215870000000000062e-01
3.369820000000000038e-01
3.377879999999999772e-01
1.856150000000000022e-01
3.035579999999999945e-01
1.836099999999999954e-01
1.128379999999999939e-01
2.647340000000000249e-01
1.398469999999999991e-01
1.492940000000000100e-01
2.196309999999999929e-01
1.820309999999999984e-01
1.903549999999999964e-01
3.150749999999999940e-01
2.477469999999999950e-01
2.356389999999999874e-01
2.514219999999999788e-01
2.453380000000000005e-01
2.210719999999999907e-01
2.132900000000000074e-01
2.909720000000000084e-01
1.749880000000000047e-01
3.229839999999999933e-01
1.920550000000000035e-01
3.560619999999999896e-01
2.442300000000000026e-01
2.997929999999999762e-01
2.657539999999999902e-01
3.276189999999999936e-01
2.246799999999999908e-01
2.593039999999999790e-01
3.075979999999999825e-01
6.203990000000000338e-01
3.570180000000000020e-01
3.277189999999999825e-01
3.328590000000000160e-01
2.577760000000000051e-01
4.074309999999999876e-01
2.488289999999999946e-01
2.881020000000000247e-01
3.553100000000000147e-01
5.860490000000000421e-01
2.320349999999999913e-01
1.925280000000000047e-01
3.326330000000000120e-01
2.000790000000000068e-01
2.833490000000000175e-01
1.624480000000000091e-01
2.853629999999999778e-01
1.725420000000000009e-01
9.192400000000000571e-02
1.994940000000000047e-01
2.191869999999999929e-01
2.003220000000000001e-01
3.657949999999999813e-01
1.907399999999999929e-01
2.870699999999999918e-01
3.164770000000000083e-01
2.614130000000000065e-01
1.587179999999999980e-01
3.191359999999999753e-01
2.242979999999999974e-01
4.634369999999999878e-01
2.552389999999999937e-01
3.418530000000000180e-01
2.390849999999999920e-01
2.972529999999999895e-01
1.752970000000000084e-01
2.099800000000000000e-01
1.581279999999999908e-01
2.480449999999999877e-01
2.230860000000000065e-01
1.687950000000000006e-01
2.242379999999999929e-01
5.103130000000000166e-01
3.523189999999999933e-01
3.264889999999999737e-01
6.078200000000000269e-01
4.169309999999999961e-01
2.009549999999999947e-01
3.380329999999999724e-01
2.533050000000000024e-01
2.405700000000000061e-01
2.335869999999999891e-01
6.716809999999999725e-01
3.155490000000000239e-01
5.620060000000000056e-01
2.392050000000000010e-01
1.672919999999999963e-01
1.611760000000000137e-01
5.396459999999999591e-01
2.423810000000000131e-01
2.188329999999999997e-01
2.481019999999999892e-01
2.278940000000000132e-01
2.003699999999999926e-01
3.202570000000000139e-01
3.048719999999999763e-01
4.446019999999999972e-01
2.731580000000000119e-01
5.640479999999999938e-01
3.918440000000000256e-01
2.387319999999999998e-01
2.021719999999999906e-01
2.146099999999999952e-01
4.934830000000000050e-01
2.334499999999999909e-01
2.293080000000000118e-01
1.516869999999999885e-01
1.839610000000000134e-01
1.993109999999999882e-01
2.069380000000000108e-01
3.859799999999999898e-01
2.267909999999999926e-01
2.250500000000000000e-01
4.501370000000000093e-01
1.396060000000000079e-01
3.652830000000000243e-01
2.191559999999999897e-01
1.753049999999999886e-01
1.944710000000000050e-01
2.714340000000000086e-01
2.525519999999999987e-01
2.075210000000000110e-01
3.502399999999999958e-01
2.341989999999999905e-01
6.029989999999999517e-01
2.405460000000000098e-01
1.868900000000000006e-01
1.549689999999999956e-01
2.668659999999999921e-01
2.021239999999999981e-01
2.479580000000000117e-01
2.302629999999999955e-01
3.504559999999999897e-01
2.146009999999999862e-01
2.862750000000000017e-01
3.423080000000000012e-01
1.281990000000000074e-01
1.847910000000000108e-01
3.521960000000000091e-01
2.226549999999999918e-01
2.474339999999999873e-01
3.924349999999999783e-01
3.385310000000000263e-01
2.375369999999999981e-01
3.043719999999999759e-01
1.825469999999999871e-01
2.097199999999999898e-01
2.036530000000000007e-01
5.608079999999999732e-01
2.520359999999999823e-01
3.820060000000000122e-01
2.522690000000000210e-01
3.470960000000000156e-01
2.173370000000000024e-01
3.145709999999999895e-01
3.035030000000000228e-01
4.523750000000000271e-01
2.995090000000000252e-01
1.926529999999999909e-01
1.883749999999999869e-01
