0.247229
0.304821
0.173543
0.104147
0.509834
0.302223
0.246575
0.400424
0.295802
0.337032
0.421818
0.711772
0.768235
0.519025
0.158102
0.250699
0.399483
0.440867
0.249921
0.151589
0.377852
0.314243
0.310112
0.539562
0.416907
0.337490
0.411566
0.458455
0.529844
0.470225
0.287326
0.295855
0.344193
0.405778
0.185470
0.127497
0.106065
0.249077
0.212384
0.254811
0.557138
0.345739
0.341412
0.355892
0.462233
0.276399
0.224622
0.134179
0.309738
0.336966
0.165710
0.337501
0.157689
0.303852
0.095098
0.185898
0.268156
0.322858
0.407092
0.263274
0.261628
0.482643
0.257035
0.180558
0.180483
0.406293
0.144694
0.142455
0.227076
0.339460
0.346368
0.248201
0.253733
0.281576
0.392882
0.293539
0.366819
0.465409
0.426682
0.237283
0.230572
0.227395
0.117076
0.074137
0.143210
0.300426
0.137841
0.128711
0.254632
0.215003
0.218733
0.379388
0.113482
0.344154
0.100786
0.114660
0.194578
0.315213
0.133363
0.239966
0.328913
0.443515
0.337967
0.196584
0.240201
0.287050
0.270124
0.339843
0.191434
0.460456
0.215330
0.426653
0.597626
0.714477
0.163443
0.182818
0.312300
0.313334
0.267244
0.252863
0.366336
0.306150
0.467160
0.286094
0.311752
0.516506
0.109805
0.135315