2.949269999999999947e-01
2.585419999999999940e-01
2.400210000000000121e-01
2.458180000000000087e-01
2.822919999999999874e-01
2.094610000000000083e-01
2.910559999999999814e-01
3.092929999999999846e-01
1.850559999999999983e-01
2.029169999999999863e-01
3.394719999999999960e-01
4.156270000000000242e-01
1.835660000000000069e-01
3.228489999999999971e-01
1.425369999999999970e-01
1.523390000000000022e-01
4.870090000000000252e-01
2.342509999999999870e-01
1.976860000000000006e-01
3.044879999999999809e-01
3.060610000000000275e-01
1.325770000000000004e-01
6.432879999999999709e-01
3.879329999999999723e-01
1.858700000000000074e-01
1.577260000000000051e-01
2.308300000000000074e-01
2.165999999999999870e-01
7.857300000000000395e-02
1.649380000000000013e-01
2.801049999999999929e-01
5.540300000000000225e-01
1.762469999999999870e-01
1.345880000000000132e-01
3.209210000000000118e-01
2.200459999999999916e-01
1.274550000000000127e-01
1.333179999999999921e-01
1.479209999999999969e-01
2.507889999999999842e-01
1.701689999999999869e-01
1.690629999999999911e-01
8.163700000000000123e-02
1.814769999999999994e-01
1.478200000000000069e-01
2.949789999999999912e-01
2.867770000000000041e-01
2.842709999999999959e-01
1.398480000000000001e-01
1.771580000000000099e-01
5.924260000000000081e-01
4.423050000000000037e-01
1.962450000000000028e-01
2.564449999999999785e-01
2.667320000000000246e-01
2.952210000000000112e-01
8.209700000000000331e-02
9.777099999999999680e-02
3.942439999999999833e-01
1.995419999999999972e-01
1.369690000000000074e-01
2.652809999999999890e-01
1.817620000000000069e-01
2.735330000000000261e-01
3.297260000000000191e-01
4.586200000000000276e-01
2.346219999999999972e-01
2.307950000000000002e-01
3.343099999999999961e-01
1.642039999999999889e-01
2.187790000000000012e-01
3.068770000000000109e-01
