8.853199999999999958e-02
1.360389999999999933e-01
1.483919999999999961e-01
2.839639999999999942e-01
3.344400000000000150e-01
2.008909999999999862e-01
3.899059999999999748e-01
1.526240000000000097e-01
1.465980000000000061e-01
2.122870000000000035e-01
1.576559999999999906e-01
2.264279999999999904e-01
2.072690000000000088e-01
3.425130000000000119e-01
1.184410000000000046e-01
2.118019999999999903e-01
1.721469999999999945e-01
3.383990000000000054e-01
2.552579999999999849e-01
1.807799999999999963e-01
1.176230000000000053e-01
1.175410000000000066e-01
1.812209999999999932e-01
1.507519999999999971e-01
4.275189999999999824e-01
1.867409999999999903e-01
3.122369999999999868e-01
6.246150000000000313e-01
3.432760000000000256e-01
4.373310000000000253e-01
1.098500000000000032e-01
1.105030000000000040e-01
