1.355059999999999876e-01
1.588060000000000027e-01
1.830940000000000067e-01
3.035709999999999797e-01
2.782560000000000033e-01
1.495680000000000065e-01
3.491569999999999951e-01
5.220399999999999485e-01
1.973270000000000024e-01
1.842399999999999871e-01
2.165860000000000007e-01
1.869399999999999951e-01
4.739849999999999897e-01
2.856719999999999815e-01
1.473780000000000090e-01
1.570439999999999892e-01
2.773430000000000062e-01
1.849780000000000035e-01
4.340450000000000141e-01
2.176579999999999904e-01
1.385919999999999930e-01
2.527969999999999939e-01
4.482599999999999918e-01
2.472389999999999866e-01
2.227240000000000053e-01
1.677200000000000080e-01
2.201190000000000091e-01
1.676719999999999877e-01
9.484099999999999475e-02
2.247770000000000046e-01
1.673620000000000108e-01
1.742589999999999972e-01
1.952639999999999931e-01
1.756340000000000123e-01
1.756199999999999983e-01
3.127710000000000212e-01
1.411409999999999887e-01
2.360819999999999863e-01
2.662880000000000247e-01
4.011569999999999858e-01
3.573529999999999762e-01
5.618199999999999861e-01
1.655000000000000082e-01
1.872240000000000015e-01
2.483269999999999922e-01
4.931010000000000115e-01
2.006139999999999868e-01
1.794310000000000072e-01
3.986850000000000116e-01
2.889160000000000061e-01
1.169069999999999970e-01
1.670220000000000038e-01
2.276140000000000108e-01
1.742029999999999967e-01
1.114050000000000040e-01
1.590920000000000112e-01
9.406100000000000572e-02
2.267480000000000051e-01
1.380480000000000040e-01
1.647430000000000005e-01
2.593799999999999994e-01
2.411860000000000115e-01
5.353940000000000365e-01
3.431759999999999811e-01
5.382050000000000445e-01
3.052099999999999813e-01
2.356779999999999986e-01
2.210540000000000005e-01
2.714389999999999858e-01
5.263959999999999750e-01
1.729140000000000121e-01
1.565179999999999905e-01
