1.064149999999999957e-01
1.981850000000000001e-01
1.188570000000000043e-01
1.590719999999999912e-01
2.354759999999999909e-01
2.121959999999999957e-01
1.419569999999999999e-01
2.530390000000000139e-01
1.140020000000000061e-01
1.891710000000000058e-01
1.521949999999999970e-01
2.388889999999999902e-01
3.224090000000000011e-01
2.434580000000000077e-01
1.269170000000000020e-01
2.027249999999999885e-01
2.282939999999999969e-01
1.741499999999999992e-01
1.099180000000000018e-01
1.694650000000000045e-01
5.687189999999999745e-01
2.302530000000000132e-01
9.398499999999999910e-02
1.225920000000000065e-01
3.332570000000000254e-01
2.729690000000000172e-01
6.491940000000000488e-01
2.422709999999999864e-01
1.419330000000000036e-01
2.521149999999999780e-01
2.444749999999999979e-01
1.408119999999999927e-01
4.241719999999999935e-01
3.504669999999999730e-01
3.091539999999999844e-01
5.319110000000000227e-01
3.052480000000000193e-01
2.655649999999999955e-01
2.805819999999999981e-01
5.753260000000000041e-01
1.991239999999999954e-01
1.804959999999999898e-01
1.287800000000000056e-01
1.200969999999999954e-01
1.274419999999999997e-01
2.122410000000000130e-01
1.752720000000000111e-01
1.292590000000000128e-01
1.313970000000000138e-01
2.868839999999999724e-01
1.654279999999999917e-01
1.530700000000000116e-01
3.552020000000000177e-01
1.840029999999999999e-01
3.580900000000000194e-01
1.810569999999999957e-01
2.427239999999999953e-01
1.829689999999999928e-01
2.149510000000000032e-01
4.261739999999999973e-01
5.193269999999999831e-01
2.014009999999999967e-01
2.101899999999999880e-01
1.000410000000000049e-01
3.073270000000000168e-01
2.665139999999999731e-01
8.915700000000000014e-02
1.167139999999999983e-01
1.430869999999999920e-01
2.355859999999999899e-01
5.150829999999999576e-01
2.360369999999999968e-01
3.767199999999999993e-01
3.394869999999999832e-01
1.898970000000000102e-01
2.781120000000000259e-01
2.745719999999999827e-01
2.668050000000000144e-01
1.145420000000000049e-01
2.418109999999999982e-01
1.882040000000000102e-01
2.149260000000000059e-01
1.363300000000000067e-01
1.380230000000000068e-01
2.308830000000000049e-01
2.644969999999999821e-01
1.409910000000000052e-01
1.952699999999999991e-01
8.593599999999999850e-02
1.716110000000000135e-01
1.806949999999999945e-01
1.694450000000000123e-01
2.567010000000000125e-01
3.394619999999999860e-01
1.778959999999999986e-01
2.105499999999999872e-01
2.730969999999999787e-01
4.140289999999999804e-01
1.711360000000000103e-01
1.510710000000000108e-01
2.470350000000000046e-01
1.396570000000000034e-01
2.411050000000000137e-01
1.081440000000000040e-01
2.801529999999999854e-01
2.401010000000000089e-01
1.844290000000000096e-01
8.982400000000000106e-02
1.955590000000000106e-01
3.765640000000000098e-01
9.867299999999999682e-02
1.330409999999999926e-01
3.298909999999999898e-01
3.123529999999999918e-01
1.852310000000000068e-01
2.503750000000000142e-01
2.643110000000000182e-01
3.587150000000000061e-01
1.113070000000000032e-01
1.994130000000000069e-01
1.980939999999999923e-01
1.909079999999999944e-01
1.180800000000000044e-01
1.650530000000000053e-01
2.934689999999999799e-01
2.241650000000000031e-01
1.754189999999999916e-01
1.706229999999999969e-01
1.752150000000000096e-01
3.126610000000000222e-01
1.804840000000000055e-01
1.811929999999999930e-01
2.017220000000000124e-01
2.684710000000000152e-01
1.885149999999999881e-01
1.875370000000000092e-01
2.584929999999999728e-01
3.862860000000000182e-01
2.900110000000000188e-01
1.673459999999999948e-01
2.165620000000000045e-01
2.565399999999999903e-01
1.739690000000000125e-01
1.352679999999999993e-01
3.590400000000000258e-01
6.287749999999999728e-01
1.944379999999999997e-01
2.127130000000000132e-01
2.490130000000000121e-01
1.720559999999999867e-01
1.904039999999999899e-01
2.159470000000000001e-01
3.991589999999999860e-01
7.432560000000000278e-01
3.837550000000000128e-01
2.916529999999999956e-01
2.802089999999999859e-01
4.535859999999999892e-01
2.440960000000000074e-01
1.800049999999999983e-01
2.114219999999999988e-01
3.382009999999999739e-01
1.415369999999999961e-01
1.263009999999999966e-01
5.097949999999999982e-01
3.022029999999999994e-01
1.775950000000000029e-01
1.333030000000000048e-01
1.518690000000000040e-01
3.135680000000000134e-01
3.163309999999999733e-01
1.479239999999999999e-01
3.404190000000000271e-01
2.001030000000000031e-01
3.856499999999999928e-01
1.905630000000000102e-01
1.474930000000000130e-01
1.958360000000000101e-01
2.900280000000000080e-01
1.672150000000000025e-01
1.477380000000000082e-01
2.481069999999999942e-01
1.201939999999999953e-01
2.460640000000000049e-01
2.634299999999999975e-01
2.850530000000000008e-01
1.658600000000000074e-01
5.643080000000000318e-01
2.351100000000000134e-01
1.406060000000000088e-01
2.062440000000000107e-01
4.920840000000000214e-01
3.343450000000000033e-01
3.789580000000000171e-01
2.642430000000000057e-01
2.089399999999999868e-01
2.773309999999999942e-01
4.797109999999999985e-01
1.000400000000000039e-01
9.702700000000000213e-02
