0.132833
0.228308
0.232587
0.165684
0.322673
0.468082
0.210929
0.421851
0.161443
0.126556
0.252716
0.203661
0.396833
0.185950
0.183392
0.157155
0.248434
0.549279
0.149096
0.125456
0.260683
0.305391
0.478652
0.290207
0.174644
0.386367
0.335880
0.524766
0.186510
0.273181
0.171659
0.196363
0.241085
0.164576
0.284382
0.194499
0.144515
0.221500
0.252775
0.188252
0.158811
0.271866
0.387929
0.221880
0.271489
0.201947
0.280373
0.135755
0.404098
0.223628
0.182461
0.170137
0.247746
0.223659
0.120893
0.211721
0.182497
0.172993
0.161068
0.215602
0.237631
0.217080
0.142338
0.103614
0.257398
0.148558
0.143116
0.245117
0.551691
0.368898
0.244960
0.262409
0.101602
0.162374
0.274217
0.135686
0.483381
0.282692
0.168552
0.121028
0.481321
0.198815
0.249761
0.422475
0.315377
0.266094
0.200154
0.264433
0.361070
0.180124
0.112682
0.157288
0.280814
0.188170
0.166203
0.146106
0.212701
0.214303
0.221393
0.363206
0.234578
0.251350
0.119971
0.193806
0.161132
0.180426
0.250844
0.170637
0.152413
0.238904
0.131717
0.238556
0.303388
0.216440
0.279802
0.473316
0.350668
0.285064
0.524090
0.367932
0.468488
0.259891
0.296279
0.221037
0.362340
0.240946
0.320184
0.231960