0.126294
0.296123
0.266296
0.162211
0.114833
0.210185
0.127728
0.227553
0.136791
0.267355
0.195707
0.204266
0.252470
0.536819
0.197843
0.160458
0.233447
0.177260
0.282143
0.247710
0.218228
0.187201
0.313112
0.261909
0.176452
0.373369
0.379647
0.212538
0.119510
0.120405
0.310396
0.115805
0.344758
0.171048
0.630666
0.333269
0.155893
0.303316
0.242535
0.116125
0.201495
0.122692
0.073842
0.250439
0.198055
0.129393
0.258311
0.217620
0.203881
0.323995
0.223550
0.131209
0.566069
0.200467
0.532543
0.268761
0.106693
0.102324
0.350148
0.169057
0.321694
0.506011
0.259340
0.135515
0.176044
0.133903
0.423319
0.216083
0.217996
0.123988
0.117048
0.235898