0.231435
0.150719
0.428405
0.358976
0.341335
0.349113
0.272629
0.330194
0.621654
0.317835
0.465981
0.364583
0.635234
0.370341
0.603439
0.360211
0.215162
0.236493
0.275569
0.489115
0.224539
0.136608
0.188830
0.299380
0.232552
0.405589
0.273613
0.196005
0.182500
0.282778
0.639867
0.365767
0.472657
0.225803
0.238488
0.225062
0.170088
0.336714
0.172678
0.173549
0.175362
0.304619
0.600342
0.368488
0.256353
0.209050
0.580378
0.375419
0.325912
0.201916
0.373308
0.360803
0.247956
0.275729
0.272054
0.545470
0.199144
0.227294
0.228100
0.171699
0.135212
0.169900
0.355731
0.279616
0.633948
0.443854
0.216494
0.154968
0.230934
0.414947
0.396676
0.336932
0.265451
0.258273
0.209291
0.298792
0.195487
0.229893
0.391830
0.236331
0.213653
0.113161
0.639862
0.406586
0.223672
0.314422
0.239408
0.299758
0.133704
0.186476
0.387767
0.296435
0.270831
0.209439
0.286991
0.195405
0.159886
0.205829
0.174722
0.232509
0.120590
0.188277
0.283704
0.285313
0.231930
0.210661
0.206479
0.197264
0.177921
0.171934
0.147931
0.281004
0.231897
0.191386
0.197150
0.190856
0.144683
0.166118
0.176265
0.174925
0.135583
0.121873
0.305502
0.295749
0.235777
0.239805
0.212888
0.236659
0.210898
0.169607
0.357330
0.219811
0.132880
0.205865
0.241112
0.327695
0.150612
0.181768
0.173334
0.318715
0.148278
0.138448
0.285049
0.332884
0.225526
0.289554
0.176569
0.261996
0.201206
0.202582
0.311358
0.318458
0.247996
0.201055
0.127525
0.205700
0.284056
0.176796
0.316447
0.213749
0.171839
0.318342
0.290406
0.417233
0.311813
0.312822
0.310700
0.278768
0.332137
0.583004
0.323310
0.473749
0.239421
0.306898
0.265210
0.335220
0.300651
0.217115
0.242635
0.215860
0.149488
0.157899
0.325508
0.336444
0.292269
0.318870
0.241454
0.408662
0.176763
0.260406
0.314917
0.347236
0.434390
0.282828
0.186462
0.252765
0.209697
0.184715
0.295850
0.215848