9.225800000000000667e-02
2.227679999999999938e-01
4.107239999999999780e-01
3.836390000000000078e-01
2.628210000000000268e-01
2.266620000000000024e-01
1.803349999999999953e-01
1.843680000000000041e-01
4.024989999999999957e-01
4.828120000000000189e-01
2.188039999999999985e-01
1.672389999999999988e-01
2.668769999999999754e-01
2.643880000000000119e-01
1.701419999999999877e-01
2.697800000000000198e-01
2.935479999999999756e-01
3.429050000000000153e-01
1.662500000000000089e-01
1.775410000000000044e-01
1.204149999999999943e-01
1.176159999999999983e-01
1.386600000000000055e-01
2.149179999999999979e-01
1.245320000000000038e-01
1.256929999999999992e-01
1.152360000000000051e-01
1.244949999999999946e-01
2.035839999999999872e-01
2.911460000000000159e-01
1.266819999999999891e-01
1.224220000000000030e-01
1.530650000000000066e-01
1.589210000000000067e-01
1.729870000000000019e-01
1.057540000000000008e-01
1.666799999999999948e-01
1.843509999999999871e-01
1.074829999999999952e-01
1.102039999999999964e-01
2.681499999999999995e-01
1.631910000000000027e-01
4.043459999999999832e-01
4.433579999999999743e-01
1.857769999999999977e-01
2.747600000000000042e-01
3.527359999999999940e-01
2.338600000000000123e-01
4.753660000000000108e-01
4.763000000000000012e-01
2.207729999999999970e-01
2.021799999999999986e-01
3.415619999999999767e-01
6.288030000000000008e-01
2.730960000000000054e-01
1.566819999999999879e-01
3.744770000000000043e-01
3.891539999999999999e-01
2.114630000000000121e-01
1.972540000000000127e-01
2.355730000000000046e-01
3.118719999999999826e-01
4.132040000000000157e-01
5.144980000000000109e-01
2.920630000000000170e-01
3.496790000000000176e-01
1.124209999999999932e-01
1.366390000000000104e-01
5.883190000000000364e-01
4.162210000000000076e-01
3.014089999999999825e-01
5.181780000000000275e-01
2.938220000000000276e-01
3.939219999999999944e-01
1.743510000000000060e-01
1.979390000000000038e-01
4.957869999999999777e-01
3.276000000000000023e-01
1.667440000000000033e-01
4.231500000000000261e-01
1.071089999999999959e-01
1.090210000000000068e-01
2.680190000000000072e-01
5.065140000000000198e-01
1.201259999999999967e-01
1.207909999999999956e-01
1.145690000000000042e-01
1.063759999999999983e-01
2.970090000000000230e-01
4.329040000000000110e-01
1.120239999999999986e-01
1.217440000000000050e-01
1.426300000000000068e-01
1.320290000000000075e-01
1.010329999999999978e-01
9.790200000000000291e-02
3.571739999999999915e-01
1.942589999999999872e-01
1.014489999999999975e-01
1.015360000000000013e-01
3.185689999999999911e-01
1.786659999999999915e-01
4.745770000000000266e-01
4.415310000000000068e-01
3.508740000000000192e-01
2.486750000000000071e-01
2.993879999999999875e-01
4.675389999999999824e-01
4.564670000000000116e-01
5.366090000000000027e-01
1.124379999999999963e-01
1.024270000000000042e-01
3.435190000000000188e-01
3.228309999999999791e-01
1.841770000000000074e-01
1.769620000000000082e-01
3.828739999999999921e-01
4.351360000000000228e-01
4.415669999999999873e-01
2.208330000000000015e-01
2.427219999999999933e-01
4.641910000000000203e-01
4.037749999999999950e-01
3.857940000000000258e-01
2.177260000000000029e-01
2.530649999999999844e-01
1.994940000000000047e-01
2.073059999999999903e-01
4.502950000000000008e-01
4.285749999999999837e-01
2.267139999999999989e-01
3.675419999999999798e-01
1.550020000000000009e-01
2.515279999999999738e-01
1.584109999999999963e-01
1.622300000000000131e-01
3.249670000000000059e-01
3.298940000000000206e-01
1.742519999999999902e-01
1.913700000000000123e-01
3.073420000000000041e-01
2.382980000000000098e-01
5.691380000000000328e-01
4.002749999999999919e-01
4.158629999999999827e-01
6.232830000000000314e-01
2.145920000000000050e-01
2.473259999999999903e-01
4.085150000000000170e-01
6.632740000000000302e-01
2.562159999999999993e-01
2.559449999999999781e-01
3.790470000000000228e-01
3.421989999999999754e-01
2.788499999999999868e-01
1.807989999999999875e-01
3.180649999999999866e-01
5.330570000000000030e-01
2.025619999999999921e-01
2.152900000000000091e-01
1.997720000000000051e-01
2.707120000000000082e-01
3.056220000000000048e-01
5.131090000000000373e-01
2.692320000000000269e-01
2.705850000000000199e-01
4.068379999999999774e-01
2.255669999999999897e-01
4.528389999999999915e-01
3.087269999999999737e-01
2.077130000000000087e-01
2.388949999999999962e-01
3.131599999999999939e-01
3.049229999999999996e-01
1.767229999999999912e-01
3.504740000000000077e-01
1.855900000000000050e-01
1.568599999999999994e-01
1.770770000000000122e-01
3.359900000000000109e-01
5.766710000000000447e-01
3.027210000000000178e-01
5.327690000000000481e-01
4.315060000000000007e-01
5.754179999999999851e-01
3.681989999999999985e-01
1.869770000000000043e-01
2.555290000000000061e-01
4.276969999999999938e-01
6.084749999999999881e-01
2.592030000000000167e-01
1.545439999999999869e-01
3.338189999999999769e-01
3.489579999999999904e-01
3.302789999999999893e-01
1.773099999999999954e-01
3.119899999999999896e-01
5.432660000000000267e-01
1.285250000000000004e-01
1.767680000000000085e-01
