0.222665
0.151566
0.176958
0.204018
0.297036
0.365466
0.478225
0.396040
0.259875
0.219390
0.297886
0.304841
0.215432
0.184030
0.336504
0.626995
0.451646
0.269174
0.334234
0.263661
0.187124
0.165689
0.115164
0.115951
0.808715
0.534078
0.209284
0.517143
0.209653
0.262318
0.319045
0.261701
0.199112
0.410718
0.257029
0.425846
0.485958
0.289081
0.294895
0.301606
0.162823
0.157081
0.239074
0.116544
0.145452
0.147393
0.493522
0.763213
0.217863
0.431340
0.277923
0.219678
0.184128
0.389337
0.463739
0.220283
0.237967
0.194562
0.232399
0.285475
0.117221
0.140185
0.111380
0.152349
0.296493
0.186109
0.168654
0.348011
0.176789
0.158010
0.222524
0.186818
0.235802
0.112440
0.161123
0.178291
0.240625
0.176031
0.238037
0.386641
0.248982
0.124346
0.157981
0.287442
0.178004
0.329933
0.434646
0.232780
0.082323
0.135546
0.246292
0.240977
0.204360
0.130502
0.158901
0.216261
0.215839
0.211930
0.278531
0.216640
0.136447
0.129272
0.145626
0.147301
0.265269
0.221358
0.271572
0.358848
0.194543
0.346602
0.110448
0.236452
0.236587
0.152259
0.171060
0.196887
0.160405
0.186715
0.198563
0.248437
0.137666
0.149261
0.167827
0.316952
0.167744
0.401306
0.475019
0.245164
0.227069
0.206270
0.229172
0.292811
0.089446
0.141193
0.213751
0.234146
0.259434
0.438283
0.251571
0.252268
0.173109
0.327044
0.178751
0.158287
0.286718
0.283141
0.318720
0.424015
0.232889
0.424649
0.274826
0.262075
0.162416
0.187489
0.107017
0.114580
0.186042
0.236948
0.327005
0.502214
0.129568
0.213596
0.134705
0.137131
0.305699
0.185915
0.243434
0.396276
0.171667
0.198876
0.503064
0.282438
0.148233
0.153594
0.183576
0.193985
0.121650
0.170335
0.279361
0.425040
0.138949
0.227702
0.153504
0.143795
0.259402
0.255842
0.388220
0.262994
0.205162
0.156503
0.247770
0.516782
0.179632
0.143642
0.218334
0.182568
0.343378
0.195949
0.156505
0.184489