0.214915
0.267831
0.341758
0.137450
0.297476
0.561967
0.194352
0.374038
0.419038
0.218165
0.207985
0.181597
0.545374
0.282653
0.347970
0.134467
0.191016
0.219152
0.152500
0.316871
0.179978
0.312884
0.208918
0.157388
0.347007
0.203174
0.259016
0.185504
0.312696
0.274591
0.251757
0.291471
0.117651
0.303174
0.177524
0.319108
0.184601
0.232467
0.353394
0.200882
0.478387
0.312987
0.433476
0.760695
0.432221
0.798770
0.394078
0.218562
0.541397
0.446841
0.247500
0.298504
0.185677
0.460505
0.202838
0.353194
0.287878
0.285098
0.300898
0.246204
0.188013
0.468988
0.317315
0.189509
0.135406
0.169368
0.186943
0.201390
0.193640
0.222846
0.314800
0.155529
0.322514
0.165569
0.155342
0.335833
0.170228
0.342868
0.402011
0.208670
0.103390
0.162242
0.264428
0.166688
0.242040
0.256834
0.281287
0.213787
0.178982
0.284234
0.144942
0.305360
0.287581
0.413793
0.174768
0.153323
0.089890
0.178200