0.398659
0.164146
0.739373
0.509932
0.715347
0.363257
0.801616
0.464892
0.218685
0.277038
0.391595
0.260378
0.175088
0.127067
0.143183
0.347371
0.301894
0.377239
0.259344
0.197334
0.408539
0.216203
0.240656
0.296862
0.121227
0.117920
0.397063
0.142178
0.083339
0.124984
0.347324
0.176155
0.203769
0.469285
0.307164
0.194457
0.137419
0.084259
0.407043
0.125937
0.230259
0.162129
0.110113
0.247686
0.203714
0.430129
0.522434
0.254032
0.092574
0.214359
0.130125
0.344768
0.108803
0.170194
0.153246
0.267809
0.094417
0.251939
0.164768
0.448179
0.113075
0.203702
0.319278
0.165117
0.115192
0.179802
0.192852
0.423586
0.202158
0.141669
0.173172
0.349313