1.093480000000000008e-01
1.031640000000000057e-01
5.759400000000000075e-01
2.648530000000000051e-01
1.480090000000000017e-01
1.395409999999999984e-01
2.515359999999999818e-01
2.133200000000000096e-01
2.122709999999999875e-01
2.419409999999999894e-01
2.044330000000000036e-01
1.124679999999999985e-01
9.810299999999999576e-02
1.837880000000000069e-01
1.363709999999999922e-01
2.675029999999999908e-01
2.414739999999999942e-01
2.209720000000000018e-01
4.591080000000000161e-01
2.508079999999999754e-01
2.560760000000000258e-01
2.415080000000000005e-01
2.859590000000000187e-01
2.748309999999999920e-01
2.513179999999999858e-01
1.849379999999999913e-01
3.033540000000000125e-01
3.032710000000000128e-01
2.685259999999999869e-01
3.429639999999999911e-01
2.895849999999999813e-01
4.235300000000000176e-01
2.197840000000000071e-01
2.424920000000000131e-01
1.273880000000000012e-01
1.239510000000000056e-01
1.715919999999999945e-01
2.132759999999999934e-01
2.712010000000000254e-01
1.961529999999999940e-01
4.705099999999999838e-01
2.385170000000000068e-01
2.264039999999999941e-01
1.721340000000000092e-01
1.454860000000000042e-01
1.349889999999999979e-01
5.128759999999999986e-01
2.635299999999999865e-01
1.406000000000000028e-01
1.940800000000000025e-01
