1.860799999999999954e-01
1.908110000000000084e-01
3.015530000000000155e-01
2.589330000000000243e-01
1.361809999999999965e-01
3.114660000000000206e-01
2.697959999999999803e-01
4.121619999999999728e-01
3.848190000000000222e-01
5.664670000000000538e-01
3.034810000000000008e-01
2.895750000000000268e-01
2.474220000000000030e-01
1.436989999999999934e-01
1.828500000000000125e-01
2.897629999999999928e-01
3.643060000000000187e-01
2.312089999999999979e-01
3.036989999999999967e-01
3.631670000000000176e-01
2.873479999999999923e-01
5.321230000000000127e-01
2.483299999999999952e-01
4.476530000000000231e-01
1.242850000000000066e-01
3.014359999999999817e-01
3.793159999999999865e-01
5.350409999999999888e-01
1.553100000000000036e-01
2.671169999999999933e-01
3.222639999999999949e-01
2.565250000000000030e-01
3.145970000000000155e-01
2.229599999999999915e-01
1.865850000000000009e-01
2.463859999999999939e-01
2.091159999999999963e-01
4.173270000000000035e-01
4.156619999999999759e-01
2.609170000000000100e-01
4.438739999999999908e-01
2.108790000000000109e-01
2.757459999999999911e-01
3.192349999999999910e-01
2.869229999999999836e-01
4.378139999999999810e-01
2.430940000000000045e-01
2.898700000000000165e-01
1.148210000000000064e-01
1.579049999999999898e-01
2.108970000000000011e-01
1.768250000000000099e-01
2.022889999999999966e-01
1.540449999999999875e-01
4.193589999999999818e-01
2.563380000000000103e-01
1.238459999999999978e-01
3.480519999999999725e-01
1.735470000000000068e-01
1.252959999999999907e-01
3.196709999999999829e-01
5.272109999999999852e-01
2.510310000000000041e-01
2.688429999999999986e-01
5.536990000000000522e-01
2.724369999999999847e-01
3.546670000000000100e-01
2.850739999999999941e-01
2.961349999999999816e-01
1.774570000000000036e-01
1.624430000000000041e-01
2.110950000000000049e-01
