2.541629999999999723e-01
3.189400000000000013e-01
4.320689999999999809e-01
2.310669999999999946e-01
2.804479999999999751e-01
4.974459999999999993e-01
5.229780000000000539e-01
3.599970000000000114e-01
3.102150000000000185e-01
1.957520000000000093e-01
1.767340000000000022e-01
3.148329999999999740e-01
2.492699999999999916e-01
3.054230000000000000e-01
1.503980000000000039e-01
1.668880000000000086e-01
4.431269999999999931e-01
3.067520000000000246e-01
3.079060000000000130e-01
1.533499999999999863e-01
2.284130000000000049e-01
1.529250000000000054e-01
2.085259999999999891e-01
2.623650000000000149e-01
2.038149999999999962e-01
2.942750000000000088e-01
2.288650000000000129e-01
3.878650000000000153e-01
1.298999999999999877e-01
1.775819999999999899e-01
2.731190000000000007e-01
2.615640000000000187e-01
4.667069999999999830e-01
2.061379999999999879e-01
6.156509999999999483e-01
2.824729999999999741e-01
1.083139999999999936e-01
2.715489999999999848e-01
1.836820000000000119e-01
1.036119999999999958e-01
1.689670000000000061e-01
1.458679999999999977e-01
8.107699999999999629e-02
2.215479999999999949e-01
1.500720000000000109e-01
1.553839999999999943e-01
1.497380000000000100e-01
1.751530000000000031e-01
3.605320000000000191e-01
6.090609999999999635e-01
3.120919999999999805e-01
2.028079999999999883e-01
2.880679999999999907e-01
1.559359999999999913e-01
5.464879999999999738e-01
3.699310000000000098e-01
1.314329999999999943e-01
1.941410000000000080e-01
2.934649999999999759e-01
1.389890000000000014e-01
1.962649999999999950e-01
3.211700000000000110e-01
4.498519999999999741e-01
3.246899999999999786e-01
2.278799999999999992e-01
1.320719999999999950e-01
2.945510000000000073e-01
2.389860000000000040e-01
4.805159999999999987e-01
1.747499999999999887e-01
1.227450000000000069e-01
1.818309999999999926e-01
