8.758900000000000019e-02
1.414960000000000107e-01
4.716650000000000009e-01
1.816669999999999952e-01
1.970480000000000009e-01
2.253179999999999905e-01
2.346280000000000032e-01
1.523569999999999924e-01
1.570809999999999984e-01
2.257869999999999877e-01
1.956900000000000028e-01
8.318899999999999906e-02
9.861000000000000321e-02
1.716199999999999948e-01
2.243640000000000079e-01
3.069129999999999914e-01
5.243200000000000083e-01
2.537079999999999891e-01
2.456470000000000042e-01
3.744669999999999943e-01
2.629170000000000118e-01
4.234249999999999958e-01
2.250260000000000038e-01
4.529770000000000185e-01
2.480360000000000065e-01
1.667780000000000096e-01
2.808720000000000105e-01
2.645489999999999786e-01
2.434669999999999890e-01
3.616989999999999927e-01
3.565829999999999833e-01
1.488119999999999998e-01
1.774459999999999926e-01
1.392960000000000031e-01
2.094449999999999923e-01
2.641870000000000052e-01
9.525500000000000633e-02
1.812030000000000030e-01
1.978119999999999878e-01
3.177929999999999922e-01
1.869329999999999881e-01
3.078179999999999805e-01
1.811280000000000112e-01
1.328469999999999929e-01
1.738599999999999868e-01
3.918300000000000116e-01
1.692150000000000043e-01
2.663880000000000137e-01
1.703810000000000047e-01
2.791680000000000272e-01
