8.532199999999999507e-02
1.659009999999999929e-01
2.060859999999999914e-01
1.544329999999999870e-01
9.419800000000000395e-02
8.052299999999999736e-02
2.311100000000000099e-01
2.353909999999999891e-01
2.198269999999999946e-01
1.563130000000000075e-01
1.096390000000000003e-01
2.135279999999999956e-01
6.971920000000000339e-01
3.443660000000000054e-01
1.164769999999999972e-01
1.395710000000000006e-01
1.649410000000000043e-01
1.555850000000000011e-01
3.041989999999999972e-01
4.006390000000000229e-01
3.405590000000000006e-01
1.908360000000000056e-01
3.025729999999999809e-01
6.564039999999999875e-01
3.329130000000000145e-01
3.094239999999999768e-01
2.613969999999999905e-01
2.443130000000000024e-01
1.384029999999999982e-01
9.739200000000000634e-02
3.770789999999999975e-01
3.980389999999999762e-01
3.466359999999999997e-01
3.074270000000000058e-01
2.981889999999999818e-01
3.234920000000000018e-01
1.183820000000000011e-01
1.480440000000000089e-01
9.119900000000000229e-02
2.119379999999999875e-01
7.488899999999999724e-02
1.391370000000000107e-01
1.259440000000000004e-01
2.980059999999999931e-01
1.084979999999999972e-01
1.202799999999999980e-01
3.815129999999999910e-01
1.477849999999999997e-01
2.934649999999999759e-01
2.113939999999999986e-01
3.819480000000000097e-01
2.067879999999999996e-01
1.443099999999999938e-01
1.822310000000000041e-01
4.633840000000000181e-01
5.852389999999999537e-01
2.065849999999999909e-01
1.748490000000000044e-01
1.437900000000000011e-01
2.028179999999999983e-01
1.433349999999999902e-01
2.695719999999999783e-01
9.884099999999999830e-02
1.594440000000000024e-01
1.138470000000000037e-01
1.406250000000000000e-01
2.584429999999999783e-01
3.907010000000000205e-01
2.048709999999999976e-01
5.099890000000000256e-01
1.069269999999999943e-01
2.346000000000000030e-01
