0.240255
0.391797
0.216355
0.168230
0.163595
0.177679
0.180255
0.176433
0.178857
0.278569
0.189195
0.322252
0.199761
0.219804
0.214738
0.256210
0.388470
0.234508
0.139044
0.124126
0.354542
0.534151
0.225761
0.337126
0.396460
0.216664
0.269295
0.184694
0.335002
0.304092
0.342501
0.182979
0.316134
0.271138
0.260225
0.412327
0.544442
0.341607
0.225421
0.389450
0.429426
0.342616
0.233364
0.367035
0.202379
0.230469
0.322845
0.257445
0.290454
0.356166
0.270377
0.276201
0.264072
0.332651
0.367249
0.566224
0.384220
0.222244
0.380747
0.180072
0.438531
0.414457
0.329154
0.445337
0.596206
0.273556
0.527829
0.409884
0.323908
0.479650
0.351203
0.311916
0.386018
0.642669
0.402171
0.469117
0.389394
0.336533
0.533078
0.280527
0.452680
0.364600
0.594775
0.384884
0.213988
0.273234
0.296410
0.264635
0.293867
0.297627
0.576583
0.397582
0.361721
0.236516
0.304247
0.348941
0.324615
0.319505
0.206618
0.215249
0.316262
0.367607
0.342406
0.269915
0.203282
0.264695
0.282461
0.219471
0.366702
0.257298
0.160951
0.232996
0.553420
0.349113
0.382200
0.276546
0.311633
0.336902
0.215956
0.176733
0.487942
0.660357
0.391678
0.219736
0.307787
0.496718
0.404658
0.289407
0.375270
0.237388
0.326401
0.244561
0.225267
0.266751
0.594622
0.395097
0.246201
0.386468
0.146156
0.392528
0.250481
0.348716
0.441478
0.285833
0.245154
0.225769
0.328414
0.177883
0.255283
0.274675
0.259835
0.400031
0.272111
0.293673
0.243682
0.342367
0.351649
0.600223
0.177501
0.221019
0.246163
0.266107
0.202079
0.276917
0.144757
0.250582
0.335663
0.272061
0.169078
0.255091
0.217686
0.155776
0.193501
0.219096
0.219354
0.274758
0.187256
0.398753
0.242492
0.125529
0.428551
0.319069
0.213914
0.396055
0.275989
0.186525
0.339309
0.265757
0.361925
0.656496
0.222574
0.321241
0.210562
0.320604
0.432925
0.333371
0.333653
0.277280
0.135378
0.294379