8.934000000000000274e-02
9.278899999999999648e-02
4.891119999999999912e-01
2.242139999999999966e-01
6.872030000000000083e-01
2.996920000000000139e-01
1.296769999999999867e-01
3.182510000000000061e-01
5.227249999999999952e-01
2.605689999999999951e-01
5.131980000000000430e-01
3.544490000000000141e-01
3.105939999999999812e-01
2.520510000000000250e-01
1.516260000000000108e-01
1.048390000000000016e-01
1.043609999999999954e-01
1.558779999999999888e-01
2.611850000000000005e-01
1.841609999999999914e-01
1.536750000000000060e-01
2.966360000000000108e-01
2.697410000000000085e-01
3.466779999999999862e-01
2.172719999999999929e-01
2.493059999999999998e-01
5.483710000000000528e-01
2.906679999999999819e-01
2.346100000000000130e-01
1.288849999999999996e-01
3.934010000000000007e-01
1.713060000000000138e-01
8.048500000000000099e-02
1.521949999999999970e-01
1.037539999999999990e-01
1.604649999999999965e-01
2.142179999999999918e-01
1.758339999999999903e-01
2.463539999999999897e-01
1.620099999999999874e-01
2.765239999999999920e-01
2.207359999999999878e-01
1.274069999999999925e-01
2.905949999999999922e-01
1.080679999999999974e-01
2.105299999999999949e-01
1.563489999999999880e-01
3.058500000000000107e-01
6.887500000000000566e-02
1.076690000000000008e-01
1.535189999999999888e-01
2.199399999999999966e-01
4.422690000000000232e-01
3.342410000000000103e-01
2.151210000000000067e-01
2.833620000000000028e-01
1.327399999999999969e-01
1.122889999999999999e-01
2.154480000000000006e-01
1.414839999999999987e-01
2.614520000000000177e-01
1.688699999999999923e-01
1.411560000000000037e-01
2.623300000000000076e-01
6.387099999999999722e-02
1.018929999999999975e-01
2.143909999999999982e-01
2.096750000000000003e-01
1.753069999999999906e-01
2.714420000000000166e-01
1.260290000000000021e-01
1.466520000000000046e-01
2.007660000000000000e-01
3.218230000000000257e-01
2.472000000000000031e-01
1.933989999999999876e-01
1.161439999999999972e-01
1.416890000000000094e-01
1.944220000000000115e-01
1.603009999999999990e-01
9.322300000000000031e-02
9.370499999999999663e-02
2.139099999999999890e-01
2.726959999999999940e-01
2.562409999999999966e-01
1.257159999999999944e-01
1.338650000000000118e-01
1.297260000000000080e-01
2.550540000000000029e-01
1.663939999999999864e-01
1.043479999999999963e-01
2.226480000000000126e-01
3.528970000000000162e-01
1.965639999999999887e-01
1.959990000000000065e-01
2.070829999999999893e-01
8.978300000000000169e-02
1.973779999999999979e-01
