0.113102
0.143926
0.237129
0.246658
0.320258
0.131050
0.325790
0.482858
0.242823
0.269215
0.248536
0.424321
0.279363
0.230414
0.130040
0.330256
0.165275
0.339968
0.135851
0.122419
0.156514
0.143692
0.203421
0.292126
0.290290
0.197051
0.342724
0.427453
0.267175
0.531504
0.295977
0.224087
0.369847
0.219240
0.297443
0.490639
0.066935
0.103992
0.209696
0.290518
0.261459
0.233046
0.191418
0.255728
0.262622
0.218849
0.165567
0.299476
0.137131
0.218142
0.182034
0.165759
0.193786
0.109312
0.115508
0.222804
0.420145
0.218016
0.194708
0.123470
0.168306
0.199133
0.263199
0.133930
0.129064
0.164978
0.237759
0.158693
0.126869
0.282155
0.264607
0.130370
0.103228
0.204353
0.223387
0.196642
0.218592
0.427084
0.286153
0.192464
0.199811
0.202921
0.332376
0.466490
0.139012
0.185593
0.268331
0.447553
0.290160
0.536126
0.200509
0.205281
0.328692
0.195676
0.540888
0.224309
0.286234
0.126781
0.189487
0.238429
0.302895
0.116303
0.291096
0.447935
0.238295
0.266878
0.254603
0.409067
0.127697
0.239093
0.336210
0.546601
0.150234
0.186412
0.194848
0.248836
0.160707
0.328192
0.232358
0.401760
0.137047
0.273406
0.245255
0.154768
0.272741
0.180471
0.100309
0.218897