3.056860000000000133e-01
2.635859999999999870e-01
2.370889999999999942e-01
4.196980000000000155e-01
4.841929999999999845e-01
3.445590000000000042e-01
1.523549999999999904e-01
1.371239999999999959e-01
3.230390000000000206e-01
6.485760000000000414e-01
1.048520000000000008e-01
1.427879999999999983e-01
7.150800000000000212e-02
1.434070000000000067e-01
2.693559999999999843e-01
3.499530000000000141e-01
8.398700000000000609e-02
1.891690000000000038e-01
4.493320000000000092e-01
1.590540000000000009e-01
3.015800000000000147e-01
1.564810000000000090e-01
1.509739999999999971e-01
1.906579999999999941e-01
1.130609999999999948e-01
6.181400000000000089e-02
2.560020000000000073e-01
1.232749999999999957e-01
1.674430000000000085e-01
2.264859999999999929e-01
1.852709999999999912e-01
1.494719999999999938e-01
2.471659999999999968e-01
5.011790000000000411e-01
4.197949999999999737e-01
3.357800000000000229e-01
9.433800000000000519e-02
6.095899999999999930e-02
2.361169999999999936e-01
2.813629999999999742e-01
6.415200000000000069e-02
7.401299999999999546e-02
1.313769999999999938e-01
2.327589999999999937e-01
1.205969999999999959e-01
1.865600000000000036e-01
9.304099999999999870e-02
5.174999999999999739e-02
8.219999999999999529e-02
3.241459999999999897e-01
