0.250495
0.147169
0.288405
0.251473
0.384602
0.353523
0.695620
0.392541
0.259165
0.216812
0.493138
0.229321
0.441209
0.205868
0.296055
0.540123
0.483656
0.618430
0.095672
0.085780
0.085204
0.179370
0.236104
0.169487
0.160713
0.165193
0.115095
0.114412
0.317527
0.199021
0.202810
0.110939
0.127465
0.202541
0.153074
0.249121
0.213240
0.113928
0.168300
0.152241
0.151053
0.254193
0.184183
0.169747
0.139468
0.137031
0.332072
0.161405
0.121325
0.123354
0.270162
0.207625
0.262327
0.192787
0.112146
0.103326
0.467099
0.278838
0.304805
0.293594
0.107268
0.151019
0.190289
0.145426
0.396396
0.229006
0.302902
0.141019
0.198980
0.394041
0.258807
0.323036
0.313234
0.165749
0.250171
0.255270
0.327145
0.322140
0.306750
0.233758
0.167119
0.132708
0.429815
0.318692
0.180292
0.173142
0.218679
0.259831
0.279083
0.335686
0.130523
0.116502
0.196365
0.346545
0.259955
0.195334
0.259993
0.381370
0.137995
0.149825
0.195120
0.315305
0.142173
0.162852
0.176774
0.176836
0.201944
0.229739
0.252668
0.122121
0.268601
0.229061
0.607496
0.433421
0.290965
0.200480
0.411405
0.182801
0.713883
0.420920
0.097834
0.140970
0.188194
0.255133
0.264488
0.399369
0.149799
0.146714
0.408438
0.245516
0.540650
0.381660
0.205369
0.289133
0.165914
0.197002
0.282112
0.347791
0.160165
0.174489
0.136529
0.202963
0.326833
0.412816
0.127711
0.134907
0.242148
0.455085
0.212695
0.288953
0.193077
0.227093
0.317635
0.184776
0.236960
0.344933
0.139736
0.286539
0.229122
0.165308
0.164858
0.157744