2.402549999999999963e-01
3.917970000000000064e-01
2.163549999999999918e-01
1.682299999999999907e-01
1.635949999999999904e-01
1.776790000000000036e-01
1.802549999999999986e-01
1.764330000000000065e-01
1.788569999999999882e-01
2.785690000000000111e-01
1.891950000000000021e-01
3.222519999999999829e-01
1.997609999999999941e-01
2.198039999999999994e-01
2.147380000000000122e-01
2.562099999999999933e-01
3.884699999999999820e-01
2.345079999999999942e-01
1.390440000000000009e-01
1.241260000000000002e-01
3.545420000000000238e-01
5.341510000000000424e-01
2.257609999999999895e-01
3.371259999999999812e-01
3.964599999999999791e-01
2.166639999999999955e-01
2.692950000000000066e-01
1.846939999999999971e-01
3.350020000000000220e-01
3.040919999999999734e-01
3.425009999999999999e-01
1.829790000000000028e-01
3.161340000000000261e-01
2.711379999999999901e-01
2.602249999999999841e-01
4.123269999999999991e-01
5.444419999999999815e-01
3.416069999999999940e-01
2.254210000000000103e-01
3.894500000000000184e-01
4.294259999999999744e-01
3.426159999999999761e-01
2.333639999999999881e-01
3.670350000000000001e-01
2.023790000000000033e-01
2.304690000000000072e-01
3.228449999999999931e-01
2.574449999999999794e-01
2.904539999999999900e-01
3.561659999999999826e-01
2.703769999999999785e-01
2.762009999999999743e-01
2.640719999999999734e-01
3.326509999999999745e-01
3.672489999999999921e-01
5.662239999999999496e-01
3.842200000000000060e-01
2.222439999999999971e-01
3.807470000000000021e-01
1.800720000000000098e-01
4.385310000000000041e-01
4.144570000000000198e-01
3.291540000000000021e-01
4.453369999999999829e-01
5.962060000000000137e-01
2.735560000000000214e-01
5.278289999999999926e-01
4.098840000000000261e-01
3.239079999999999737e-01
4.796500000000000208e-01
3.512029999999999874e-01
3.119160000000000266e-01
3.860179999999999723e-01
6.426690000000000458e-01
4.021710000000000007e-01
4.691170000000000062e-01
3.893940000000000179e-01
3.365330000000000266e-01
5.330780000000000518e-01
2.805270000000000263e-01
4.526800000000000268e-01
3.645999999999999797e-01
5.947750000000000536e-01
3.848840000000000039e-01
2.139880000000000115e-01
2.732339999999999769e-01
2.964100000000000068e-01
2.646350000000000091e-01
2.938669999999999893e-01
2.976269999999999749e-01
5.765829999999999567e-01
3.975819999999999910e-01
3.617210000000000147e-01
2.365160000000000040e-01
3.042469999999999897e-01
3.489410000000000012e-01
3.246149999999999869e-01
3.195049999999999835e-01
2.066179999999999961e-01
2.152489999999999959e-01
3.162619999999999876e-01
3.676070000000000171e-01
3.424059999999999881e-01
2.699150000000000160e-01
2.032819999999999905e-01
2.646950000000000136e-01
2.824610000000000176e-01
2.194709999999999994e-01
3.667019999999999724e-01
2.572980000000000267e-01
1.609510000000000107e-01
2.329960000000000087e-01
5.534200000000000230e-01
3.491130000000000067e-01
3.821999999999999842e-01
2.765460000000000140e-01
3.116329999999999933e-01
3.369019999999999793e-01
2.159560000000000091e-01
1.767330000000000012e-01
4.879419999999999868e-01
6.603569999999999718e-01
3.916780000000000261e-01
2.197359999999999869e-01
3.077869999999999773e-01
4.967179999999999929e-01
4.046580000000000177e-01
2.894070000000000253e-01
3.752699999999999925e-01
2.373879999999999879e-01
3.264009999999999967e-01
2.445610000000000006e-01
2.252669999999999950e-01
2.667510000000000159e-01
5.946219999999999839e-01
3.950969999999999760e-01
2.462010000000000032e-01
3.864679999999999782e-01
1.461560000000000081e-01
3.925279999999999880e-01
2.504810000000000092e-01
3.487160000000000259e-01
4.414779999999999816e-01
2.858330000000000037e-01
2.451540000000000108e-01
2.257689999999999975e-01
3.284139999999999837e-01
1.778830000000000133e-01
2.552829999999999822e-01
2.746750000000000025e-01
2.598349999999999826e-01
4.000310000000000255e-01
2.721109999999999918e-01
2.936730000000000174e-01
2.436820000000000097e-01
3.423669999999999769e-01
3.516489999999999894e-01
6.002229999999999510e-01
1.775009999999999921e-01
2.210189999999999932e-01
2.461629999999999929e-01
2.661069999999999824e-01
2.020790000000000086e-01
2.769170000000000242e-01
1.447569999999999968e-01
2.505820000000000269e-01
3.356629999999999892e-01
2.720609999999999973e-01
1.690780000000000061e-01
2.550910000000000122e-01
2.176859999999999906e-01
1.557759999999999978e-01
1.935010000000000063e-01
2.190960000000000130e-01
2.193539999999999934e-01
2.747580000000000022e-01
1.872560000000000058e-01
3.987530000000000241e-01
2.424920000000000131e-01
1.255290000000000017e-01
4.285510000000000153e-01
3.190689999999999915e-01
2.139139999999999930e-01
3.960549999999999904e-01
2.759889999999999843e-01
1.865249999999999964e-01
3.393090000000000273e-01
2.657570000000000210e-01
3.619249999999999967e-01
6.564959999999999685e-01
2.225739999999999941e-01
3.212409999999999988e-01
2.105619999999999992e-01
3.206040000000000001e-01
4.329250000000000043e-01
3.333709999999999729e-01
3.336529999999999774e-01
2.772800000000000264e-01
1.353779999999999983e-01
2.943790000000000018e-01
