0.125150
0.200674
0.240988
0.401129
0.173658
0.356375
0.195879
0.314215
0.190197
0.154043
0.161595
0.184372
0.268014
0.316485
0.166584
0.134963
0.180095
0.253612
0.364286
0.210397
0.121817
0.158699
0.111851
0.259701
0.286140
0.146644
0.123311
0.168123
0.167653
0.099901
0.111234
0.143292
0.211946
0.195866
0.158691
0.103400
0.130367
0.131618
0.149684
0.277464
0.158371
0.244970
0.256715
0.155875
0.235028
0.177689
0.259312
0.500529
0.170849
0.254353
0.344821
0.146362
0.427952
0.178204
0.126679
0.288140
0.211935
0.441559
0.283866
0.435446
0.457089
0.232497
0.141048
0.219516
0.219213
0.381725
0.093731
0.160118
0.258211
0.145477
0.140888
0.134438
0.163273
0.354356
0.329672
0.199801
0.393607
0.151168
0.374501
0.257778
0.260948
0.229936
0.224384
0.385303
0.287065
0.349054
0.225899
0.238592
0.286443
0.245480
0.181803
0.194977
0.264961
0.388091
0.162388
0.179991
0.182412
0.225249
0.342010
0.417973
0.157103
0.287831
0.283722
0.144336
0.667638
0.508404
0.287570
0.640345
0.203937
0.291619
0.098569
0.134623
0.822899
0.484708
0.206737
0.389989
0.131364
0.246150
0.312523
0.487770
0.191178
0.431854
0.472084
0.254956
0.411003
0.232905
0.151530
0.248834
0.378765
0.176550
0.163759
0.185664
0.173929
0.319540
0.139634
0.198917
0.158618
0.225720
0.400594
0.677633
0.540211
0.269790
0.156307
0.263851
0.212981
0.447927
0.281013
0.159130
0.279208
0.174730
0.145288
0.362778
0.181346
0.434897
0.104246
0.107178
0.460340
0.213317
0.438166
0.308004
0.210093
0.283607
0.199403
0.387383
0.350998
0.242729
0.231075
0.175435
0.365979
0.255599
0.172618
0.179169
0.204629
0.359551
0.201605
0.146005
0.112808
0.195223
0.351914
0.301433
0.208730
0.208056
0.169690
0.216214
0.364891
0.231460
0.344110
0.195008
0.134848
0.174716
0.203091
0.143451
0.359688
0.236583
0.148271
0.245031
0.170588
0.164844
0.173233
0.342768