0.348884
0.244160
0.376380
0.203250
0.269707
0.290470
0.215061
0.209093
0.169353
0.293729
0.312017
0.330647
0.301047
0.594162
0.335107
0.398903
0.361136
0.602579
0.258083
0.449131
0.246867
0.254930
0.209728
0.168323
0.323133
0.238358
0.215466
0.187689
0.308830
0.182587
0.374639
0.314345
0.281800
0.306194
0.420627
0.319508
0.306012
0.304607
0.255991
0.322389
0.357000
0.224032
0.163756
0.132540
0.102976
0.132057
0.168914
0.154089
0.140622
0.141784
0.301743
0.221574
0.235909
0.238114
0.281981
0.316696
0.241613
0.257304
0.214322
0.210157
0.239995
0.430865
0.165980
0.194205
0.305059
0.261759
0.129164
0.151320
0.310389
0.144792
0.758643
0.367832
0.601713
0.322739
0.437595
0.279180
0.305930
0.301858
0.181960
0.380407
0.225556
0.235851
0.185363
0.171522
0.465403
0.366059
0.465423
0.256894
0.236529
0.151075
0.391067
0.210230
0.303467
0.209817
0.332210
0.545050
0.286456
0.288476
0.218420
0.366156
0.144372
0.204797
0.149192
0.170388
0.239012
0.407797
0.146140
0.134875
0.141661
0.126020
0.139392
0.240394
0.273968
0.163635
0.412566
0.227110
0.268294
0.226275
0.391095
0.482626
0.322247
0.205213
0.134761
0.150716
0.218256
0.383626
0.167534
0.177853
0.139389
0.155457
0.298311
0.225609
0.146810
0.259972
0.331595
0.297297
0.316185
0.444894
0.187004
0.190430
0.144669
0.183872
0.120121
0.142473
0.165275
0.176397
0.244141
0.133483
0.277422
0.145085
0.243290
0.192052
0.184430
0.315031
0.159896
0.285237
0.212472
0.169272
0.158933
0.317549
0.211232
0.217069
0.283743
0.186157
0.255549
0.172250
0.167618
0.298764
0.144683
0.153058
0.233140
0.294291
0.263093
0.191629
0.323822
0.272734
0.117415
0.190159
0.195282
0.231960
0.257079
0.233612
0.166796
0.356606
0.235566
0.298872
0.159890
0.388650
0.168306
0.324471
0.225106
0.370812
0.271173
0.303536
0.510188
0.589109
0.281708
0.332730
0.282122
0.145601