9.508099999999999885e-02
1.671700000000000130e-01
3.877639999999999976e-01
4.141310000000000269e-01
1.888819999999999943e-01
4.188040000000000096e-01
3.643520000000000092e-01
3.967209999999999903e-01
1.014110000000000011e-01
2.106369999999999909e-01
1.795069999999999999e-01
2.823879999999999724e-01
6.963289999999999758e-01
5.294339999999999602e-01
1.737059999999999993e-01
2.555350000000000121e-01
2.119570000000000065e-01
4.045739999999999892e-01
1.388850000000000084e-01
2.731799999999999784e-01
1.914939999999999976e-01
3.758489999999999887e-01
2.840099999999999847e-01
2.229389999999999983e-01
1.812139999999999862e-01
3.444439999999999724e-01
2.665560000000000151e-01
1.671459999999999890e-01
2.425630000000000008e-01
2.110889999999999989e-01
1.849149999999999960e-01
2.567630000000000190e-01
1.633300000000000030e-01
3.030570000000000208e-01
1.736840000000000050e-01
1.693320000000000103e-01
9.302900000000000058e-02
9.329199999999999993e-02
2.551849999999999952e-01
3.006570000000000076e-01
7.937900000000000511e-02
2.713869999999999894e-01
2.916110000000000091e-01
2.153180000000000094e-01
1.295820000000000027e-01
8.075100000000000333e-02
1.954750000000000099e-01
1.455230000000000135e-01
1.238839999999999941e-01
2.026209999999999956e-01
1.682559999999999889e-01
1.293640000000000068e-01
1.618199999999999916e-01
1.102579999999999949e-01
1.483399999999999996e-01
1.529290000000000094e-01
1.878839999999999955e-01
4.504079999999999750e-01
2.815610000000000057e-01
2.928049999999999820e-01
2.760509999999999908e-01
3.301250000000000018e-01
1.526009999999999867e-01
1.573479999999999879e-01
4.312969999999999859e-01
2.489310000000000134e-01
2.366290000000000060e-01
2.614130000000000065e-01
2.325240000000000085e-01
1.693369999999999875e-01
3.725939999999999808e-01
2.169389999999999930e-01
2.197489999999999999e-01
4.610679999999999779e-01
4.260030000000000205e-01
4.383469999999999867e-01
4.751799999999999913e-01
2.628590000000000093e-01
4.283359999999999945e-01
4.206860000000000044e-01
2.728539999999999854e-01
1.539979999999999960e-01
3.383160000000000056e-01
2.603050000000000086e-01
2.109890000000000099e-01
4.592780000000000196e-01
6.442700000000000093e-01
3.070809999999999929e-01
2.750179999999999847e-01
1.624390000000000001e-01
1.079849999999999977e-01
1.728860000000000119e-01
2.855929999999999858e-01
2.695560000000000178e-01
2.687060000000000004e-01
1.832489999999999952e-01
3.011199999999999988e-01
3.168130000000000113e-01
1.446060000000000123e-01
1.121019999999999933e-01
1.360570000000000113e-01
3.011670000000000180e-01
2.618789999999999729e-01
1.825700000000000101e-01
1.422200000000000131e-01
1.096530000000000005e-01
1.596370000000000011e-01
7.450600000000000278e-02
3.178779999999999939e-01
1.567040000000000100e-01
4.146630000000000038e-01
3.814370000000000260e-01
4.181619999999999782e-01
7.698479999999999768e-01
3.341549999999999798e-01
4.084940000000000238e-01
2.121879999999999877e-01
4.359739999999999727e-01
2.907710000000000017e-01
5.627739999999999965e-01
1.682800000000000129e-01
1.774890000000000079e-01
2.087900000000000034e-01
2.705259999999999887e-01
1.643739999999999923e-01
2.518110000000000070e-01
1.526700000000000002e-01
1.752920000000000034e-01
7.610409999999999675e-01
4.843859999999999832e-01
3.188500000000000223e-01
2.652379999999999738e-01
4.072580000000000089e-01
6.864460000000000006e-01
1.720639999999999947e-01
2.945579999999999865e-01
5.095269999999999522e-01
3.293090000000000184e-01
2.523009999999999975e-01
3.759629999999999916e-01
2.018890000000000129e-01
2.333999999999999964e-01
3.309389999999999832e-01
1.930739999999999956e-01
1.624750000000000083e-01
1.673550000000000038e-01
4.212150000000000061e-01
2.621649999999999814e-01
3.442760000000000264e-01
2.909410000000000052e-01
2.551059999999999994e-01
4.070840000000000014e-01
1.827699999999999880e-01
1.582550000000000068e-01
3.289170000000000149e-01
2.270349999999999868e-01
2.431919999999999915e-01
3.953030000000000155e-01
4.981590000000000185e-01
2.484419999999999962e-01
1.162090000000000067e-01
2.021380000000000121e-01
