3.023660000000000236e-01
4.140659999999999896e-01
4.602330000000000032e-01
4.989660000000000206e-01
5.611439999999999761e-01
5.794219999999999926e-01
3.805419999999999914e-01
3.344489999999999963e-01
2.232240000000000058e-01
1.554550000000000098e-01
3.074689999999999923e-01
3.969230000000000258e-01
6.084310000000000551e-01
3.797440000000000260e-01
2.694819999999999993e-01
2.816890000000000227e-01
3.881689999999999863e-01
2.648010000000000086e-01
1.694749999999999868e-01
3.435449999999999893e-01
3.937419999999999809e-01
4.910180000000000100e-01
5.203419999999999712e-01
5.769760000000000444e-01
3.042639999999999789e-01
5.849259999999999460e-01
3.881729999999999903e-01
1.398770000000000013e-01
3.333439999999999737e-01
2.811799999999999855e-01
2.383220000000000061e-01
4.067990000000000217e-01
3.995520000000000183e-01
3.117840000000000056e-01
2.600939999999999919e-01
1.783129999999999993e-01
4.883410000000000251e-01
3.444659999999999944e-01
3.884440000000000115e-01
6.612230000000000052e-01
4.023630000000000262e-01
5.751680000000000126e-01
6.480829999999999647e-01
4.331809999999999827e-01
2.076399999999999912e-01
1.103670000000000068e-01
2.587709999999999733e-01
2.808559999999999945e-01
5.434630000000000294e-01
3.840120000000000200e-01
2.441859999999999864e-01
2.684030000000000027e-01
1.400909999999999933e-01
1.542300000000000060e-01
3.170080000000000120e-01
3.074979999999999936e-01
6.963129999999999598e-01
5.042579999999999840e-01
4.931880000000000153e-01
5.873770000000000380e-01
5.281510000000000371e-01
7.088590000000000169e-01
2.548599999999999755e-01
2.191140000000000032e-01
2.464929999999999899e-01
3.091920000000000224e-01
3.648600000000000176e-01
5.288549999999999640e-01
2.921900000000000053e-01
2.441260000000000097e-01
2.563199999999999923e-01
4.033050000000000246e-01
3.525699999999999945e-01
4.800289999999999835e-01
5.982020000000000115e-01
3.499929999999999986e-01
3.778099999999999792e-01
6.504170000000000229e-01
5.038380000000000081e-01
5.855010000000000492e-01
5.163790000000000324e-01
1.291509999999999880e-01
4.761000000000000232e-01
7.735800000000000454e-01
3.346560000000000090e-01
5.284119999999999928e-01
3.085510000000000197e-01
5.377480000000000038e-01
3.938690000000000246e-01
6.859220000000000317e-01
7.461900000000000199e-01
4.293100000000000249e-01
3.752550000000000052e-01
6.124300000000000299e-01
6.281879999999999686e-01
4.551930000000000143e-01
5.704660000000000286e-01
4.645770000000000177e-01
1.378800000000000026e-01
5.820149999999999491e-01
2.495789999999999953e-01
3.817909999999999915e-01
5.125520000000000076e-01
2.864410000000000012e-01
6.391470000000000207e-01
4.592649999999999788e-01
2.338339999999999863e-01
1.248129999999999934e-01
3.482199999999999740e-01
3.687639999999999807e-01
5.000799999999999690e-01
4.010190000000000143e-01
4.438369999999999815e-01
5.405879999999999574e-01
7.204530000000000101e-01
3.995850000000000235e-01
2.527360000000000162e-01
1.960810000000000053e-01
2.705480000000000107e-01
5.157180000000000097e-01
2.266219999999999901e-01
4.732190000000000007e-01
2.633469999999999978e-01
3.308090000000000197e-01
2.251470000000000138e-01
2.982699999999999796e-01
3.814690000000000025e-01
3.697380000000000111e-01
5.067450000000000010e-01
4.699760000000000049e-01
4.708229999999999915e-01
5.700690000000000479e-01
4.870619999999999949e-01
4.619869999999999810e-01
3.772949999999999915e-01
4.669130000000000225e-01
3.870750000000000024e-01
3.352330000000000032e-01
3.932910000000000017e-01
4.243810000000000082e-01
2.134020000000000084e-01
2.592200000000000060e-01
3.044629999999999836e-01
2.439780000000000004e-01
4.222219999999999862e-01
2.761480000000000046e-01
4.045799999999999952e-01
5.688739999999999908e-01
6.620089999999999586e-01
4.564509999999999956e-01
4.130940000000000167e-01
3.898479999999999723e-01
5.247209999999999930e-01
6.233119999999999772e-01
4.011449999999999738e-01
2.766029999999999878e-01
4.982840000000000047e-01
3.194790000000000130e-01
2.799690000000000234e-01
2.652399999999999758e-01
1.318459999999999910e-01
2.838280000000000247e-01
