1.459679999999999866e-01
2.101290000000000102e-01
2.319209999999999883e-01
4.015050000000000008e-01
2.900670000000000193e-01
4.342050000000000076e-01
3.629820000000000269e-01
3.224090000000000011e-01
1.328000000000000014e-01
1.494939999999999880e-01
1.749749999999999917e-01
1.476750000000000007e-01
4.408850000000000269e-01
2.778769999999999851e-01
2.004479999999999873e-01
1.685699999999999976e-01
6.193400000000000294e-02
2.072319999999999995e-01
1.691439999999999888e-01
1.266740000000000088e-01
1.926410000000000067e-01
2.640080000000000204e-01
8.870500000000000607e-02
8.698000000000000176e-02
1.357019999999999893e-01
1.443599999999999883e-01
8.315500000000000669e-02
1.696290000000000020e-01
2.184949999999999948e-01
2.514080000000000203e-01
2.479210000000000025e-01
4.440640000000000143e-01
1.284849999999999881e-01
1.648390000000000133e-01
4.291690000000000227e-01
2.556919999999999749e-01
1.522830000000000017e-01
1.683449999999999946e-01
2.326400000000000134e-01
3.902880000000000238e-01
4.920550000000000201e-01
3.322829999999999950e-01
2.639159999999999839e-01
2.365200000000000080e-01
1.560970000000000135e-01
2.067309999999999981e-01
4.729519999999999835e-01
2.608070000000000110e-01
2.257290000000000130e-01
1.420639999999999958e-01
1.674750000000000127e-01
1.858360000000000012e-01
3.534149999999999792e-01
2.071719999999999950e-01
2.524330000000000185e-01
1.895689999999999875e-01
3.422189999999999954e-01
2.785429999999999851e-01
2.609509999999999885e-01
2.664409999999999834e-01
2.704300000000000037e-01
2.833430000000000115e-01
4.096629999999999994e-01
4.254109999999999836e-01
2.689070000000000071e-01
2.014720000000000122e-01
5.138899999999999579e-01
2.842120000000000202e-01
3.148869999999999725e-01
2.703780000000000072e-01
5.056739999999999569e-01
2.638730000000000242e-01
1.970540000000000069e-01
2.218330000000000024e-01
1.940689999999999915e-01
2.144610000000000127e-01
3.690120000000000067e-01
3.088099999999999734e-01
1.662430000000000019e-01
1.371219999999999939e-01
7.688300000000000689e-02
1.305669999999999886e-01
2.562220000000000053e-01
2.151000000000000134e-01
2.047150000000000081e-01
2.441010000000000124e-01
1.767330000000000012e-01
4.494170000000000109e-01
1.784830000000000028e-01
2.116619999999999890e-01
3.357680000000000109e-01
2.764010000000000078e-01
2.271960000000000091e-01
1.203649999999999998e-01
1.814520000000000022e-01
1.700949999999999962e-01
1.046060000000000045e-01
1.379529999999999923e-01
