0.114513
0.137569
0.212741
0.149665
0.389211
0.228045
0.280119
0.179092
0.314808
0.190182
0.312268
0.152724
0.145999
0.264604
0.125393
0.107981
0.220904
0.191862
0.109592
0.144646
0.177871
0.236988
0.531871
0.271597
0.162459
0.146599
0.304206
0.139178
0.181521
0.270675
0.259848
0.138508
0.289453
0.175931
0.307991
0.188657
0.140180
0.271018
0.410874
0.229669
0.113043
0.126001
0.144333
0.213260
0.225804
0.411314
0.201811
0.124096
0.223233
0.332149
0.188527
0.177938
0.177951
0.202520
0.092810
0.205299
0.124449
0.120290
0.146781
0.120537
0.179533
0.224425
0.125117
0.113861
0.230964
0.219966
0.211384
0.263752
0.327232
0.571025
0.248080
0.314560
0.321550
0.191420
0.166659
0.195787
0.294787
0.453945
0.169339
0.160728
0.245705
0.198907
0.462677
0.283204
0.293575
0.455388
0.284898
0.242555
0.159896
0.149051
0.095291
0.125229
0.236329
0.292674
0.304473
0.161282
0.107749
0.162556
0.121466
0.256246
0.201203
0.131209
0.119804
0.203223
0.095400
0.113112
0.082254
0.135985
0.090940
0.187251
0.075861
0.084864
0.546592
0.310263
0.299697
0.148030
0.257818
0.287368
0.338391
0.232774
0.202901
0.414954
0.407019
0.197563
0.379898
0.601238
0.174069
0.100261