1.516339999999999910e-01
3.989699999999999913e-01
1.050630000000000036e-01
9.794300000000000228e-02
2.722069999999999768e-01
1.500259999999999927e-01
2.456609999999999905e-01
3.289850000000000274e-01
1.575890000000000069e-01
2.664560000000000262e-01
1.343250000000000000e-01
1.726479999999999959e-01
2.443510000000000126e-01
1.701189999999999924e-01
1.433129999999999959e-01
1.988040000000000085e-01
1.851369999999999960e-01
1.671249999999999958e-01
3.518879999999999786e-01
3.529320000000000235e-01
4.047959999999999892e-01
1.851460000000000050e-01
2.768140000000000045e-01
3.960879999999999956e-01
6.521799999999999820e-01
4.052479999999999971e-01
5.195269999999999611e-01
7.187080000000000135e-01
1.812549999999999994e-01
2.611229999999999940e-01
4.055659999999999821e-01
5.295609999999999484e-01
3.827169999999999739e-01
3.324869999999999770e-01
2.600359999999999894e-01
5.430199999999999472e-01
2.739519999999999733e-01
3.013790000000000080e-01
1.315570000000000073e-01
1.295340000000000102e-01
1.923229999999999940e-01
1.276309999999999945e-01
2.161129999999999995e-01
2.276529999999999943e-01
2.801629999999999954e-01
3.214080000000000270e-01
1.670040000000000135e-01
1.803400000000000003e-01
3.367260000000000253e-01
4.837810000000000166e-01
2.888680000000000136e-01
2.344350000000000045e-01
2.107960000000000111e-01
1.960989999999999955e-01
2.584560000000000191e-01
3.308189999999999742e-01
4.220439999999999747e-01
1.886130000000000029e-01
2.536019999999999941e-01
2.318910000000000138e-01
8.220600000000000129e-02
9.571599999999999553e-02
2.332420000000000049e-01
4.135900000000000132e-01
1.875080000000000080e-01
3.778170000000000139e-01
2.879630000000000245e-01
2.841409999999999769e-01
3.545510000000000050e-01
2.262760000000000049e-01
1.380079999999999918e-01
2.232010000000000105e-01
2.323919999999999875e-01
2.611899999999999777e-01
9.617699999999999860e-02
1.211620000000000058e-01
1.840710000000000124e-01
2.255610000000000115e-01
1.439000000000000001e-01
2.454020000000000090e-01
7.886999999999999567e-02
2.006489999999999940e-01
1.932280000000000109e-01
1.248189999999999994e-01
2.710659999999999736e-01
2.343109999999999915e-01
2.463039999999999952e-01
2.834470000000000045e-01
3.660229999999999873e-01
1.729860000000000009e-01
7.071190000000000531e-01
3.485670000000000157e-01
3.240149999999999975e-01
1.799449999999999938e-01
2.682229999999999892e-01
2.889829999999999899e-01
2.448309999999999931e-01
2.748340000000000227e-01
3.723770000000000135e-01
3.348459999999999770e-01
3.138460000000000139e-01
2.171460000000000057e-01
3.043589999999999907e-01
5.343769999999999909e-01
3.870629999999999904e-01
6.715149999999999730e-01
4.525290000000000146e-01
3.036550000000000082e-01
1.327280000000000126e-01
2.568079999999999807e-01
8.844799999999999884e-02
9.800799999999999790e-02
1.797960000000000114e-01
3.061010000000000120e-01
1.610870000000000080e-01
1.951370000000000049e-01
2.378119999999999956e-01
1.829419999999999935e-01
2.850469999999999948e-01
1.416630000000000111e-01
1.512070000000000081e-01
3.041690000000000227e-01
4.246590000000000087e-01
1.849780000000000035e-01
1.884029999999999871e-01
1.506589999999999874e-01
3.142209999999999726e-01
5.402949999999999697e-01
1.107279999999999931e-01
1.975260000000000071e-01
1.732799999999999896e-01
3.133690000000000087e-01
2.106699999999999962e-01
2.249009999999999898e-01
3.188099999999999823e-01
1.517070000000000085e-01
3.467189999999999994e-01
1.786409999999999942e-01
2.690649999999999986e-01
1.917280000000000095e-01
1.401050000000000073e-01
2.922609999999999930e-01
1.996090000000000086e-01
1.870509999999999950e-01
3.426980000000000026e-01
2.268229999999999968e-01
1.238780000000000020e-01
1.517409999999999870e-01
2.783300000000000218e-01
3.359070000000000111e-01
1.474860000000000060e-01
2.435940000000000050e-01
2.985189999999999788e-01
4.614260000000000028e-01
3.159689999999999999e-01
1.576909999999999978e-01
2.664540000000000242e-01
4.265100000000000002e-01
1.805799999999999905e-01
3.697699999999999876e-01
1.526659999999999962e-01
2.091089999999999893e-01
