0.182619
0.214136
0.231792
0.221630
0.180833
0.284726
0.221069
0.239165
0.354957
0.349257
0.428894
0.366503
0.355256
0.574892
0.186167
0.263982
0.163928
0.238987
0.475424
0.271768
0.297935
0.282804
0.132522
0.239274
0.432785
0.247024
0.295044
0.492266
0.397901
0.407266
0.384817
0.559913
0.273947
0.395795
0.256704
0.314534
0.249473
0.217881
0.310446
0.593877
0.395364
0.615995
0.295597
0.314021
0.329953
0.210051
0.376653
0.285404
0.388689
0.465405
0.496442
0.522105
0.444651
0.298199
0.354936
0.281126
0.568397
0.327421
0.282675
0.364558
0.260913
0.322744
0.256769
0.249944
0.188425
0.241659
0.215214
0.251922
0.510286
0.642331
0.856236
0.508841
0.678676
0.473569
0.628345
0.370396
0.262334
0.223589
0.584455
0.301049
0.214725
0.226113
0.263830
0.524136
0.147947
0.177220
0.274544
0.202757
0.277913
0.390050
0.328072
0.458827
0.306272
0.297448
0.399735
0.226801
0.341139
0.203619
0.252515
0.232028
0.252879
0.386850
0.176336
0.152038
0.129985
0.160784
0.167786
0.199819
0.414467
0.368697
0.289611
0.559958
0.218866
0.277319
0.222752
0.129836
0.165166
0.160500
0.202772
0.140514
0.389752
0.223040
0.215696
0.223642
0.171200
0.317310
0.236501
0.193118
0.252630
0.429792
0.480854
0.253124
0.194470
0.276787
0.272166
0.176726
0.506510
0.227156
0.245622
0.198272
0.269407
0.279442
0.252571
0.610352
0.247256
0.407110
0.269254
0.215089
0.340885
0.428844
0.553946
0.325192
0.433278
0.251748
0.138235
0.205870
0.240205
0.216675
0.322682
0.181790
0.250302
0.312593
0.238605
0.280830
0.199070
0.248793
0.537691
0.283710
0.287954
0.492255
0.602009
0.364739
0.425150
0.224776
0.343257
0.182753
0.159479
0.184432
0.334090
0.262137
0.218006
0.352202
0.262925
0.193759
0.143370
0.164109
0.271524
0.459500
0.352769
0.245522
0.382768
0.348326
0.239751
0.324999
0.250301
0.387530
0.159404
0.207799
0.165239
0.291359