6.427700000000000080e-02
6.747799999999999632e-02
1.753450000000000009e-01
1.355760000000000021e-01
1.659879999999999967e-01
2.500609999999999777e-01
5.179650000000000087e-01
2.337110000000000021e-01
3.677270000000000261e-01
2.103790000000000104e-01
1.883620000000000017e-01
1.707220000000000126e-01
4.081130000000000035e-01
2.529140000000000277e-01
3.389380000000000170e-01
5.668840000000000545e-01
2.601879999999999749e-01
2.357630000000000003e-01
3.993099999999999983e-01
2.327539999999999887e-01
1.173840000000000022e-01
1.375649999999999928e-01
8.003200000000000591e-02
1.160380000000000023e-01
7.370599999999999374e-02
1.725710000000000022e-01
1.956040000000000001e-01
1.833069999999999977e-01
3.060289999999999955e-01
1.883199999999999874e-01
3.778639999999999777e-01
1.847229999999999983e-01
1.238070000000000004e-01
2.095799999999999885e-01
2.225679999999999881e-01
3.964110000000000134e-01
1.088950000000000057e-01
1.630880000000000107e-01
1.753979999999999984e-01
1.511520000000000086e-01
3.280000000000000138e-01
1.503289999999999904e-01
1.659120000000000039e-01
1.239409999999999956e-01
1.363989999999999925e-01
2.419270000000000032e-01
2.555749999999999966e-01
1.613259999999999972e-01
4.918899999999999662e-02
5.902500000000000108e-02
