0.089507
0.116840
0.206478
0.168096
0.179975
0.276141
0.262963
0.143948
0.267204
0.191188
0.291318
0.434196
0.163949
0.361830
0.190414
0.198364
0.173228
0.357791
0.190532
0.120413
0.085534
0.162948
0.119867
0.188481
0.227522
0.154866
0.406419
0.276184
0.385827
0.182892
0.091571
0.123076
0.156777
0.159862
0.148300
0.289137
0.159689
0.199568
0.180754
0.361703
0.106825
0.191426
0.224933
0.369682
0.150004
0.245119
0.187820
0.404120
0.142188
0.131171
0.157916
0.190513
0.160724
0.142899
0.168054
0.115454
0.175930
0.144268
0.179408
0.198475
0.094537
0.189701
0.188606
0.163203
0.179796
0.171182
0.106201
0.122661
0.255596
0.151698
0.129110
0.252446
0.205615
0.178127
0.385326
0.216243
0.232683
0.452776
0.224367
0.216460
0.123952
0.142890
0.221447
0.147463
0.140443
0.143377
0.223998
0.178933
0.152696
0.174467
0.195047
0.157586
0.165958
0.165589
0.238264
0.185161
0.208564
0.325924
0.235706
0.200837
0.121020
0.175056
0.144112
0.250436
0.173990
0.314989
0.156876
0.153817
0.264132
0.490029
0.246302
0.439612
0.299585
0.239043
0.315021
0.566708
0.228491
0.316774
0.267364
0.232658
0.206632
0.116858
0.254996
0.217309
0.223008
0.170718
0.230411
0.208498
0.230783
0.189743
0.182001
0.296242
0.248800
0.440841
0.491332
0.262816
0.245403
0.230264
0.163614
0.160261
0.359197
0.272072
0.201899
0.357390
0.234600
0.373673
0.154614
0.208255
0.468386
0.242141
0.201406
0.242873
0.159956
0.260408
0.214385
0.210543
0.158561
0.139349
0.163310
0.199846
0.091996
0.118971