1.024100000000000010e-01
2.526220000000000132e-01
2.601100000000000079e-01
2.404570000000000041e-01
2.620839999999999836e-01
1.359670000000000045e-01
1.437849999999999961e-01
2.125819999999999932e-01
1.239180000000000004e-01
1.377279999999999893e-01
1.646350000000000036e-01
1.312679999999999958e-01
2.892199999999999771e-01
1.665290000000000104e-01
2.268850000000000033e-01
3.012739999999999863e-01
2.564279999999999893e-01
4.443199999999999927e-01
1.146979999999999944e-01
2.926909999999999790e-01
1.484429999999999916e-01
2.557380000000000209e-01
2.807990000000000208e-01
1.225709999999999994e-01
1.624150000000000038e-01
1.428339999999999888e-01
1.328100000000000114e-01
1.707770000000000121e-01
1.469979999999999898e-01
1.708290000000000086e-01
2.732840000000000269e-01
2.825900000000000079e-01
2.903950000000000142e-01
5.403510000000000257e-01
3.726419999999999733e-01
2.443730000000000069e-01
7.700400000000000300e-02
9.113300000000000567e-02
2.880050000000000110e-01
2.524750000000000050e-01
3.948539999999999828e-01
1.928249999999999964e-01
1.935360000000000136e-01
2.291799999999999948e-01
4.135590000000000099e-01
1.928400000000000114e-01
3.724080000000000168e-01
3.373010000000000175e-01
1.876710000000000045e-01
2.848260000000000236e-01
3.604439999999999866e-01
1.642170000000000019e-01
1.613070000000000059e-01
1.603100000000000080e-01
1.154789999999999983e-01
1.485619999999999996e-01
1.855489999999999917e-01
1.365560000000000107e-01
2.293189999999999951e-01
3.520179999999999976e-01
1.760269999999999890e-01
1.758389999999999953e-01
5.089609999999999967e-01
3.307590000000000252e-01
1.300520000000000009e-01
3.501219999999999888e-01
4.285880000000000245e-01
2.114330000000000098e-01
4.689550000000000107e-01
2.637740000000000085e-01
3.557960000000000012e-01
2.447249999999999981e-01
1.166340000000000016e-01
9.711500000000000687e-02
2.532269999999999799e-01
5.031510000000000149e-01
4.149990000000000068e-01
1.896220000000000128e-01
6.402710000000000345e-01
4.505810000000000093e-01
3.640880000000000227e-01
1.769040000000000057e-01
4.475160000000000249e-01
7.812540000000000040e-01
1.797330000000000039e-01
2.543159999999999865e-01
4.242210000000000147e-01
5.570610000000000284e-01
2.226170000000000093e-01
5.409279999999999644e-01
1.846730000000000038e-01
1.178099999999999981e-01
1.846250000000000113e-01
2.010740000000000027e-01
4.715639999999999832e-01
3.963289999999999869e-01
1.546329999999999927e-01
2.796040000000000192e-01
3.115060000000000051e-01
2.278449999999999920e-01
3.947100000000000053e-01
2.051310000000000078e-01
2.576990000000000114e-01
3.766470000000000096e-01
1.595999999999999919e-01
2.519390000000000240e-01
1.885040000000000049e-01
2.206049999999999955e-01
1.009909999999999974e-01
1.310550000000000048e-01
3.337049999999999739e-01
3.548060000000000103e-01
1.427680000000000060e-01
2.972879999999999967e-01
1.929839999999999889e-01
1.831440000000000012e-01
1.055999999999999994e-01
9.478799999999999726e-02
1.316579999999999973e-01
2.553969999999999851e-01
1.926750000000000129e-01
1.172190000000000037e-01
1.111199999999999966e-01
1.271359999999999990e-01
2.230040000000000078e-01
1.081180000000000058e-01
2.013600000000000112e-01
3.574019999999999975e-01
