4.868399999999999811e-02
1.114870000000000028e-01
2.033089999999999897e-01
1.454890000000000072e-01
1.729779999999999929e-01
2.104489999999999972e-01
2.452100000000000113e-01
3.170930000000000137e-01
3.010829999999999895e-01
1.600509999999999988e-01
1.884290000000000131e-01
2.762200000000000211e-01
2.151129999999999987e-01
9.779599999999999405e-02
3.771360000000000268e-01
1.630810000000000037e-01
1.166979999999999962e-01
1.166520000000000057e-01
2.092279999999999973e-01
5.149479999999999613e-01
2.584620000000000251e-01
3.585829999999999851e-01
2.840199999999999947e-01
1.511250000000000093e-01
3.357189999999999896e-01
5.273240000000000149e-01
1.461310000000000109e-01
1.179759999999999975e-01
1.592929999999999902e-01
1.813440000000000052e-01
1.824929999999999886e-01
1.902439999999999964e-01
6.717800000000000160e-02
1.521540000000000115e-01
2.170580000000000009e-01
2.417249999999999954e-01
2.695339999999999958e-01
1.477070000000000050e-01
3.092239999999999989e-01
4.355189999999999895e-01
1.042349999999999943e-01
1.173779999999999962e-01
1.909879999999999911e-01
1.438170000000000004e-01
3.616119999999999890e-01
2.111959999999999948e-01
2.324060000000000015e-01
4.226269999999999749e-01
9.436899999999999455e-02
2.411739999999999995e-01
1.256329999999999947e-01
1.395659999999999956e-01
2.170030000000000014e-01
1.498720000000000052e-01
2.254480000000000095e-01
1.214090000000000030e-01
1.805319999999999980e-01
1.532650000000000123e-01
5.342000000000000082e-01
2.861670000000000047e-01
1.959180000000000088e-01
2.235119999999999885e-01
1.912369999999999903e-01
3.769529999999999825e-01
4.755299999999999805e-02
7.252999999999999725e-02
1.312369999999999925e-01
3.235600000000000143e-01
2.427380000000000093e-01
1.218150000000000066e-01
1.920229999999999992e-01
1.665300000000000114e-01
1.773319999999999896e-01
2.008350000000000135e-01
1.732450000000000101e-01
1.730949999999999989e-01
6.038229999999999986e-01
3.504240000000000133e-01
1.282760000000000011e-01
2.935579999999999856e-01
1.177610000000000046e-01
1.102199999999999985e-01
1.177099999999999952e-01
1.228550000000000059e-01
5.223100000000000520e-01
2.894349999999999978e-01
2.651390000000000136e-01
2.129439999999999944e-01
2.155009999999999981e-01
2.534910000000000219e-01
2.928000000000000047e-01
3.589899999999999758e-01
1.869260000000000088e-01
1.510940000000000061e-01
2.443059999999999954e-01
3.025220000000000131e-01
1.399420000000000108e-01
9.700899999999999801e-02
