0.480534
0.172157
0.224976
0.299338
0.522223
0.291748
0.192782
0.317554
0.218367
0.197888
0.205237
0.388439
0.472426
0.856918
0.487199
0.315110
0.168449
0.169648
0.122753
0.181300
0.192101
0.409405
0.200353
0.328673
0.300732
0.157346
0.167552
0.111209
0.229153
0.269175
0.257312
0.150723
0.144478
0.112422
0.170136
0.163418
0.100774
0.176997
0.163631
0.337628
0.116186
0.152572
0.140471
0.234309
0.169676
0.284790
0.163525
0.144978
0.138398
0.166545
0.184028
0.289979
0.373861
0.195359
0.128508
0.184684
0.110082
0.139429
0.111466
0.101166
0.246671
0.234400
0.267156
0.158109
0.220204
0.217544
0.213604
0.445810
0.219931
0.225568
0.224410
0.232640
0.210394
0.147342
0.194568
0.320543
0.329832
0.281186
0.210023
0.189054
0.210240
0.245126
0.243320
0.194441
0.433141
0.243647
0.261390
0.219630
0.166511
0.364886
0.233650
0.172629
0.322891
0.298990
0.342086
0.203690
0.086487
0.203255
0.404134
0.211600
0.181514
0.193683
0.414421
0.228587
0.126603
0.264796
0.234099
0.113622
0.100128
0.271369
0.161283
0.203914
0.203436
0.183175
0.265029
0.462860
0.215742
0.209826
0.232446
0.459639
0.145891
0.181688
0.158705
0.174396
0.221946
0.337811
0.369732
0.244207