0.149350
0.299347
0.182146
0.114047
0.103262
0.089184
0.140090
0.313956
0.084389
0.071208
0.071433
0.175851
0.266775
0.246593
0.124337
0.222176
0.186802
0.111444
0.200035
0.470157
0.137644
0.138056
0.192819
0.207020
0.246698
0.320090
0.329574
0.197544
0.059170
0.118213
0.165398
0.302851
0.340847
0.156237
0.241882
0.134259
0.408907
0.237370
0.189403
0.249260
0.156769
0.259594
0.093697
0.235671
0.234400
0.158893
0.187056
0.208461
0.392193
0.558146
0.359878
0.237840
0.393226
0.116582
0.294391
0.573436
0.125642
0.093523
0.696835
0.280388
0.427263
0.354680
0.675825
0.367138
0.426673
0.125600
0.089345
0.311793
0.374338
0.146725
0.156557
0.168867