3.138400000000000079e-01
2.042809999999999904e-01
5.144320000000000004e-01
8.645319999999999672e-01
4.411760000000000126e-01
2.774880000000000124e-01
3.198770000000000224e-01
5.988499999999999934e-01
3.266740000000000199e-01
4.116810000000000191e-01
2.529910000000000214e-01
2.316179999999999906e-01
1.758339999999999903e-01
2.673050000000000148e-01
2.342079999999999995e-01
1.720959999999999990e-01
2.842859999999999832e-01
4.007510000000000239e-01
8.621140000000000470e-01
4.924609999999999821e-01
1.789350000000000107e-01
2.354690000000000116e-01
1.970780000000000032e-01
3.148560000000000247e-01
4.675529999999999964e-01
2.555250000000000021e-01
2.246110000000000051e-01
1.774540000000000006e-01
3.463890000000000025e-01
2.927339999999999942e-01
1.956960000000000088e-01
1.881279999999999897e-01
4.058169999999999833e-01
2.659739999999999882e-01
1.444940000000000113e-01
3.183429999999999871e-01
3.106590000000000185e-01
4.790860000000000118e-01
1.293469999999999898e-01
3.739640000000000186e-01
1.343789999999999984e-01
1.046170000000000017e-01
1.923179999999999890e-01
3.198619999999999797e-01
1.570159999999999889e-01
3.425009999999999999e-01
3.228539999999999743e-01
2.422499999999999931e-01
2.417769999999999919e-01
3.013560000000000128e-01
1.656670000000000087e-01
1.481729999999999992e-01
1.059350000000000014e-01
1.209920000000000023e-01
2.401449999999999974e-01
1.198420000000000041e-01
2.009940000000000060e-01
1.764280000000000015e-01
3.207619999999999916e-01
1.985979999999999968e-01
1.437740000000000129e-01
2.285709999999999964e-01
3.591219999999999968e-01
1.953489999999999949e-01
5.007359999999999589e-01
2.551390000000000047e-01
1.345850000000000102e-01
2.170890000000000042e-01
5.807489999999999597e-01
3.688870000000000204e-01
2.879909999999999970e-01
1.780239999999999878e-01
1.577030000000000098e-01
2.899959999999999760e-01
1.730710000000000026e-01
1.899309999999999887e-01
4.121179999999999843e-01
2.161730000000000040e-01
2.549910000000000232e-01
2.988450000000000273e-01
1.078469999999999984e-01
1.866500000000000103e-01
1.970300000000000107e-01
1.458089999999999942e-01
1.570920000000000094e-01
1.671779999999999933e-01
1.439509999999999956e-01
2.591280000000000250e-01
1.237369999999999998e-01
3.232479999999999798e-01
1.375969999999999971e-01
2.261410000000000087e-01
1.923539999999999972e-01
1.002529999999999949e-01
9.445299999999999530e-02
1.292399999999999938e-01
1.647399999999999975e-01
1.721739999999999937e-01
1.311589999999999978e-01
2.048220000000000041e-01
2.335419999999999996e-01
4.190800000000000081e-01
3.226530000000000231e-01
3.523209999999999953e-01
3.040289999999999937e-01
6.096909999999999830e-01
1.784820000000000018e-01
2.816319999999999935e-01
6.644719999999999516e-01
4.319890000000000119e-01
3.305859999999999910e-01
2.171389999999999987e-01
3.879210000000000158e-01
1.864780000000000049e-01
1.772340000000000027e-01
2.170289999999999997e-01
2.318929999999999880e-01
4.495449999999999724e-01
2.773430000000000062e-01
4.216360000000000108e-01
1.850789999999999935e-01
2.037470000000000114e-01
2.884380000000000277e-01
3.300469999999999793e-01
2.508239999999999914e-01
2.247949999999999948e-01
2.387539999999999940e-01
2.326610000000000067e-01
3.590869999999999895e-01
2.945110000000000228e-01
1.876539999999999875e-01
1.896239999999999870e-01
8.486299999999999399e-02
1.162019999999999997e-01
1.949049999999999949e-01
3.349110000000000142e-01
2.661479999999999957e-01
2.858010000000000272e-01
2.372049999999999992e-01
3.492399999999999949e-01
2.215080000000000104e-01
1.647160000000000013e-01
2.897460000000000035e-01
3.387749999999999928e-01
1.817179999999999906e-01
2.854180000000000050e-01
1.650600000000000123e-01
2.231150000000000078e-01
3.053179999999999783e-01
3.306049999999999822e-01
1.921049999999999980e-01
1.590429999999999899e-01
2.594150000000000067e-01
3.779710000000000014e-01
8.209400000000000031e-02
1.371509999999999951e-01
2.150620000000000032e-01
3.541290000000000271e-01
3.193829999999999725e-01
2.391850000000000087e-01
2.543300000000000005e-01
4.038539999999999908e-01
3.960609999999999964e-01
1.861049999999999927e-01
2.725369999999999737e-01
1.840219999999999911e-01
2.650100000000000233e-01
1.577570000000000083e-01
2.602880000000000194e-01
3.395210000000000172e-01
1.894770000000000065e-01
4.394259999999999833e-01
1.862429999999999919e-01
1.766689999999999927e-01
1.677059999999999940e-01
1.783399999999999985e-01
1.125649999999999984e-01
1.229129999999999945e-01
3.068779999999999841e-01
2.144760000000000000e-01
2.708329999999999904e-01
1.626100000000000045e-01
1.307379999999999931e-01
4.230769999999999809e-01
1.865479999999999916e-01
3.102940000000000142e-01
2.185249999999999970e-01
4.995600000000000041e-01
3.314670000000000116e-01
3.421529999999999849e-01
4.415689999999999893e-01
2.120489999999999875e-01
1.580719999999999903e-01
2.591860000000000275e-01
3.564229999999999898e-01
1.990740000000000010e-01
4.751400000000000068e-01
6.028240000000000265e-01
1.643030000000000046e-01
2.702740000000000142e-01
