1.587020000000000097e-01
4.198799999999999755e-01
3.407499999999999973e-01
1.989460000000000117e-01
1.463309999999999889e-01
2.946429999999999882e-01
2.811150000000000038e-01
3.355360000000000009e-01
2.984930000000000083e-01
1.968149999999999900e-01
3.125040000000000040e-01
1.484360000000000124e-01
2.545080000000000120e-01
1.735970000000000013e-01
2.677550000000000208e-01
1.923630000000000062e-01
7.150800000000000212e-02
5.102099999999999691e-02
2.482300000000000062e-01
2.659810000000000230e-01
3.966080000000000161e-01
3.277300000000000213e-01
3.293409999999999949e-01
2.495120000000000116e-01
3.042460000000000164e-01
2.208440000000000125e-01
2.736870000000000136e-01
2.526039999999999952e-01
3.448479999999999879e-01
1.057430000000000037e-01
2.207870000000000110e-01
3.329300000000000037e-01
2.449959999999999916e-01
1.771270000000000067e-01
4.863879999999999870e-01
6.744390000000000107e-01
3.930660000000000265e-01
6.569629999999999637e-01
3.573299999999999810e-01
6.375140000000000251e-01
3.597549999999999915e-01
8.924500000000000488e-02
2.039670000000000094e-01
4.104900000000000215e-01
2.144929999999999892e-01
1.753959999999999964e-01
4.019519999999999760e-01
1.773349999999999926e-01
3.215700000000000225e-01
3.572230000000000127e-01
2.445430000000000104e-01
1.516730000000000023e-01
3.580980000000000274e-01
4.735059999999999825e-01
2.822080000000000144e-01
4.088800000000000212e-01
1.793609999999999927e-01
4.295789999999999886e-01
1.753679999999999961e-01
1.208290000000000058e-01
1.748270000000000102e-01
1.904230000000000089e-01
3.829960000000000031e-01
1.966209999999999902e-01
8.678600000000000203e-02
3.148599999999999732e-01
2.348089999999999899e-01
2.649619999999999753e-01
1.695119999999999960e-01
2.846500000000000141e-01
2.794699999999999962e-01
5.437809999999999588e-01
2.440279999999999949e-01
2.267679999999999974e-01
4.536540000000000017e-01
6.941410000000000080e-01
4.303759999999999808e-01
2.203839999999999966e-01
3.703739999999999810e-01
1.537820000000000020e-01
2.253080000000000083e-01
2.273380000000000123e-01
3.288909999999999889e-01
7.035979999999999457e-01
2.133940000000000003e-01
8.728299999999999947e-02
1.507390000000000119e-01
3.660979999999999790e-01
2.003840000000000066e-01
1.231089999999999962e-01
2.075440000000000063e-01
2.567729999999999735e-01
1.147220000000000045e-01
3.167969999999999953e-01
2.559649999999999981e-01
1.868019999999999958e-01
1.353959999999999886e-01
4.176429999999999865e-01
