1.485219999999999874e-01
1.576329999999999953e-01
5.445950000000000513e-01
3.938070000000000181e-01
1.742960000000000065e-01
2.014150000000000107e-01
2.209079999999999933e-01
1.512620000000000076e-01
2.099419999999999897e-01
3.310339999999999949e-01
2.411540000000000072e-01
1.829089999999999883e-01
1.095870000000000039e-01
1.622860000000000136e-01
3.233190000000000230e-01
1.791270000000000084e-01
4.197600000000000220e-01
2.473539999999999905e-01
2.625959999999999961e-01
2.282460000000000044e-01
2.634960000000000080e-01
3.126309999999999922e-01
2.864729999999999777e-01
2.253660000000000108e-01
1.118009999999999976e-01
1.054930000000000034e-01
3.840830000000000077e-01
5.362609999999999877e-01
3.439789999999999792e-01
2.739690000000000181e-01
4.515390000000000237e-01
2.145019999999999982e-01
2.062720000000000109e-01
3.534140000000000059e-01
1.895620000000000083e-01
3.195189999999999975e-01
1.723699999999999954e-01
3.133670000000000067e-01
2.678559999999999830e-01
4.694269999999999832e-01
1.976940000000000086e-01
2.822470000000000256e-01
2.197260000000000046e-01
2.395180000000000087e-01
1.907159999999999966e-01
3.004700000000000149e-01
2.414880000000000082e-01
1.817390000000000116e-01
1.758579999999999866e-01
2.134310000000000096e-01
