1.610129999999999895e-01
2.400279999999999914e-01
3.247439999999999771e-01
2.392930000000000057e-01
2.327859999999999929e-01
5.549779999999999713e-01
1.773830000000000129e-01
3.295750000000000068e-01
1.741540000000000032e-01
3.127679999999999905e-01
7.582989999999999453e-01
4.747040000000000148e-01
3.458579999999999988e-01
1.684869999999999979e-01
2.027619999999999978e-01
2.286390000000000089e-01
2.772390000000000132e-01
6.236490000000000089e-01
3.074350000000000138e-01
4.905030000000000223e-01
1.946350000000000025e-01
2.863569999999999727e-01
2.753180000000000072e-01
2.245729999999999948e-01
2.942609999999999948e-01
2.139719999999999955e-01
2.849940000000000251e-01
2.074719999999999898e-01
2.636499999999999955e-01
4.203560000000000074e-01
3.248400000000000176e-01
5.787780000000000147e-01
2.239859999999999907e-01
3.530460000000000265e-01
3.792490000000000028e-01
3.752829999999999777e-01
2.220350000000000101e-01
3.187079999999999913e-01
2.126260000000000094e-01
3.065579999999999972e-01
9.236400000000000166e-02
2.333459999999999979e-01
3.179669999999999996e-01
1.727100000000000024e-01
2.995320000000000205e-01
1.801240000000000063e-01
2.415239999999999887e-01
4.209510000000000196e-01
2.618849999999999789e-01
3.125870000000000037e-01
1.623850000000000016e-01
3.038410000000000277e-01
5.028169999999999584e-01
2.154909999999999881e-01
1.593459999999999877e-01
2.696979999999999933e-01
2.376109999999999889e-01
3.527750000000000052e-01
2.424719999999999931e-01
1.296849999999999947e-01
1.000140000000000057e-01
2.844490000000000074e-01
2.153809999999999891e-01
1.343689999999999884e-01
2.343719999999999970e-01
3.341700000000000226e-01
2.236720000000000097e-01
2.505899999999999794e-01
1.595900000000000096e-01
1.394050000000000011e-01
4.511040000000000050e-01
1.574909999999999921e-01
1.777630000000000043e-01
3.279670000000000085e-01
4.128419999999999868e-01
3.008850000000000136e-01
2.989879999999999760e-01
1.805700000000000083e-01
5.750170000000000003e-01
2.592260000000000120e-01
1.250779999999999947e-01
1.963249999999999995e-01
2.738369999999999971e-01
3.964050000000000074e-01
2.290889999999999871e-01
3.013859999999999872e-01
1.974080000000000001e-01
1.903469999999999884e-01
4.684280000000000110e-01
2.503330000000000277e-01
1.702720000000000067e-01
1.698070000000000135e-01
3.085809999999999942e-01
1.739469999999999905e-01
9.243099999999999927e-02
1.503750000000000087e-01
1.179520000000000013e-01
1.989859999999999962e-01
9.816300000000000026e-02
1.748010000000000119e-01
2.225060000000000093e-01
4.347400000000000153e-01
4.347219999999999973e-01
2.583469999999999933e-01
1.028560000000000030e-01
1.198889999999999956e-01
1.646809999999999941e-01
4.101409999999999778e-01
2.057450000000000112e-01
1.515090000000000048e-01
2.280050000000000132e-01
1.818069999999999964e-01
1.488559999999999883e-01
2.006560000000000010e-01
1.463830000000000131e-01
2.270129999999999926e-01
2.279049999999999965e-01
3.750700000000000145e-01
2.383599999999999886e-01
2.190900000000000070e-01
1.185159999999999964e-01
2.818869999999999987e-01
1.295820000000000027e-01
1.561809999999999865e-01
2.672629999999999728e-01
3.714629999999999876e-01
3.393419999999999770e-01
3.459849999999999870e-01
5.681490000000000151e-01
3.123710000000000098e-01
3.164580000000000171e-01
2.749739999999999962e-01
2.754659999999999886e-01
3.098920000000000008e-01
3.299239999999999950e-01
3.053009999999999891e-01
4.166369999999999796e-01
3.964639999999999831e-01
3.632619999999999738e-01
3.768850000000000255e-01
3.323570000000000135e-01
2.854999999999999760e-01
3.930730000000000057e-01
5.209460000000000202e-01
3.226890000000000036e-01
5.636879999999999669e-01
2.193890000000000007e-01
2.752700000000000147e-01
5.208920000000000217e-01
2.474079999999999890e-01
5.242440000000000433e-01
2.325220000000000065e-01
5.727449999999999486e-01
3.067480000000000206e-01
2.486750000000000071e-01
3.597969999999999779e-01
2.533590000000000009e-01
2.559660000000000268e-01
1.967550000000000132e-01
2.088859999999999884e-01
3.185189999999999966e-01
2.140150000000000108e-01
