0.112592
0.162122
0.320927
0.187133
0.234114
0.142228
0.189513
0.291926
0.152248
0.192830
0.330919
0.214872
0.264451
0.162182
0.151803
0.253469
0.222688
0.217170
0.255866
0.203881
0.089088
0.158218
0.365485
0.212574
0.189767
0.290722
0.144029
0.128036
0.156682
0.272870
0.235342
0.189590
0.142738
0.128450
0.201616
0.198918
0.191823
0.113985
0.129440
0.119375
0.094587
0.210413
0.178840
0.205980
0.106727
0.113450
0.122267
0.124611
0.154909
0.125527
0.114231
0.121685
0.175432
0.173833
0.199890
0.257724
0.131642
0.269230
0.170405
0.211868
0.100031
0.182134
0.142989
0.267663
0.145497
0.162132
0.192861
0.238662
0.260874
0.151419
0.199932
0.233067
0.321384
0.264674
0.359310
0.193611
0.262708
0.224475
0.268794
0.349057
0.247646
0.204679
0.486884
0.287021
0.301068
0.270763
0.214430
0.216194
0.291957
0.278381
0.523307
0.364186
0.332072
0.176564
0.223191
0.193250
0.369477
0.539485
0.181612
0.165562
0.122460
0.134203
0.498347
0.323618
0.146628
0.179294
0.256250
0.176203
0.285298
0.164315
0.185768
0.149545
0.431454
0.178547
0.241550
0.285417
0.169430
0.187949
0.194967
0.168552
0.113248
0.158629
0.180580
0.173277
0.386190
0.280638
0.572122
0.357172
0.215002
0.178490
0.531122
0.293033
0.279254
0.350948
0.201857
0.230361
0.226095
0.267669
0.595125
0.370831
0.397608
0.251543
0.405683
0.591552
0.258155
0.258600
0.186019
0.321401
0.315108
0.188224
0.515571
0.352316
0.207028
0.179446
0.414030
0.212657
0.238314
0.266983
0.205567
0.375397
0.158934
0.152068