1.304490000000000094e-01
2.898169999999999913e-01
8.959599999999999509e-02
7.609399999999999498e-02
1.516309999999999880e-01
1.201340000000000047e-01
1.462229999999999919e-01
2.784209999999999741e-01
2.072660000000000058e-01
3.323130000000000250e-01
2.419699999999999906e-01
1.008970000000000006e-01
2.952670000000000017e-01
1.759239999999999970e-01
1.296930000000000027e-01
3.127759999999999985e-01
7.557300000000000129e-01
4.945660000000000056e-01
2.766640000000000210e-01
1.564929999999999932e-01
3.025089999999999724e-01
2.418420000000000014e-01
2.726890000000000147e-01
2.788260000000000183e-01
4.483090000000000130e-01
6.046610000000000040e-01
8.364599999999999813e-01
4.867719999999999825e-01
3.183000000000000274e-01
3.256410000000000138e-01
3.412220000000000253e-01
6.371529999999999694e-01
3.132360000000000144e-01
3.076519999999999810e-01
1.229330000000000006e-01
1.198329999999999951e-01
1.163079999999999947e-01
1.184830000000000050e-01
2.109870000000000079e-01
4.591629999999999878e-01
2.734240000000000004e-01
2.493789999999999896e-01
3.476870000000000238e-01
2.381020000000000081e-01
4.998580000000000245e-01
3.085579999999999989e-01
1.777650000000000063e-01
2.023079999999999878e-01
2.481730000000000047e-01
2.976199999999999957e-01
1.144199999999999939e-01
2.216279999999999917e-01
1.607969999999999955e-01
2.094199999999999950e-01
1.128500000000000059e-01
1.874979999999999980e-01
2.203769999999999896e-01
2.341409999999999880e-01
2.394570000000000032e-01
3.271959999999999869e-01
3.699589999999999823e-01
2.829150000000000276e-01
2.068850000000000133e-01
1.405329999999999913e-01
4.447329999999999894e-01
2.784769999999999746e-01
1.359090000000000020e-01
1.369309999999999972e-01
3.403700000000000059e-01
1.907649999999999901e-01
1.954780000000000129e-01
4.059729999999999728e-01
1.706419999999999881e-01
1.736320000000000086e-01
1.578630000000000033e-01
3.539519999999999889e-01
2.306380000000000097e-01
2.096389999999999920e-01
1.994630000000000014e-01
1.590979999999999894e-01
3.589709999999999845e-01
1.778230000000000088e-01
1.466510000000000036e-01
1.340659999999999907e-01
2.150289999999999979e-01
3.317320000000000269e-01
2.057680000000000065e-01
1.875590000000000035e-01
3.531909999999999772e-01
2.755119999999999791e-01
1.580479999999999940e-01
3.135839999999999739e-01
1.918320000000000025e-01
2.171859999999999902e-01
3.181379999999999764e-01
2.434800000000000020e-01
2.308850000000000069e-01
3.087710000000000177e-01
1.292580000000000118e-01
2.371129999999999904e-01
1.657619999999999927e-01
1.592850000000000099e-01
1.291370000000000018e-01
2.136160000000000003e-01
2.262139999999999984e-01
1.977909999999999946e-01
2.593579999999999774e-01
2.698889999999999900e-01
8.133300000000000252e-02
1.387700000000000045e-01
2.000909999999999911e-01
1.734080000000000066e-01
2.162800000000000000e-01
3.726519999999999833e-01
1.540499999999999925e-01
3.013770000000000060e-01
3.332200000000000162e-01
5.052140000000000519e-01
2.458269999999999900e-01
1.797819999999999974e-01
3.002659999999999774e-01
3.892729999999999801e-01
1.949099999999999999e-01
4.237750000000000128e-01
2.077690000000000092e-01
3.066949999999999954e-01
1.193830000000000030e-01
1.399370000000000058e-01
