2.255340000000000122e-01
2.844860000000000166e-01
1.772430000000000117e-01
1.670379999999999920e-01
4.561810000000000032e-01
2.518320000000000003e-01
1.816109999999999947e-01
1.689809999999999923e-01
3.478820000000000245e-01
1.225610000000000033e-01
2.440430000000000099e-01
3.388990000000000058e-01
9.780600000000000405e-02
1.445220000000000116e-01
2.936309999999999754e-01
2.426260000000000083e-01
2.687289999999999957e-01
3.976390000000000202e-01
1.662659999999999971e-01
3.889480000000000159e-01
2.706430000000000224e-01
3.065570000000000239e-01
3.800490000000000257e-01
1.945149999999999935e-01
2.671609999999999818e-01
1.876740000000000075e-01
4.141770000000000174e-01
2.924539999999999917e-01
3.901609999999999800e-01
1.957450000000000023e-01
3.017580000000000262e-01
2.996550000000000047e-01
2.938870000000000093e-01
4.512639999999999985e-01
3.042239999999999944e-01
2.725319999999999965e-01
1.146559999999999940e-01
8.949300000000000310e-02
4.249870000000000037e-01
2.169119999999999937e-01
3.497310000000000141e-01
4.857199999999999851e-01
3.560309999999999864e-01
2.088790000000000091e-01
3.380830000000000224e-01
2.346479999999999955e-01
2.895170000000000243e-01
1.548760000000000137e-01
1.675619999999999887e-01
1.807749999999999913e-01
