1.455539999999999889e-01
2.926000000000000267e-01
1.346420000000000117e-01
1.879250000000000087e-01
1.779699999999999893e-01
1.503939999999999999e-01
5.239690000000000181e-01
2.679239999999999955e-01
1.133610000000000034e-01
1.882500000000000007e-01
1.492509999999999948e-01
1.567999999999999949e-01
1.608060000000000045e-01
2.596570000000000267e-01
1.969950000000000034e-01
3.804719999999999769e-01
6.008800000000000252e-02
1.023949999999999999e-01
1.926970000000000072e-01
4.405319999999999792e-01
1.607179999999999997e-01
3.611679999999999890e-01
2.684810000000000252e-01
1.843760000000000121e-01
2.129320000000000102e-01
4.307309999999999750e-01
1.854210000000000025e-01
2.708590000000000164e-01
3.726840000000000153e-01
2.187870000000000092e-01
1.594470000000000054e-01
4.102149999999999963e-01
1.068250000000000033e-01
1.667780000000000096e-01
6.567889999999999562e-01
2.936360000000000081e-01
2.035780000000000090e-01
2.852459999999999996e-01
2.228930000000000078e-01
1.321559999999999957e-01
5.802960000000000340e-01
2.880510000000000015e-01
1.580769999999999953e-01
1.808539999999999870e-01
7.753000000000000169e-02
1.058489999999999986e-01
1.215180000000000010e-01
2.231049999999999978e-01
1.175080000000000013e-01
4.197649999999999992e-01
8.764299999999999868e-02
1.076219999999999954e-01
1.160169999999999951e-01
1.836129999999999984e-01
1.987430000000000030e-01
2.741350000000000176e-01
1.424860000000000015e-01
4.003039999999999932e-01
4.521060000000000079e-01
2.026469999999999938e-01
1.824079999999999868e-01
4.413190000000000168e-01
1.835450000000000137e-01
3.277180000000000093e-01
8.251300000000000301e-02
1.067629999999999968e-01
1.852810000000000012e-01
4.249950000000000117e-01
2.675919999999999965e-01
2.943560000000000065e-01
7.137620000000000076e-01
4.204990000000000117e-01
9.084699999999999720e-02
2.227889999999999870e-01
2.448130000000000028e-01
1.079340000000000022e-01
3.771840000000000193e-01
1.493420000000000025e-01
3.560090000000000199e-01
6.005789999999999740e-01
8.281700000000000172e-02
1.203240000000000004e-01
3.046849999999999836e-01
2.310959999999999959e-01
2.831699999999999773e-01
2.185100000000000098e-01
1.684910000000000019e-01
1.521329999999999905e-01
1.647810000000000108e-01
1.951019999999999976e-01
3.104180000000000272e-01
1.828130000000000033e-01
3.388240000000000141e-01
2.131280000000000119e-01
1.917840000000000100e-01
1.793349999999999944e-01
1.170690000000000064e-01
1.816750000000000032e-01
