0.108304
0.194911
0.273304
0.137892
0.196301
0.187784
0.299391
0.183974
0.147976
0.239248
0.162810
0.128000
0.187896
0.390388
0.155457
0.189436
0.178138
0.452075
0.259460
0.207810
0.266069
0.200489
0.259307
0.227673
0.199878
0.202130
0.321660
0.548051
0.204152
0.197937
0.210859
0.501019
0.188108
0.221711
0.192274
0.339947
0.443668
0.187672
0.176595
0.172130
0.128464
0.185924
0.173306
0.179752
0.242675
0.443507
0.183273
0.120817
0.247151
0.423445
0.169368
0.204788
0.183957
0.256381
0.239124
0.460608
0.193518
0.183417
0.220980
0.255398
0.206888
0.153365
0.281727
0.260388
0.171609
0.194978
0.421239
0.366153
0.417668
0.212485
0.291682
0.274520
0.181208
0.397649
0.091735
0.123725
0.230352
0.357253
0.154818
0.160558
0.121145
0.272537
0.151643
0.294547
0.657585
0.417435
0.191786
0.149165
0.483253
0.200665
0.239042
0.140151
0.316227
0.167153
0.253880
0.132231
0.215409
0.455770
0.172500
0.275046
0.074287
0.104784
0.250550
0.448386
0.227427
0.397183
0.192604
0.268290
0.194806
0.189406
0.140695
0.166684
0.384960
0.217882
0.138503
0.171402
0.203259
0.225623
0.301420
0.182878
0.160414
0.347578
0.151748
0.264286
0.254024
0.178973
0.157355
0.249685
0.163040
0.175200
0.209327
0.445960
0.217396
0.140771
0.277433
0.215041
0.188791
0.363760
0.418646
0.303464
0.074362
0.098755
0.268415
0.232817
0.189290
0.175203
0.110659
0.151309
0.164905
0.187547
0.134935
0.147038
0.222552
0.174381
0.148985
0.264518
0.361904
0.174674
0.185166
0.146356
0.108155
0.201816