0.174490
0.203470
0.470440
0.614230
0.377965
0.643028
0.261361
0.346076
0.288623
0.211533
0.313875
0.599081
0.251761
0.561760
0.241403
0.438709
0.208931
0.146274
0.214313
0.427465
0.158335
0.191391
0.113125
0.179212
0.247199
0.148557
0.323996
0.355250
0.154019
0.294012
0.471700
0.244444
0.150984
0.207787
0.288098
0.243125
0.149246
0.260623
0.242133
0.427950
0.300190
0.468841
0.487488
0.277750
0.189260
0.143717
0.576861
0.323733
0.232689
0.239679
0.263538
0.316334
0.466672
0.224289
0.166628
0.218706
0.409064
0.260582
0.486300
0.267212
0.174244
0.196729
0.343818
0.328393
0.495980
0.293745
0.229748
0.382916
0.245180
0.293783
0.238129
0.272395
0.116095
0.155505
0.406637
0.411406
0.200193
0.240936
0.269109
0.389509
0.263980
0.475312
0.374197
0.529228
0.292944
0.188472
0.284181
0.171110
0.211213
0.236727
0.351654
0.283767
0.478788
0.151026
0.299510
0.301624
0.212512
0.332978
0.384108
0.345574
0.322480
0.145806
0.555442
0.417328
0.243477
0.285201
0.649340
0.232708
0.102412
0.176454
0.422559
0.328196
0.143176
0.122887
0.162847
0.211297
0.151788
0.322794
0.118674
0.235122
0.097268
0.135500
0.246024
0.224159
0.102607
0.111606
0.174246
0.440772