1.238309999999999966e-01
2.183819999999999928e-01
2.306590000000000029e-01
2.414820000000000022e-01
1.700879999999999892e-01
2.421059999999999879e-01
2.913129999999999886e-01
2.528139999999999832e-01
1.743169999999999997e-01
1.314599999999999935e-01
3.643279999999999852e-01
2.136560000000000126e-01
2.232889999999999875e-01
2.805590000000000028e-01
1.861420000000000019e-01
2.088299999999999879e-01
1.523930000000000007e-01
1.558859999999999968e-01
1.205679999999999946e-01
1.262830000000000064e-01
2.365039999999999920e-01
2.037549999999999917e-01
1.513059999999999961e-01
2.303320000000000090e-01
2.095760000000000123e-01
3.688270000000000159e-01
2.604009999999999936e-01
2.700279999999999903e-01
1.603120000000000100e-01
2.703999999999999737e-01
3.092869999999999786e-01
1.828160000000000063e-01
2.030510000000000093e-01
2.725060000000000260e-01
3.665379999999999749e-01
2.090569999999999928e-01
1.514449999999999963e-01
1.527100000000000124e-01
2.100200000000000122e-01
1.222290000000000043e-01
3.103170000000000095e-01
2.041229999999999989e-01
4.205699999999999994e-01
2.726799999999999780e-01
1.676910000000000067e-01
2.270659999999999901e-01
4.777649999999999952e-01
3.747800000000000020e-01
1.736999999999999933e-01
3.085419999999999829e-01
2.063270000000000104e-01
2.361949999999999883e-01
1.315999999999999948e-01
3.116289999999999893e-01
4.765800000000000036e-01
2.232719999999999982e-01
1.803240000000000121e-01
1.993860000000000077e-01
1.591779999999999862e-01
1.206249999999999961e-01
4.041089999999999960e-01
1.986910000000000065e-01
2.054549999999999987e-01
1.843740000000000101e-01
1.618459999999999899e-01
2.243050000000000044e-01
1.639720000000000066e-01
2.923250000000000015e-01
1.574570000000000136e-01
1.162500000000000061e-01
1.725309999999999899e-01
1.256019999999999914e-01
2.490779999999999939e-01
4.012580000000000036e-01
1.960749999999999993e-01
1.431530000000000025e-01
1.580650000000000110e-01
1.376910000000000078e-01
1.373640000000000139e-01
2.291279999999999983e-01
2.765659999999999785e-01
3.202550000000000119e-01
3.037830000000000252e-01
2.605210000000000026e-01
2.566740000000000133e-01
4.882520000000000193e-01
4.043300000000000227e-01
3.077540000000000275e-01
9.714699999999999724e-02
1.275020000000000042e-01
2.620540000000000092e-01
2.137010000000000021e-01
6.608159999999999590e-01
3.882220000000000115e-01
1.657859999999999889e-01
2.843979999999999841e-01
2.243700000000000139e-01
1.720430000000000015e-01
1.502050000000000052e-01
3.091599999999999904e-01
2.513619999999999743e-01
2.701819999999999777e-01
2.586950000000000083e-01
2.632820000000000160e-01
2.182739999999999958e-01
4.390069999999999806e-01
3.588589999999999836e-01
2.902939999999999965e-01
1.979140000000000066e-01
1.267979999999999940e-01
1.241740000000000066e-01
1.484939999999999871e-01
2.835770000000000235e-01
2.607229999999999825e-01
1.875040000000000040e-01
2.352200000000000124e-01
1.832270000000000010e-01
1.581089999999999995e-01
1.358129999999999893e-01
2.333959999999999924e-01
1.890300000000000036e-01
2.748659999999999992e-01
4.062520000000000020e-01
2.548590000000000022e-01
1.937490000000000046e-01
2.078119999999999967e-01
2.823379999999999779e-01
3.045149999999999801e-01
1.430059999999999942e-01
1.670619999999999883e-01
2.090470000000000106e-01
1.929929999999999979e-01
1.481369999999999909e-01
2.380259999999999876e-01
2.145499999999999907e-01
4.254859999999999753e-01
1.710419999999999996e-01
3.065109999999999779e-01
1.242919999999999997e-01
2.403800000000000103e-01
4.859939999999999816e-01
2.750360000000000027e-01
2.557019999999999849e-01
2.538839999999999986e-01
1.932639999999999914e-01
2.355299999999999894e-01
3.202889999999999904e-01
2.963729999999999976e-01
1.629800000000000137e-01
1.510400000000000076e-01
2.198110000000000064e-01
2.074519999999999975e-01
2.082259999999999944e-01
3.140580000000000038e-01
9.883999999999999730e-02
1.889770000000000061e-01
1.637979999999999992e-01
1.666549999999999976e-01
1.386439999999999895e-01
1.145229999999999998e-01
3.268659999999999899e-01
3.070939999999999781e-01
6.353760000000000518e-01
3.856479999999999908e-01
2.208720000000000128e-01
2.861520000000000175e-01
4.141790000000000194e-01
3.410850000000000271e-01
3.956580000000000097e-01
2.148390000000000022e-01
2.622800000000000131e-01
2.375420000000000031e-01
3.653660000000000241e-01
2.811190000000000078e-01
2.531360000000000277e-01
2.844530000000000114e-01
3.441270000000000162e-01
2.140519999999999923e-01
1.507479999999999931e-01
1.658959999999999879e-01
3.069569999999999799e-01
3.336210000000000009e-01
2.915289999999999826e-01
2.981469999999999954e-01
2.860639999999999850e-01
1.832860000000000045e-01
5.120160000000000267e-01
6.563630000000000297e-01
1.953680000000000139e-01
4.244330000000000047e-01
2.922759999999999803e-01
5.146509999999999696e-01
2.805770000000000208e-01
3.647469999999999879e-01
2.821620000000000239e-01
2.249649999999999983e-01
2.313689999999999913e-01
4.584820000000000007e-01
1.162409999999999971e-01
1.079080000000000039e-01
