0.080285
0.145265
0.232227
0.236695
0.319199
0.675474
0.390129
0.245647
0.102970
0.139476
0.283530
0.118448
0.202770
0.076682
0.219049
0.079639
0.097166
0.081639
0.093594
0.235183
0.157212
0.197072
0.098033
0.122005
0.070062
0.082116
0.139646
0.268751
0.096916
0.117744
0.091067
0.089645
0.115861
0.100631
0.408723
0.242051
0.128581
0.208610
0.188309
0.164191
0.123141
0.099974
0.122224
0.221347
0.100964
0.176051
0.116855
0.248489
0.155454
0.274019
0.217887
0.475444
0.255667
0.283859
0.114618
0.127846
0.268658
0.156139
0.250439
0.413968
0.160754
0.166456
0.138347
0.155822
0.159078
0.177215
0.236259
0.296605
0.370124
0.271386
0.625015
0.451980
0.205504
0.146010
0.191398
0.330909
0.169701
0.206131
0.153680
0.182786
0.221495
0.092442
0.397542
0.225507
0.150405
0.279425
0.175229
0.227729
0.093276
0.129538
0.090263
0.161041
0.238482
0.102915
0.121656
0.082003
0.307802
0.150215
0.229614
0.254635
0.158373
0.374008
0.236795
0.277031
0.134928
0.265447
0.310906
0.158914
0.066430
0.098433
0.274160
0.111067
0.325756
0.129689
0.236525
0.266308
0.137515
0.385805
0.242638
0.287640
0.146030
0.281111
0.609140
0.306052
0.301199
0.126089
0.064720
0.074224