0.089035
0.184326
0.139665
0.112214
0.191624
0.160191
0.219584
0.354725
0.307942
0.239253
0.197036
0.166140
0.134817
0.238904
0.256705
0.248157
0.308932
0.253938
0.226307
0.176699
0.239516
0.232662
0.342484
0.461655
0.385083
0.336717
0.277188
0.201414
0.200432
0.354018
0.338301
0.318214
0.290407
0.327757
0.194117
0.215456
0.347124
0.240114
0.437265
0.456478
0.772590
0.481651
0.190845
0.276390
0.374628
0.190803
0.421734
0.773331
0.278558
0.507322
0.176548
0.341715
0.193192
0.204851
0.234585
0.148158
0.279967
0.267744
0.200781
0.184255
0.162845
0.274616
0.259725
0.256864
0.246819
0.396250
0.124238
0.138986
0.166332
0.257864
0.338766
0.314038
0.178249
0.312622
0.157461
0.334554
0.140347
0.110114
0.135630
0.315207
0.253912
0.213615
0.148944
0.140037
0.209002
0.340480
0.367157
0.343564
0.291505
0.262200
0.095940
0.140582
0.141943
0.269325
0.300095
0.233123
0.260885
0.255465
0.145012
0.172281
0.230357
0.170413
0.358391
0.400841
0.339527
0.284969
0.252666
0.469114
0.075163
0.097920
0.251657
0.329523
0.231800
0.202813
0.115977
0.208762
0.146911
0.204303
0.313046
0.308843
0.134261
0.377677
0.197773
0.162081
0.121426
0.139593
0.121074
0.235360