0.099245
0.201587
0.238874
0.308223
0.235711
0.449126
0.162599
0.178160
0.098326
0.136739
0.156857
0.422629
0.258801
0.280841
0.320659
0.178265
0.078895
0.326966
0.128142
0.219556
0.081331
0.065706
0.097930
0.174298
0.145043
0.355279
0.065091
0.275173
0.171220
0.183025
0.260926
0.270155
0.103719
0.180635
0.153887
0.143664
0.211115
0.103853
0.401646
0.161410
0.233010
0.298154
0.327516
0.244924
0.918989
0.514542
0.249152
0.363189
0.401327
0.194235
0.195269
0.203570
0.201971
0.312608
0.513225
0.918227
0.307999
0.605166
0.360692
0.331808
0.318484
0.235548
0.236813
0.241001
0.208110
0.123408
0.312647
0.171304
0.345734
0.346473
0.236468
0.187125
0.288397
0.232223
0.243091
0.195954
0.131584
0.133639
0.120815
0.201608
0.058801
0.227524
0.269931
0.256616
0.128783
0.189229
0.067804
0.276563
0.337730
0.189247
0.059875
0.068348
0.093545
0.083020
0.201774
0.099068
0.078095
0.318718