0.120051
0.198196
0.290487
0.192374
0.201172
0.175368
0.149951
0.213152
0.140593
0.119296
0.137968
0.172846
0.136220
0.158601
0.179111
0.136245
0.521641
0.250935
0.314962
0.482163
0.115546
0.129052
0.246866
0.393918
0.237558
0.188293
0.123053
0.264107
0.171744
0.319122
0.171914
0.146362
0.137604
0.360203
0.274944
0.252412
0.250094
0.174916
0.179879
0.174303
0.089544
0.120621
0.213576
0.160928
0.134530
0.137154
0.132333
0.146895
0.137615
0.132759
0.298321
0.168527
0.247564
0.244560
0.165538
0.282941
0.215397
0.159633
0.235300
0.403638
0.098885
0.153882
0.122068
0.146231
0.177674
0.163724
0.349616
0.200187
0.133339
0.179206
0.249859
0.280433
0.316007
0.172297
0.274504
0.577920
0.250631
0.191181
0.179189
0.268096
0.071739
0.082319
0.184071
0.186009
0.196907
0.354914
0.410155
0.150613
0.311438
0.281066
0.316075
0.472253
0.212981
0.252937
0.281360
0.474822
0.232279
0.301208
0.188803
0.173581
0.359823
0.251129
0.196853
0.382787
0.205987
0.203887
0.301092
0.353958
0.312701
0.489469
0.251185
0.175039
0.191158
0.239475
0.510459
0.277587
0.160230
0.282976
0.169275
0.193507
0.092964
0.096403
0.153244
0.193931
0.276474
0.315004
0.277878
0.194192
0.143520
0.216202
0.213520
0.161631
0.211393
0.215503
0.271807
0.157927
0.148148
0.153967
0.270146
0.172127
0.075852
0.134099
0.253756
0.270451
0.173701
0.169520
0.192733
0.387309
0.196564
0.314483
0.195228
0.381826
0.249232
0.139706
0.156748
0.169465
0.128301
0.162658
0.178558
0.143055
0.136907
0.192041