0.158265
0.303879
0.219383
0.230577
0.273530
0.268483
0.323067
0.221041
0.243944
0.446815
0.223324
0.364167
0.256035
0.313628
0.374015
0.191996
0.144438
0.229966
0.235779
0.377279
0.470801
0.233394
0.423382
0.324753
0.218123
0.254620
0.300157
0.571096
0.326554
0.360842
0.238700
0.433368
0.289752
0.214530
0.266160
0.282289
0.395632
0.274316
0.278512
0.413326
0.322266
0.243591
0.323487
0.173489
0.189280
0.199223
0.205134
0.244671
0.225365
0.270993
0.237907
0.194862
0.188343
0.224167
0.347800
0.273439
0.297014
0.245085
0.319439
0.219802
0.166947
0.226683
0.226124
0.232757
0.091908
0.238633
0.168114
0.207276
0.187378
0.242207
0.253868
0.329136
0.256542
0.219566
0.231790
0.502923
0.230053
0.309647
0.406370
0.206608
0.160569
0.269069
0.266392
0.275740
0.395949
0.676231
0.300943
0.453371
0.350903
0.300213
0.234003
0.569996
0.226697
0.278114
0.425699
0.268568
0.265755
0.260433