2.366209999999999980e-01
1.985820000000000085e-01
1.835050000000000014e-01
2.815969999999999862e-01
1.935119999999999896e-01
1.838200000000000112e-01
1.327460000000000029e-01
1.401509999999999978e-01
4.075070000000000081e-01
2.305989999999999984e-01
1.885830000000000006e-01
1.328640000000000099e-01
2.260790000000000022e-01
2.762950000000000128e-01
5.314499999999999780e-02
1.340610000000000135e-01
7.503600000000000547e-02
2.127829999999999999e-01
2.034600000000000020e-01
8.740900000000000059e-02
2.860500000000000265e-01
1.404449999999999865e-01
9.238100000000000478e-02
2.890670000000000184e-01
2.609879999999999978e-01
2.585009999999999808e-01
1.434410000000000129e-01
4.382909999999999862e-01
7.231899999999999440e-02
8.863500000000000545e-02
9.860399999999999721e-02
2.787140000000000173e-01
1.385850000000000137e-01
3.173070000000000057e-01
3.424920000000000186e-01
1.336839999999999973e-01
2.881690000000000085e-01
3.013279999999999847e-01
5.003389999999999782e-01
1.648000000000000020e-01
2.329589999999999994e-01
6.679690000000000349e-01
9.678100000000000591e-02
7.964200000000000446e-02
5.787320000000000242e-01
3.408200000000000118e-01
1.526899999999999924e-01
3.772320000000000118e-01
2.233030000000000015e-01
2.405150000000000066e-01
1.531490000000000073e-01
1.392680000000000029e-01
1.422259999999999913e-01
2.061790000000000012e-01
1.366340000000000054e-01
1.220610000000000028e-01
1.094040000000000012e-01
2.384689999999999865e-01
2.864729999999999777e-01
1.707500000000000129e-01
2.456129999999999980e-01
4.495660000000000212e-01
1.542449999999999932e-01
1.882949999999999902e-01
2.568799999999999972e-01
1.495080000000000020e-01
1.262479999999999991e-01
1.681660000000000099e-01
1.505720000000000114e-01
3.208190000000000208e-01
7.967599999999999683e-02
1.849449999999999983e-01
