0.103050
0.216589
0.161039
0.176886
0.145981
0.138583
0.097326
0.099288
0.278816
0.166384
0.376041
0.223342
0.209493
0.158279
0.249686
0.385735
0.162359
0.126294
0.182130
0.184088
0.128964
0.132555
0.202244
0.139391
0.211956
0.267860
0.297274
0.430707
0.287158
0.445696
0.225060
0.253580
0.084987
0.124388
0.233619
0.123118
0.227520
0.168273
0.237828
0.252130
0.307533
0.196587
0.453103
0.336299
0.559377
0.381085
0.272540
0.181714
0.219674
0.123871
0.650941
0.322125
0.351049
0.266695
0.650848
0.428679
0.273129
0.227090
0.372374
0.460177
0.432242
0.206600
0.249559
0.112367
0.086834
0.114344
0.297512
0.194526
0.302415
0.151508
0.205790
0.176314
0.188989
0.206421
0.230437
0.346685
0.126846
0.124371
0.189381
0.149484
0.106755
0.165614
0.227757
0.233848
0.190772
0.293633
0.158336
0.227739
0.263169
0.134064
0.090212
0.079267
0.170069
0.096944
0.364955
0.187802
0.148824
0.306159