0.072243
0.098383
0.383184
0.279884
0.226742
0.224047
0.244969
0.170286
0.224384
0.183165
0.168220
0.167345
0.168109
0.185634
0.159353
0.110342
0.109861
0.244049
0.142125
0.230292
0.433947
0.235330
0.284288
0.189048
0.203375
0.241224
0.259840
0.144246
0.215504
0.211624
0.200049
0.431897
0.108767
0.107763
0.250681
0.263816
0.598822
0.432165
0.224058
0.418762
0.115215
0.212222
0.260758
0.113490
0.139436
0.162001
0.167971
0.170175
0.064628
0.172168
0.177664
0.168233
0.121616
0.140162
0.112213
0.122640
0.209683
0.217598
0.205584
0.445255
0.510532
0.208479
0.240013
0.238960
0.110962
0.148328
0.161042
0.229124
0.182168
0.386368
0.234626
0.435537
0.243930
0.214169
0.223524
0.255512
0.354922
0.605012
0.202815
0.277994
0.119944
0.127741
0.398633
0.223566
0.348939
0.266204
0.227505
0.193037
0.195018
0.258001
0.197119
0.269256
0.200965
0.286666
0.391530
0.210289
0.112423
0.158274