1.703429999999999944e-01
1.997150000000000036e-01
2.484520000000000062e-01
4.888890000000000180e-01
2.651029999999999776e-01
2.817060000000000120e-01
1.901019999999999932e-01
1.957440000000000013e-01
3.778880000000000017e-01
1.677299999999999902e-01
1.969289999999999929e-01
3.554490000000000149e-01
7.143110000000000293e-01
4.213779999999999748e-01
1.608660000000000090e-01
2.437189999999999912e-01
1.159329999999999944e-01
1.629140000000000033e-01
3.136970000000000036e-01
2.370389999999999997e-01
2.220129999999999881e-01
1.882749999999999979e-01
2.281819999999999959e-01
4.232360000000000011e-01
2.493839999999999946e-01
3.885330000000000172e-01
2.157380000000000131e-01
4.119099999999999984e-01
2.389840000000000020e-01
2.527090000000000169e-01
4.827040000000000219e-01
2.936440000000000161e-01
1.474270000000000025e-01
1.727150000000000074e-01
2.365790000000000115e-01
1.480720000000000092e-01
1.642939999999999956e-01
2.145779999999999910e-01
1.815970000000000084e-01
4.059269999999999823e-01
3.318889999999999896e-01
3.001510000000000011e-01
5.184440000000000159e-01
3.670249999999999901e-01
2.447779999999999956e-01
2.447920000000000096e-01
3.186180000000000123e-01
1.929289999999999894e-01
1.018290000000000028e-01
1.462930000000000064e-01
1.834709999999999952e-01
1.779110000000000136e-01
1.558140000000000081e-01
1.603600000000000025e-01
4.123829999999999996e-01
2.583849999999999758e-01
1.844590000000000118e-01
1.394410000000000094e-01
1.914500000000000091e-01
1.931620000000000004e-01
4.176150000000000140e-01
2.690660000000000274e-01
3.216820000000000235e-01
1.954720000000000069e-01
9.736499999999999322e-02
2.221760000000000124e-01
1.676439999999999875e-01
1.420740000000000058e-01
3.400679999999999814e-01
1.879490000000000050e-01
4.689519999999999800e-01
2.782649999999999846e-01
1.612109999999999932e-01
2.499619999999999898e-01
1.687089999999999979e-01
3.344570000000000043e-01
1.883479999999999877e-01
4.539889999999999759e-01
2.256370000000000042e-01
3.426409999999999734e-01
1.111329999999999957e-01
1.453869999999999885e-01
3.690809999999999924e-01
3.238880000000000092e-01
1.028830000000000022e-01
1.352720000000000034e-01
7.595000000000000362e-02
1.278579999999999994e-01
1.939190000000000080e-01
3.038980000000000015e-01
1.240559999999999996e-01
2.197340000000000126e-01
1.909820000000000129e-01
7.334799999999999653e-02
1.054039999999999977e-01
9.352699999999999902e-02
1.364019999999999955e-01
3.573160000000000225e-01
