7.770499999999999630e-02
2.726190000000000002e-01
1.958509999999999973e-01
1.240210000000000062e-01
1.605149999999999910e-01
2.115450000000000108e-01
1.621229999999999893e-01
1.480239999999999889e-01
3.219879999999999964e-01
1.140999999999999931e-01
1.632619999999999905e-01
3.375340000000000007e-01
1.615600000000000092e-01
1.037509999999999960e-01
7.942059999999999675e-01
4.638410000000000033e-01
2.778439999999999799e-01
2.313089999999999868e-01
7.412720000000000420e-01
3.541369999999999796e-01
1.821160000000000001e-01
2.172389999999999877e-01
1.268529999999999935e-01
9.628100000000000547e-02
8.972700000000000120e-02
2.785610000000000031e-01
2.304700000000000082e-01
3.902729999999999810e-01
2.118440000000000045e-01
1.246069999999999955e-01
1.508420000000000039e-01
5.109470000000000400e-01
9.408299999999999996e-02
1.347230000000000094e-01
3.184830000000000161e-01
1.642299999999999871e-01
6.606399999999999773e-02
1.344499999999999862e-01
2.008719999999999950e-01
1.757849999999999968e-01
2.633130000000000193e-01
5.616090000000000249e-01
2.604710000000000081e-01
9.849299999999999722e-02
3.912660000000000027e-01
1.172710000000000002e-01
5.366119999999999779e-01
2.773889999999999967e-01
8.905000000000000415e-02
1.602929999999999910e-01
