0.122171
0.203887
0.189882
0.218735
0.182255
0.178849
0.161734
0.199645
0.234690
0.240896
0.394466
0.708838
0.237431
0.311629
0.221495
0.175635
0.149978
0.276479
0.430013
0.211857
0.085825
0.177288
0.184861
0.183132
0.168370
0.185502
0.274317
0.185069
0.265143
0.420580
0.152016
0.340732
0.423154
0.222294
0.212910
0.169394
0.255069
0.264993
0.209850
0.268164
0.329542
0.267925
0.449002
0.242043
0.300489
0.305821
0.426629
0.412576
0.335954
0.281535
0.236900
0.268803
0.225785
0.235197
0.203594
0.293320
0.288072
0.509554
0.287667
0.222551
0.346152
0.253390
0.309914
0.286505
0.476608
0.351547
0.586364
0.393789
0.254494
0.535904
0.425559
0.234001
0.371731
0.219490
0.220668
0.178481
0.178740
0.328044
0.198805
0.193511
0.142681
0.163299
0.375977
0.357560
0.235554
0.295020
0.237008
0.376495
0.376864
0.255314
0.228789
0.131884
0.125783
0.094711
0.085386
0.095460
0.097731
0.090103
0.186534
0.258044
0.207969
0.414088
0.132422
0.138482
0.116505
0.119340
0.150018
0.084895
0.146953
0.231230
0.160397
0.426253
0.178963
0.177580
0.180414
0.158040
0.190723
0.244612
0.373415
0.292748
0.088956
0.164418
0.155227
0.207424
0.160532
0.183406
0.407936
0.219240
0.177717
0.188590
0.152514
0.165994
0.161695
0.190136
0.234510
0.201402
0.251434
0.408844
0.197896
0.280533
0.120621
0.171116
0.286305
0.216636
0.255480
0.395290
0.439191
0.254305
0.226177
0.205754
0.230119
0.202259
0.598155
0.350166
0.405874
0.358457
0.354200
0.503186
0.198885
0.252491
0.149138
0.126305