0.080490
0.131450
0.371166
0.175090
0.100988
0.143248
0.398678
0.189419
0.098675
0.298872
0.151788
0.377879
0.233066
0.216787
0.069479
0.089471
0.215186
0.474161
0.251001
0.144291
0.142495
0.313149
0.148779
0.441013
0.184599
0.418533
0.099431
0.184260
0.084227
0.164028
0.121935
0.207993
0.131023
0.113972
0.191683
0.126210
0.227734
0.210647
0.198628
0.146963
0.149613
0.218506
0.072871
0.151333
0.182505
0.313720
0.157362
0.210199
0.200036
0.243483
0.144692
0.213178
0.455137
0.192162
0.155846
0.452680
0.073186
0.102913
0.223804
0.150803
0.222996
0.212517
0.152845
0.397112
0.235146
0.123302
0.148493
0.239038
0.167954
0.118983
0.058265
0.105859