0.228303
0.256271
0.417394
0.216975
0.217678
0.268424
0.316745
0.464748
0.195346
0.352506
0.209336
0.298122
0.225186
0.150783
0.504876
0.317167
0.275660
0.243159
0.097571
0.169322
0.222286
0.242224
0.199013
0.293482
0.129327
0.132082
0.170682
0.273935
0.414362
0.161856
0.259836
0.230239
0.207908
0.336658
0.340640
0.236679
0.152601
0.131643
0.246182
0.213272
0.148811
0.117213
0.257078
0.236713
0.410851
0.253186
0.249029
0.241817
0.335088
0.176927
0.220060
0.201017
0.328611
0.466093
0.182965
0.236896
0.181001
0.318241
0.281353
0.496556
0.209115
0.231858
0.220383
0.264631
0.436744
0.634686
0.268225
0.457190
0.346863
0.206335
0.305380
0.417898
0.102737
0.086342
0.312787
0.219281
0.258777
0.470854
0.268792
0.304495
0.148226
0.279599
0.126102
0.226731
0.256805
0.244519
0.351918
0.218073
0.331191
0.175756
0.137623
0.208906
0.187028
0.175867
0.494319
0.317888
0.275687
0.241927
0.236037
0.177266
0.218198
0.190814
0.165316
0.259386
0.237005
0.138210
0.290357
0.482526
0.109006
0.182017
0.233794
0.259737
0.222201
0.385880
0.217121
0.354165
0.275957
0.451768
0.294013
0.442908
0.157454
0.271624
0.203954
0.207733
0.201968
0.193673
0.155221
0.220648