2.036429999999999907e-01
2.964310000000000000e-01
1.339819999999999900e-01
1.107739999999999975e-01
4.150530000000000053e-01
2.203670000000000073e-01
1.326390000000000069e-01
2.243360000000000076e-01
2.590080000000000160e-01
2.369799999999999962e-01
2.014499999999999902e-01
1.864550000000000096e-01
3.511540000000000217e-01
4.350519999999999943e-01
3.667710000000000137e-01
1.925989999999999924e-01
3.140740000000000198e-01
3.538669999999999871e-01
2.935710000000000264e-01
4.677970000000000184e-01
4.800929999999999920e-01
1.954510000000000136e-01
4.203129999999999922e-01
5.195699999999999763e-01
3.651760000000000006e-01
5.374130000000000296e-01
1.892989999999999950e-01
1.502239999999999964e-01
1.156400000000000067e-01
2.377009999999999956e-01
1.782559999999999978e-01
2.769249999999999767e-01
3.389019999999999810e-01
1.901150000000000062e-01
2.822990000000000221e-01
1.694309999999999983e-01
4.277560000000000251e-01
2.951960000000000139e-01
1.799179999999999946e-01
4.009889999999999843e-01
2.561399999999999788e-01
3.334730000000000194e-01
1.361469999999999902e-01
9.872200000000000419e-02
4.463579999999999770e-01
8.238739999999999952e-01
3.856269999999999976e-01
5.447400000000000020e-01
1.624559999999999893e-01
2.412739999999999885e-01
1.072660000000000002e-01
6.065000000000000252e-02
1.765740000000000087e-01
1.519880000000000120e-01
6.348900000000000376e-02
7.786400000000000265e-02
7.355299999999999339e-02
3.073910000000000253e-01
1.753329999999999889e-01
1.483909999999999951e-01
2.419509999999999994e-01
2.914570000000000216e-01
2.688260000000000094e-01
1.528359999999999996e-01
5.814270000000000271e-01
2.879729999999999790e-01
1.361999999999999877e-01
1.351300000000000001e-01
3.229890000000000261e-01
2.284349999999999992e-01
1.345159999999999967e-01
1.427920000000000023e-01
