1.869339999999999891e-01
2.141149999999999998e-01
1.305439999999999934e-01
1.498919999999999975e-01
1.423580000000000123e-01
1.342700000000000005e-01
2.391890000000000127e-01
1.886670000000000014e-01
1.362389999999999990e-01
1.300820000000000032e-01
1.860070000000000057e-01
2.311280000000000001e-01
2.078200000000000047e-01
1.617000000000000104e-01
5.100679999999999659e-01
2.980829999999999869e-01
3.685149999999999815e-01
3.425480000000000191e-01
3.217760000000000065e-01
3.379380000000000162e-01
2.329960000000000087e-01
1.552199999999999969e-01
1.886700000000000044e-01
1.755529999999999868e-01
4.959930000000000172e-01
2.862529999999999797e-01
1.770420000000000049e-01
1.919730000000000047e-01
2.740170000000000106e-01
5.090620000000000145e-01
2.292619999999999936e-01
2.759190000000000254e-01
3.614220000000000210e-01
3.191910000000000025e-01
4.826489999999999947e-01
3.531230000000000202e-01
3.219629999999999992e-01
2.400710000000000066e-01
1.707140000000000046e-01
1.670339999999999880e-01
8.485399999999999887e-02
1.538390000000000035e-01
4.572049999999999725e-01
2.798109999999999764e-01
1.110099999999999976e-01
1.574139999999999984e-01
2.632289999999999908e-01
3.820910000000000140e-01
1.546019999999999894e-01
4.081370000000000275e-01
3.772209999999999730e-01
2.392700000000000105e-01
4.854919999999999791e-01
3.483829999999999982e-01
2.282980000000000009e-01
2.199750000000000039e-01
1.264889999999999903e-01
1.187489999999999934e-01
1.280080000000000107e-01
2.177439999999999931e-01
1.113979999999999970e-01
2.008119999999999905e-01
1.063690000000000052e-01
1.261849999999999916e-01
1.272959999999999925e-01
1.972170000000000034e-01
1.533599999999999963e-01
1.884230000000000071e-01
4.560230000000000117e-01
2.692649999999999766e-01
4.005369999999999764e-01
2.586430000000000118e-01
3.164129999999999998e-01
3.345369999999999733e-01
1.988669999999999882e-01
3.564709999999999823e-01
1.935189999999999966e-01
3.976999999999999980e-01
2.006920000000000093e-01
3.057300000000000018e-01
1.587590000000000112e-01
1.167920000000000069e-01
2.727979999999999849e-01
1.913759999999999906e-01
2.825230000000000241e-01
1.827459999999999918e-01
2.819189999999999752e-01
3.990989999999999815e-01
4.297849999999999726e-01
4.611649999999999916e-01
2.491929999999999978e-01
3.118279999999999941e-01
1.410420000000000007e-01
1.726689999999999892e-01
1.615389999999999882e-01
3.376029999999999864e-01
1.369019999999999959e-01
2.646249999999999991e-01
3.256160000000000165e-01
1.659779999999999867e-01
1.007630000000000053e-01
1.461760000000000004e-01
4.452169999999999739e-01
1.682430000000000037e-01
2.293219999999999981e-01
3.559309999999999974e-01
3.504950000000000010e-01
4.629170000000000229e-01
3.110959999999999837e-01
5.850349999999999717e-01
1.837119999999999864e-01
1.728719999999999979e-01
1.756489999999999996e-01
3.454559999999999853e-01
1.673659999999999870e-01
2.983439999999999981e-01
1.742589999999999972e-01
1.552800000000000014e-01
2.494909999999999906e-01
1.909299999999999886e-01
1.011539999999999939e-01
1.865179999999999894e-01
1.876539999999999875e-01
3.905799999999999828e-01
3.741720000000000046e-01
4.365829999999999989e-01
2.529980000000000007e-01
2.475360000000000060e-01
2.377990000000000104e-01
1.368260000000000032e-01
1.465190000000000103e-01
2.600910000000000166e-01
2.441379999999999939e-01
3.823289999999999744e-01
2.469959999999999933e-01
1.379789999999999905e-01
1.857320000000000082e-01
1.887979999999999936e-01
2.139830000000000065e-01
1.713060000000000138e-01
1.554740000000000011e-01
3.137759999999999994e-01
3.183549999999999991e-01
2.845940000000000136e-01
2.562260000000000093e-01
2.554449999999999776e-01
3.269920000000000049e-01
1.752660000000000051e-01
2.573900000000000077e-01
1.453649999999999942e-01
2.034410000000000107e-01
1.940709999999999935e-01
1.545239999999999947e-01
1.777090000000000058e-01
1.749040000000000039e-01
2.231100000000000028e-01
1.781109999999999915e-01
2.005949999999999955e-01
2.714199999999999946e-01
2.439379999999999882e-01
1.475789999999999880e-01
1.106309999999999932e-01
