0.103230
0.196812
0.476524
0.222002
0.226222
0.286665
0.256306
0.303178
0.171699
0.219181
0.356082
0.523158
0.153571
0.213444
0.244524
0.189178
0.304880
0.328166
0.191282
0.111350
0.115748
0.154691
0.185821
0.403986
0.202990
0.376648
0.277404
0.452753
0.235738
0.336146
0.211387
0.498499
0.265771
0.217086
0.287967
0.399119
0.125027
0.243914
0.099266
0.166826
0.162601
0.321831
0.450655
0.162631
0.215170
0.147958
0.225691
0.189920
0.093571
0.118314
0.205868
0.371404
0.554614
0.395442
0.165809
0.304288
0.149298
0.222654
0.259963
0.253805
0.239439
0.354147
0.383318
0.196128
0.295955
0.411793
0.203388
0.189687
0.226974
0.213665
0.360257
0.473092
0.169914
0.290228
0.219187
0.203760
0.255172
0.271115
0.237198
0.353718
0.157137
0.221013
0.212790
0.210027
0.204898
0.194770
0.434857
0.241465
0.235630
0.325378
0.181190
0.301779
0.199798
0.271083
0.355292
0.273610
0.391813
0.286011
0.275998
0.233267
0.165288
0.142564
0.238482
0.195271
0.276846
0.525229
0.403917
0.288433
0.133345
0.211099
0.148587
0.289336
0.782916
0.494650
0.375465
0.137894
0.304582
0.232738
0.326781
0.289303
0.098047
0.157741
0.214190
0.295164
0.494998
0.238545
0.143437
0.224626
0.222250
0.174413
0.254923
0.268686
0.193352
0.316504
0.229022
0.359708
0.182792
0.250180
0.175837
0.172481
0.117054
0.199881
0.182675
0.370448
0.182549
0.353002
0.246393
0.469284
0.340082
0.173276
0.639985
0.326286
0.277683
0.363964
0.279419
0.237601
0.362350
0.176692
0.150684
0.244788
0.202701
0.224975