0.133068
0.113199
0.301920
0.393548
0.297245
0.330159
0.681122
0.481841
0.670340
0.325205
0.248016
0.143243
0.146432
0.273828
0.806185
0.344477
0.337828
0.615929
0.095753
0.102485
0.088482
0.264807
0.194339
0.139126
0.179510
0.176316
0.166191
0.159868
0.135361
0.111466
0.086464
0.089395
0.125992
0.160603
0.178058
0.124065
0.152296
0.169211
0.362236
0.529358
0.207065
0.219684
0.309446
0.299854
0.241378
0.288326
0.193304
0.161700
0.270091
0.157550
0.212329
0.287818
0.331436
0.507084
0.155539
0.135081
0.161809
0.327675
0.439651
0.275056
0.167081
0.236574
0.482589
0.194339
0.337497
0.179317
0.115515
0.201155
0.238765
0.148537
0.169021
0.254181
0.141664
0.109732
0.209864
0.314138
0.176474
0.266800
0.326089
0.410778
0.197633
0.247046
0.323251
0.160387
0.108408
0.124977
0.256041
0.130405
0.184856
0.240901
0.185314
0.144898
0.402639
0.547854
0.363917
0.519556
0.379372
0.286774
0.287068
0.233217
0.124257
0.184256
0.120719
0.144914
0.309319
0.197078
0.308135
0.272539
0.207773
0.366765
0.412275
0.292360
0.337865
0.297859
0.290845
0.448725
0.220713
0.366987
0.245518
0.474339
0.152122
0.109312
0.207315
0.368000
0.326918
0.298566
0.323791
0.192691
0.250261
0.328768
0.253456
0.244517
0.368200
0.211107
0.313758
0.145416
0.235331
0.162515
0.129227
0.150553
0.100702
0.163586
0.174667
0.282152
0.222786
0.132272
0.312516
0.218913
0.210457
0.229835
0.256128
0.291737
0.216141
0.264349
0.244815
0.179734
0.190818
0.115961
0.215181
0.217398
0.102722
0.206524