1.070060000000000039e-01
1.943110000000000115e-01
2.747330000000000050e-01
2.954640000000000044e-01
2.507010000000000072e-01
2.628030000000000088e-01
3.123909999999999743e-01
1.872830000000000050e-01
2.031080000000000108e-01
3.561460000000000181e-01
2.553389999999999826e-01
2.274829999999999908e-01
2.681780000000000275e-01
1.478069999999999939e-01
4.101909999999999723e-01
1.873609999999999998e-01
2.616330000000000044e-01
1.790629999999999999e-01
1.783160000000000023e-01
3.411520000000000108e-01
1.725260000000000127e-01
3.645800000000000152e-01
1.320320000000000105e-01
1.413550000000000084e-01
2.469469999999999998e-01
1.178389999999999993e-01
1.538400000000000045e-01
1.575380000000000114e-01
1.788349999999999940e-01
3.895310000000000161e-01
1.703500000000000014e-01
8.604599999999999749e-02
2.267079999999999929e-01
2.537599999999999856e-01
2.556570000000000231e-01
1.527880000000000071e-01
2.514370000000000216e-01
1.646269999999999956e-01
3.688960000000000017e-01
7.008739999999999970e-01
1.237250000000000016e-01
1.766749999999999987e-01
1.237970000000000043e-01
1.683350000000000124e-01
2.048290000000000111e-01
2.031479999999999952e-01
3.174069999999999947e-01
1.890100000000000113e-01
2.626069999999999793e-01
3.963240000000000096e-01
3.545820000000000083e-01
3.405839999999999979e-01
2.344009999999999982e-01
2.217530000000000057e-01
2.394380000000000119e-01
4.492680000000000007e-01
2.927069999999999950e-01
2.038169999999999982e-01
2.681819999999999760e-01
5.850490000000000412e-01
9.619600000000000373e-02
1.842860000000000054e-01
1.812219999999999942e-01
1.769149999999999889e-01
1.626809999999999923e-01
2.911590000000000011e-01
3.545590000000000130e-01
2.397880000000000011e-01
3.113079999999999736e-01
3.152690000000000214e-01
2.051610000000000100e-01
2.347760000000000125e-01
1.872659999999999880e-01
2.590839999999999810e-01
3.563520000000000021e-01
2.976539999999999742e-01
2.823030000000000261e-01
2.992360000000000020e-01
3.244920000000000027e-01
1.978330000000000088e-01
1.045610000000000012e-01
1.235860000000000014e-01
3.388010000000000188e-01
4.636120000000000241e-01
2.348210000000000020e-01
1.797650000000000081e-01
1.747829999999999939e-01
4.708030000000000270e-01
1.710270000000000123e-01
3.377829999999999999e-01
1.910050000000000081e-01
1.761189999999999978e-01
2.086969999999999936e-01
1.801030000000000131e-01
2.349320000000000019e-01
1.355619999999999881e-01
1.118630000000000041e-01
2.268169999999999908e-01
1.756999999999999951e-01
1.485650000000000026e-01
8.938100000000000211e-02
1.795509999999999884e-01
9.276099999999999624e-02
1.509949999999999903e-01
1.847810000000000008e-01
2.667289999999999939e-01
1.401380000000000126e-01
1.538470000000000115e-01
2.390049999999999952e-01
2.629619999999999735e-01
3.977359999999999784e-01
2.542340000000000155e-01
1.779390000000000138e-01
3.629339999999999788e-01
4.189979999999999816e-01
2.305290000000000117e-01
1.717930000000000013e-01
2.205159999999999898e-01
2.342539999999999900e-01
3.365989999999999815e-01
7.910399999999999376e-02
1.175820000000000060e-01
4.215450000000000030e-01
3.036289999999999822e-01
2.287820000000000131e-01
2.160219999999999918e-01
2.059840000000000004e-01
1.935479999999999978e-01
2.616310000000000024e-01
2.450730000000000131e-01
1.834500000000000020e-01
2.661810000000000009e-01
1.506319999999999881e-01
1.207249999999999990e-01
2.874990000000000046e-01
2.091179999999999983e-01
1.389809999999999934e-01
2.086669999999999914e-01
1.535080000000000056e-01
1.236609999999999931e-01
1.845070000000000043e-01
3.910029999999999895e-01
2.047009999999999941e-01
2.764280000000000070e-01
5.984040000000000470e-01
3.802440000000000264e-01
3.531179999999999874e-01
3.979509999999999992e-01
3.075240000000000196e-01
4.071600000000000219e-01
2.597979999999999734e-01
1.945639999999999870e-01
3.017349999999999755e-01
5.393360000000000376e-01
4.034829999999999806e-01
5.930619999999999781e-01
4.285729999999999817e-01
2.182959999999999900e-01
8.357040000000000024e-01
5.548969999999999736e-01
5.249420000000000197e-01
3.620369999999999977e-01
