0.123388
0.162125
0.393186
0.194506
0.363626
0.208365
0.209609
0.217361
0.556796
0.299210
0.245576
0.235095
0.199256
0.201014
0.201175
0.190650
0.170111
0.295106
0.306908
0.143865
0.344543
0.174252
0.176006
0.321098
0.229411
0.391423
0.112728
0.200795
0.217196
0.209523
0.310240
0.255897
0.095325
0.125540
0.235120
0.149638
0.498773
0.277110
0.171499
0.214204
0.185656
0.345957
0.136021
0.263028
0.339270
0.347069
0.217631
0.364876
0.125323
0.136114
0.197176
0.287910
0.133872
0.287610
0.284228
0.489470
0.293287
0.177318
0.507086
0.307132
0.161664
0.224213
0.163212
0.132644
0.148695
0.300684
0.157588
0.170693
0.146715
0.139695
0.222130
0.146765
0.315339
0.336335
0.256828
0.383433
0.127332
0.226799
0.265001
0.241186
0.081281
0.160367
0.191920
0.109413
0.506423
0.266648
0.352360
0.371293
0.208106
0.211691
0.248209
0.543427
0.285046
0.243610
0.576825
0.268487
0.109563
0.134946