6.366399999999999837e-02
1.755079999999999973e-01
3.573470000000000257e-01
1.685679999999999956e-01
1.332260000000000111e-01
2.873649999999999816e-01
8.321699999999999930e-02
2.235840000000000050e-01
3.032299999999999995e-01
1.344249999999999889e-01
1.779640000000000111e-01
1.923380000000000090e-01
1.956090000000000051e-01
9.423900000000000332e-02
1.953880000000000061e-01
3.617409999999999792e-01
8.223999999999999366e-02
1.824050000000000116e-01
8.511100000000000609e-02
1.917030000000000123e-01
1.121240000000000014e-01
1.496089999999999920e-01
1.256980000000000042e-01
1.946289999999999965e-01
1.689730000000000121e-01
3.401129999999999987e-01
2.096270000000000078e-01
3.890600000000000169e-01
1.062629999999999963e-01
2.366459999999999952e-01
3.357629999999999781e-01
1.446359999999999868e-01
1.159120000000000011e-01
1.588859999999999995e-01
2.251799999999999913e-01
1.639599999999999946e-01
2.845799999999999996e-01
2.022349999999999981e-01
2.878959999999999853e-01
3.618020000000000125e-01
3.244099999999999762e-01
2.449600000000000111e-01
9.490099999999999925e-02
1.739509999999999945e-01
1.769590000000000052e-01
3.412649999999999850e-01
1.652440000000000020e-01
3.689910000000000134e-01
3.760049999999999781e-01
1.759139999999999870e-01
4.257329999999999726e-01
2.799150000000000249e-01
2.487479999999999969e-01
3.622540000000000204e-01
2.134139999999999926e-01
4.551419999999999910e-01
1.083309999999999967e-01
9.378300000000000525e-02
6.879140000000000255e-01
3.960359999999999991e-01
4.000440000000000107e-01
1.594609999999999916e-01
7.034909999999999775e-01
4.115820000000000034e-01
3.391480000000000050e-01
6.895790000000000530e-01
1.069650000000000045e-01
2.537550000000000083e-01
1.603700000000000125e-01
1.178450000000000053e-01
1.348109999999999864e-01
2.642909999999999981e-01
