5.609100000000000197e-02
9.288799999999999835e-02
2.228999999999999870e-01
2.059350000000000069e-01
4.216489999999999960e-01
1.892270000000000063e-01
1.441310000000000091e-01
1.002210000000000045e-01
9.298700000000000021e-02
1.157819999999999960e-01
4.978300000000000086e-02
1.747410000000000074e-01
1.258789999999999909e-01
1.465410000000000046e-01
3.916800000000000143e-02
5.155400000000000260e-02
3.982859999999999734e-01
2.826670000000000016e-01
4.310060000000000002e-01
2.756839999999999846e-01
1.127770000000000022e-01
1.328739999999999921e-01
1.238619999999999999e-01
1.222779999999999978e-01
4.827350000000000252e-01
2.495979999999999865e-01
3.669999999999999929e-01
6.276260000000000172e-01
2.911889999999999756e-01
2.526729999999999809e-01
3.416739999999999777e-01
1.250690000000000135e-01
