3.994369999999999865e-01
3.113659999999999761e-01
3.395449999999999857e-01
2.057900000000000007e-01
2.568869999999999765e-01
2.783479999999999843e-01
2.067819999999999936e-01
2.257589999999999875e-01
2.674190000000000178e-01
3.614450000000000163e-01
2.886739999999999862e-01
2.414020000000000055e-01
6.232180000000000497e-01
3.661949999999999927e-01
2.854030000000000178e-01
5.984420000000000295e-01
3.204830000000000179e-01
4.570790000000000131e-01
2.214559999999999862e-01
1.689930000000000043e-01
9.891800000000000592e-02
2.300909999999999900e-01
1.309400000000000008e-01
1.719259999999999955e-01
1.099890000000000034e-01
1.562449999999999950e-01
1.342329999999999912e-01
2.468229999999999869e-01
3.961740000000000261e-01
1.357490000000000085e-01
1.571269999999999889e-01
1.240600000000000036e-01
2.026679999999999870e-01
1.708590000000000109e-01
1.435839999999999894e-01
3.568549999999999778e-01
1.982909999999999950e-01
2.699739999999999918e-01
1.651249999999999940e-01
1.973939999999999861e-01
1.496399999999999952e-01
3.245160000000000267e-01
1.477680000000000105e-01
9.336899999999999367e-02
5.631460000000000354e-01
2.576629999999999754e-01
1.980800000000000061e-01
1.384990000000000110e-01
1.443099999999999938e-01
2.009779999999999900e-01
2.331570000000000031e-01
2.211470000000000102e-01
3.591289999999999760e-01
1.163980000000000015e-01
2.101860000000000117e-01
3.271950000000000136e-01
2.497699999999999920e-01
2.821830000000000171e-01
2.865320000000000089e-01
1.864629999999999899e-01
9.334599999999999842e-02
8.853800000000000558e-02
2.941759999999999931e-01
2.695589999999999931e-01
3.065370000000000039e-01
5.604270000000000085e-01
2.421709999999999974e-01
2.740360000000000018e-01
3.467180000000000262e-01
2.111929999999999918e-01
4.163640000000000119e-01
2.860610000000000097e-01
3.788320000000000021e-01
2.272699999999999998e-01
2.266779999999999906e-01
2.422799999999999954e-01
3.704620000000000135e-01
2.411459999999999992e-01
3.555630000000000179e-01
1.930489999999999984e-01
1.862910000000000121e-01
2.891610000000000014e-01
1.758879999999999888e-01
2.169969999999999954e-01
2.617430000000000034e-01
4.425979999999999914e-01
2.495769999999999933e-01
2.751399999999999957e-01
5.677419999999999689e-01
3.299460000000000170e-01
4.923210000000000086e-01
3.505849999999999800e-01
2.550149999999999917e-01
2.284799999999999887e-01
2.927899999999999947e-01
4.883689999999999976e-01
2.864160000000000039e-01
4.793799999999999728e-01
2.633969999999999922e-01
3.199279999999999902e-01
2.049459999999999893e-01
1.335969999999999935e-01
2.667459999999999831e-01
2.293020000000000058e-01
3.280629999999999935e-01
5.828799999999999537e-01
2.713380000000000236e-01
4.224410000000000109e-01
2.327849999999999919e-01
1.993890000000000107e-01
4.864009999999999723e-01
2.448960000000000026e-01
2.153849999999999931e-01
2.259150000000000047e-01
1.631229999999999902e-01
1.854530000000000067e-01
2.440199999999999869e-01
2.659380000000000077e-01
1.840519999999999934e-01
1.565610000000000057e-01
1.170169999999999960e-01
1.892349999999999866e-01
2.420829999999999926e-01
2.466039999999999899e-01
2.251120000000000065e-01
3.863030000000000075e-01
3.184520000000000128e-01
2.100849999999999940e-01
2.622289999999999899e-01
5.450080000000000480e-01
4.301459999999999728e-01
2.610210000000000030e-01
2.283199999999999952e-01
1.722090000000000010e-01
2.695319999999999938e-01
2.342420000000000058e-01
1.600010000000000043e-01
2.431300000000000128e-01
2.045949999999999991e-01
2.672069999999999723e-01
1.539490000000000025e-01
2.718940000000000246e-01
6.615889999999999826e-01
3.928059999999999885e-01
1.679049999999999987e-01
1.682190000000000074e-01
3.386810000000000098e-01
2.119900000000000118e-01
2.200860000000000039e-01
3.520650000000000168e-01
1.856549999999999867e-01
1.512960000000000138e-01
3.073899999999999966e-01
4.901579999999999826e-01
1.730049999999999921e-01
1.925169999999999937e-01
2.188789999999999902e-01
1.798069999999999946e-01
1.820489999999999886e-01
2.354700000000000126e-01
2.197560000000000069e-01
3.858770000000000255e-01
