9.296300000000000396e-02
8.976000000000000645e-02
4.092109999999999914e-01
5.962629999999999875e-01
2.037239999999999884e-01
4.192020000000000191e-01
1.868140000000000078e-01
3.523319999999999785e-01
2.120080000000000020e-01
3.891789999999999972e-01
1.527550000000000019e-01
2.768269999999999897e-01
1.655600000000000127e-01
1.873650000000000038e-01
1.193730000000000069e-01
1.807459999999999900e-01
1.450089999999999990e-01
2.352019999999999944e-01
6.177200000000000052e-02
1.025130000000000069e-01
1.478319999999999912e-01
1.079110000000000069e-01
1.330830000000000068e-01
1.208810000000000023e-01
1.352559999999999873e-01
1.386719999999999897e-01
2.128470000000000084e-01
1.250759999999999927e-01
1.276609999999999967e-01
1.262669999999999904e-01
1.154560000000000031e-01
9.529999999999999583e-02
1.477519999999999945e-01
2.830670000000000130e-01
2.823640000000000039e-01
1.893960000000000088e-01
1.067899999999999960e-01
1.253299999999999970e-01
1.761840000000000073e-01
1.733999999999999986e-01
2.166589999999999905e-01
3.317700000000000093e-01
4.531040000000000068e-01
1.967629999999999935e-01
3.628509999999999791e-01
1.890340000000000076e-01
1.732730000000000103e-01
1.154690000000000022e-01
1.418639999999999901e-01
1.554540000000000088e-01
2.798629999999999729e-01
2.182369999999999866e-01
3.601800000000000002e-01
1.795229999999999881e-01
7.122900000000000065e-02
1.097790000000000016e-01
2.116460000000000008e-01
1.267939999999999900e-01
4.767899999999999916e-01
2.391850000000000087e-01
1.998360000000000136e-01
8.614099999999999535e-02
3.071099999999999941e-01
1.117390000000000050e-01
1.438099999999999934e-01
1.267490000000000006e-01
2.262290000000000134e-01
1.997440000000000049e-01
3.189199999999999813e-01
1.640820000000000056e-01
3.275089999999999946e-01
1.386499999999999955e-01
6.721599999999999797e-02
7.661199999999999954e-02
2.111349999999999894e-01
1.523599999999999954e-01
3.817260000000000097e-01
1.477910000000000057e-01
2.474540000000000073e-01
1.076379999999999976e-01
1.393929999999999891e-01
1.512590000000000046e-01
2.710239999999999871e-01
4.200369999999999937e-01
1.773859999999999881e-01
1.416280000000000039e-01
1.450849999999999917e-01
1.446719999999999950e-01
3.432729999999999948e-01
1.744479999999999920e-01
9.500699999999999423e-02
1.930250000000000021e-01
1.754640000000000088e-01
1.303060000000000052e-01
1.532519999999999993e-01
1.003409999999999996e-01
1.293950000000000100e-01
2.453700000000000048e-01
2.650270000000000126e-01
1.784799999999999998e-01
1.844880000000000131e-01
1.432799999999999907e-01
1.884639999999999926e-01
9.843899999999999872e-02
1.770700000000000052e-01
2.498869999999999980e-01
2.393599999999999894e-01
1.460370000000000001e-01
8.991599999999999593e-02
1.434660000000000102e-01
2.721480000000000010e-01
1.285699999999999898e-01
1.685709999999999986e-01
1.658779999999999977e-01
2.755369999999999764e-01
2.257500000000000062e-01
2.168210000000000137e-01
3.343450000000000033e-01
4.165150000000000241e-01
1.975339999999999874e-01
4.665949999999999820e-01
2.406530000000000058e-01
2.795030000000000014e-01
1.869840000000000113e-01
4.325089999999999768e-01
2.072239999999999915e-01
8.286699999999999622e-02
9.919400000000000439e-02
