1.030500000000000027e-01
2.165890000000000037e-01
1.610389999999999877e-01
1.768859999999999877e-01
1.459809999999999997e-01
1.385830000000000117e-01
9.732599999999999585e-02
9.928800000000000125e-02
2.788160000000000083e-01
1.663840000000000041e-01
3.760410000000000141e-01
2.233420000000000127e-01
2.094930000000000125e-01
1.582790000000000030e-01
2.496859999999999913e-01
3.857349999999999945e-01
1.623590000000000033e-01
1.262939999999999896e-01
1.821299999999999863e-01
1.840880000000000016e-01
1.289639999999999953e-01
1.325550000000000062e-01
2.022440000000000071e-01
1.393909999999999871e-01
2.119560000000000055e-01
2.678599999999999870e-01
2.972739999999999827e-01
4.307070000000000065e-01
2.871580000000000243e-01
4.456959999999999811e-01
2.250600000000000100e-01
2.535800000000000276e-01
8.498699999999999311e-02
1.243879999999999986e-01
2.336189999999999933e-01
1.231180000000000052e-01
2.275200000000000000e-01
1.682730000000000059e-01
2.378280000000000116e-01
2.521300000000000208e-01
3.075330000000000008e-01
1.965870000000000117e-01
4.531029999999999780e-01
3.362990000000000146e-01
5.593770000000000131e-01
3.810850000000000071e-01
2.725400000000000045e-01
1.817139999999999866e-01
2.196740000000000081e-01
1.238709999999999950e-01
6.509409999999999918e-01
3.221249999999999947e-01
3.510489999999999999e-01
2.666950000000000154e-01
6.508479999999999821e-01
4.286789999999999767e-01
2.731290000000000107e-01
2.270899999999999863e-01
3.723739999999999828e-01
4.601770000000000027e-01
4.322420000000000151e-01
2.066000000000000059e-01
2.495590000000000031e-01
1.123669999999999947e-01
8.683399999999999452e-02
1.143440000000000012e-01
2.975119999999999987e-01
1.945260000000000045e-01
3.024149999999999894e-01
1.515080000000000038e-01
2.057900000000000007e-01
1.763139999999999985e-01
1.889889999999999903e-01
2.064209999999999934e-01
2.304370000000000029e-01
3.466850000000000209e-01
1.268459999999999865e-01
1.243709999999999954e-01
1.893809999999999938e-01
1.494840000000000058e-01
1.067550000000000027e-01
1.656140000000000112e-01
2.277569999999999872e-01
2.338480000000000003e-01
1.907719999999999971e-01
2.936329999999999774e-01
1.583360000000000045e-01
2.277389999999999970e-01
2.631689999999999863e-01
1.340639999999999887e-01
9.021200000000000052e-02
7.926700000000000412e-02
1.700689999999999980e-01
9.694400000000000239e-02
3.649549999999999739e-01
1.878019999999999967e-01
1.488240000000000118e-01
3.061590000000000145e-01
