0.335889
0.262041
0.293889
0.251913
0.419928
0.257865
0.281274
0.268915
0.473198
0.290854
0.336902
0.318700
0.264535
0.220582
0.321330
0.324749
0.412701
0.315903
0.310969
0.397235
0.198272
0.315261
0.191687
0.215277
0.268994
0.223406
0.158988
0.283588
0.303206
0.431417
0.204772
0.302081
0.219875
0.248481
0.315053
0.178430
0.458901
0.528806
0.339956
0.636441
0.312869
0.363477
0.691882
0.297717
0.446927
0.319009
0.275846
0.658655
0.439081
0.470021
0.304595
0.360567
0.281279
0.306312
0.370137
0.313339
0.408692
0.412762
0.437654
0.797393
0.402096
0.293298
0.219163
0.539183
0.213683
0.274982
0.147981
0.209413
0.395222
0.348428
0.596478
0.346864
0.238575
0.204984
0.226324
0.283821
0.405574
0.310381
0.173802
0.235973
0.214174
0.148609
0.205665
0.222810
0.275476
0.176175
0.220495
0.184005
0.131340
0.308257
0.245121
0.273414
0.377598
0.208755
0.269441
0.227610
0.324687
0.238916
0.250299
0.304424
0.242635
0.105549
0.239442
0.114351
0.165444
0.226013
0.120857
0.247890
0.381977
0.133892
0.177436
0.368456
0.389788
0.194812
0.156238
0.330274
0.350160
0.164386
0.225598
0.147875
0.167888
0.297075
0.177494
0.225377
0.131155
0.165026
0.214164
0.191306
0.344084
0.497999
0.262001
0.483358
0.160700
0.214416
0.291252
0.240923
0.291288
0.273442
0.249976
0.255085
0.236419
0.349224
0.258041
0.212605
0.278539
0.206941
0.200599
0.258432
0.446182
0.628150
0.295901
0.302399
0.198631
0.439336
0.201521
0.284535
0.273375
0.478915
0.311426
0.302672
0.282148
0.157514
0.230453
0.168251
0.205009
0.193008
0.221799
0.187297
0.445325
0.180121
0.548156
0.274406
0.222249
0.392873
0.311258
0.534202
0.207591
0.217577
0.280914
0.235993
0.267096
0.237055
0.123508
0.254218
0.199803
0.295121
0.610990
0.239614
0.401181
0.366197
0.315003
0.266254
0.514636
0.243840
0.285883
0.461061
0.400808
0.544763
0.224246
0.221718