0.137731
0.161007
0.585990
0.281054
0.177239
0.175750
0.457081
0.214647
0.374917
0.277937
0.220317
0.303005
0.332600
0.507370
0.346396
0.258496
0.216842
0.145125
0.172802
0.139705
0.091025
0.221813
0.157653
0.275640
0.258972
0.125343
0.299473
0.233689
0.168339
0.236714
0.210301
0.242169
0.306455
0.213768
0.177891
0.127384
0.411980
0.231112
0.558273
0.259227
0.109097
0.150583
0.271613
0.391831
0.664162
0.374326
0.238011
0.307131
0.154266
0.264401
0.362527
0.233996
0.215874
0.149132
0.416600
0.265875
0.276057
0.250447
0.198590
0.185862
0.102611
0.109512
0.293161
0.350787
0.231617
0.289997
0.399946
0.280858
0.387927
0.265860
0.388687
0.226678
0.180400
0.160202
0.244240
0.190965
0.152088
0.159574
0.146247
0.159441
0.180426
0.294838
0.341638
0.245793
0.239301
0.231282
0.309712
0.220519
0.309623
0.200939
0.170803
0.242894
0.180894
0.279086
0.143387
0.352381
0.204380
0.182210
0.278500
0.430688
0.154622
0.184935
0.552666
0.309920
0.191190
0.399449
0.220143
0.397737
0.134705
0.145396
0.113720
0.195622
0.119649
0.210469
0.128525
0.116302
0.123578
0.278238
0.197460
0.166199
0.103140
0.206036
0.191409
0.254464
0.111459
0.119674
0.253816
0.116927
0.197728
0.082213
0.193666
0.094021
0.119035
0.129890
0.246668
0.150770
0.098542
0.198554
0.135272
0.195219
0.102819
0.297938
0.095303
0.076802
0.251002
0.147827
0.311618
0.153629
0.384107
0.175741
0.198556
0.222754
0.380472
0.248865
0.381701
0.633081
0.199448
0.324038
0.829288
0.439830
0.143109
0.121137