1.954760000000000109e-01
2.418669999999999987e-01
1.852880000000000082e-01
2.414189999999999947e-01
1.765420000000000045e-01
2.427400000000000113e-01
2.252840000000000120e-01
4.198439999999999950e-01
5.576790000000000358e-01
3.210950000000000193e-01
3.332080000000000042e-01
1.842300000000000049e-01
1.821919999999999928e-01
1.511349999999999916e-01
2.067239999999999911e-01
1.890900000000000081e-01
2.656709999999999905e-01
2.917179999999999773e-01
1.357260000000000133e-01
1.523130000000000039e-01
5.925930000000000364e-01
3.494840000000000169e-01
1.947949999999999959e-01
2.243600000000000039e-01
3.336109999999999909e-01
6.124359999999999804e-01
1.784449999999999925e-01
3.149669999999999970e-01
5.004629999999999912e-01
7.321149999999999602e-01
3.418240000000000167e-01
3.018469999999999764e-01
1.753820000000000101e-01
4.061589999999999923e-01
2.165070000000000050e-01
2.412249999999999950e-01
4.599110000000000142e-01
2.691000000000000059e-01
2.140880000000000005e-01
3.336870000000000114e-01
1.896839999999999915e-01
2.214830000000000132e-01
2.452959999999999863e-01
1.580860000000000043e-01
1.526369999999999949e-01
1.951559999999999961e-01
3.996759999999999757e-01
1.804099999999999870e-01
2.740670000000000051e-01
2.214490000000000069e-01
5.093579999999999774e-01
2.087529999999999941e-01
1.016959999999999947e-01
1.437390000000000057e-01
1.562969999999999915e-01
1.385299999999999865e-01
2.462499999999999967e-01
5.531509999999999483e-01
1.092650000000000010e-01
9.765300000000000369e-02
2.295419999999999960e-01
2.846580000000000221e-01
2.721080000000000165e-01
2.063540000000000096e-01
2.076089999999999880e-01
3.752460000000000240e-01
1.308400000000000118e-01
2.514759999999999773e-01
2.800799999999999956e-01
3.724379999999999913e-01
3.669780000000000264e-01
5.730730000000000546e-01
1.683949999999999891e-01
1.922689999999999955e-01
1.727259999999999907e-01
2.414179999999999937e-01
3.221780000000000199e-01
2.311840000000000006e-01
1.591269999999999907e-01
2.924700000000000077e-01
2.545640000000000125e-01
5.119310000000000249e-01
2.398099999999999954e-01
1.984009999999999940e-01
2.921679999999999833e-01
1.713469999999999993e-01
4.658320000000000238e-01
2.001429999999999876e-01
1.482259999999999966e-01
3.315640000000000254e-01
2.074010000000000020e-01
2.643849999999999811e-01
1.615250000000000019e-01
1.353040000000000076e-01
1.834280000000000077e-01
2.099709999999999910e-01
2.760040000000000271e-01
2.794249999999999790e-01
1.472690000000000110e-01
2.512980000000000214e-01
2.466810000000000114e-01
2.280619999999999870e-01
1.975139999999999951e-01
2.455130000000000090e-01
2.114699999999999913e-01
3.843799999999999994e-01
2.566200000000000148e-01
1.685560000000000114e-01
3.459380000000000233e-01
2.278910000000000102e-01
1.503990000000000049e-01
2.373029999999999862e-01
1.709990000000000121e-01
2.661120000000000152e-01
2.361509999999999998e-01
1.412249999999999894e-01
1.590689999999999882e-01
3.691349999999999909e-01
2.638099999999999890e-01
1.373570000000000069e-01
2.449429999999999941e-01
3.386170000000000013e-01
2.601350000000000051e-01
6.200339999999999741e-01
6.192609999999999504e-01
3.336580000000000101e-01
3.006710000000000216e-01
1.848349999999999993e-01
4.558070000000000177e-01
2.173609999999999987e-01
3.069620000000000126e-01
3.040010000000000212e-01
1.141960000000000058e-01
2.501229999999999842e-01
2.310589999999999866e-01
1.949799999999999867e-01
3.275819999999999843e-01
2.437400000000000122e-01
3.335609999999999964e-01
1.998449999999999949e-01
2.850960000000000161e-01
3.206590000000000273e-01
1.106889999999999957e-01
2.530720000000000192e-01
3.043569999999999887e-01
2.168090000000000017e-01
2.873390000000000111e-01
2.068300000000000138e-01
4.572399999999999798e-01
1.848410000000000053e-01
3.709210000000000007e-01
2.671709999999999918e-01
4.417800000000000060e-01
1.638300000000000034e-01
1.101550000000000029e-01
1.975179999999999991e-01
2.039009999999999989e-01
4.882199999999999873e-01
1.503309999999999924e-01
1.135769999999999974e-01
3.275279999999999858e-01
4.528389999999999915e-01
4.487189999999999790e-01
2.117890000000000050e-01
3.798380000000000090e-01
2.350079999999999947e-01
2.046290000000000053e-01
2.210380000000000122e-01
1.502479999999999927e-01
3.896769999999999956e-01
2.495989999999999875e-01
3.226510000000000211e-01
1.160640000000000005e-01
1.914770000000000083e-01
1.514820000000000055e-01
4.021120000000000250e-01
1.947899999999999909e-01
2.333020000000000094e-01
1.148079999999999934e-01
1.432670000000000055e-01
3.427959999999999896e-01
3.435540000000000260e-01
1.722329999999999972e-01
3.287660000000000027e-01
3.202240000000000086e-01
2.413520000000000110e-01
3.301250000000000018e-01
2.508900000000000019e-01
4.930709999999999815e-01
2.459669999999999912e-01
4.181540000000000257e-01
2.889320000000000221e-01
4.970100000000000073e-01
1.978350000000000108e-01
6.408700000000000507e-01
2.432719999999999883e-01
5.574700000000000211e-01
7.360849999999999893e-01
1.214409999999999934e-01
1.020449999999999968e-01
