0.128874
0.106993
0.424216
0.687063
0.272595
0.384686
0.218269
0.407784
0.418918
0.738629
0.236062
0.217904
0.292992
0.444026
0.186671
0.207279
0.634924
0.404450
0.160277
0.296114
0.367025
0.146530
0.207293
0.428552
0.128312
0.146390
0.185676
0.312856
0.200005
0.301443
0.273704
0.142719
0.265626
0.199990
0.168873
0.303749
0.244361
0.427392
0.326667
0.221059
0.281102
0.385269
0.093954
0.082102
0.375657
0.239283
0.425624
0.264494
0.140037
0.171949
0.261488
0.138924
0.294956
0.245194
0.105092
0.178297
0.112620
0.281423
0.101559
0.151417
0.172593
0.182155
0.256877
0.192375
0.242439
0.405098
0.268163
0.127556
0.281275
0.269137
0.089206
0.124473