1.310089999999999866e-01
1.168880000000000058e-01
6.133700000000000263e-02
1.711910000000000098e-01
2.139560000000000073e-01
7.045470000000000343e-01
9.431299999999999406e-02
4.365660000000000096e-01
4.419919999999999960e-01
7.800120000000000386e-01
1.094370000000000065e-01
4.228069999999999884e-01
1.213609999999999967e-01
1.049419999999999936e-01
1.628890000000000060e-01
3.432769999999999988e-01
1.625139999999999918e-01
2.237010000000000109e-01
1.182129999999999986e-01
2.051510000000000000e-01
1.821399999999999963e-01
1.459570000000000034e-01
2.036930000000000129e-01
7.904799999999999327e-02
1.442799999999999916e-01
5.515529999999999600e-01
4.396209999999999840e-01
1.622220000000000051e-01
1.151260000000000061e-01
1.368689999999999907e-01
4.183589999999999809e-01
1.652599999999999902e-01
3.909429999999999850e-01
1.376350000000000073e-01
3.044319999999999804e-01
9.985299999999999732e-02
9.937699999999999312e-02
1.027639999999999942e-01
3.576520000000000254e-01
8.421199999999999519e-02
1.257129999999999914e-01
1.032720000000000027e-01
6.620900000000000396e-02
2.294750000000000123e-01
2.971219999999999972e-01
9.299100000000000421e-02
2.470380000000000076e-01
7.824299999999999311e-02
1.630310000000000092e-01
1.517090000000000105e-01
3.782190000000000274e-01
1.560769999999999935e-01
1.399330000000000018e-01
1.901789999999999869e-01
3.629890000000000061e-01
2.293030000000000068e-01
1.548630000000000007e-01
2.775580000000000269e-01
1.896799999999999875e-01
1.038140000000000035e-01
2.726259999999999795e-01
1.788520000000000110e-01
1.901819999999999899e-01
2.199560000000000126e-01
1.549220000000000041e-01
1.803520000000000123e-01
2.238100000000000089e-01
1.605030000000000068e-01
2.780599999999999739e-01
1.823390000000000011e-01
7.280399999999999372e-02
1.812130000000000130e-01
