0.083446
0.111813
0.332702
0.202490
0.260917
0.198589
0.121847
0.122541
0.134881
0.149923
0.101212
0.109181
0.361440
0.199887
0.082313
0.090994
0.575531
0.316853
0.158163
0.159043
0.143670
0.273577
0.292224
0.139142
0.155870
0.126051
0.150737
0.103196
0.090835
0.216236
0.124322
0.240828
0.110919
0.195666
0.107800
0.205054
0.222535
0.395605
0.183946
0.203027
0.283600
0.262024
0.251425
0.176057
0.163685
0.154059
0.133854
0.138951
0.191006
0.204317
0.257462
0.480022
0.224554
0.339632
0.173413
0.168625
0.203432
0.162833
0.131701
0.135714
0.240844
0.410466
0.205760
0.203240
0.314352
0.230163
0.197562
0.340107
0.164468
0.165906
0.242246
0.132378