0.170293
0.234362
0.271514
0.408388
0.342364
0.318751
0.194069
0.143041
0.235367
0.245660
0.287180
0.376398
0.487531
0.312343
0.264242
0.222261
0.514742
0.394522
0.348482
0.217428
0.333487
0.251989
0.394219
0.387252
0.248665
0.181263
0.286077
0.575726
0.300584
0.223837
0.492188
0.283824
0.293104
0.330415
0.344132
0.353827
0.234804
0.450331
0.156747
0.142877
0.161605
0.315090
0.159851
0.194228
0.220696
0.174847
0.206362
0.240876
0.164714
0.186350
0.201543
0.257263
0.255612
0.296486
0.302120
0.148408
0.190909
0.227559
0.373231
0.285965
0.086566
0.191827
0.210611
0.216446
0.433461
0.186878
0.278415
0.154900
0.281383
0.429279
0.342537
0.214605
0.332882
0.553424
0.262063
0.209181
0.326175
0.384674
0.180363
0.463510
0.092898
0.200777
0.188422
0.273788
0.137445
0.298976
0.270336
0.273627
0.246933
0.357911
0.283235
0.179344
0.206826
0.222607
0.406207
0.254086
0.149835
0.204153
0.201190
0.192434
0.114182
0.194483
0.263896
0.183112
0.253137
0.411403
0.320068
0.241562
0.322429
0.135449
0.193367
0.264333
0.333297
0.379005
0.449681
0.121961
0.273625
0.549099
0.550959
0.289490
0.200559
0.145092
0.476177
0.392273
0.363422
0.290856
0.269267
0.199551
0.217765
0.204558
0.387130
0.705150
0.385284
0.164072
0.170218
0.256994
0.286043
0.225907
0.374518
0.188249
0.229201
0.230128
0.347159
0.548883
0.208523
0.274453
0.210671
0.317355
0.344214
0.222494
0.151581
0.174642
0.218200
0.172974
0.187969
0.248432
0.247593
0.170015
0.255007
0.223517
0.138803
0.234680