1.915530000000000010e-01
2.334980000000000111e-01
4.810550000000000104e-01
3.305310000000000192e-01
5.062269999999999825e-01
2.722780000000000200e-01
2.405309999999999948e-01
2.345540000000000125e-01
4.964060000000000139e-01
3.309509999999999952e-01
3.100180000000000158e-01
2.113389999999999991e-01
3.299779999999999935e-01
4.955559999999999965e-01
2.629290000000000238e-01
2.716310000000000113e-01
1.775239999999999874e-01
1.917399999999999938e-01
2.092650000000000066e-01
2.647900000000000253e-01
1.622270000000000101e-01
2.471929999999999961e-01
2.454449999999999965e-01
2.414189999999999947e-01
2.091939999999999911e-01
3.844009999999999927e-01
2.106459999999999999e-01
2.620379999999999932e-01
2.327249999999999874e-01
2.567110000000000225e-01
3.469740000000000046e-01
4.121879999999999988e-01
4.237159999999999815e-01
2.551209999999999867e-01
1.925920000000000132e-01
3.379570000000000074e-01
2.587630000000000208e-01
2.315230000000000066e-01
3.371640000000000192e-01
1.999160000000000104e-01
1.809139999999999915e-01
2.491520000000000123e-01
2.084129999999999872e-01
2.698360000000000203e-01
3.532190000000000052e-01
5.079399999999999471e-01
4.154900000000000260e-01
2.903749999999999942e-01
2.697039999999999993e-01
5.285079999999999778e-01
2.190280000000000005e-01
3.038640000000000230e-01
1.480360000000000009e-01
3.334929999999999839e-01
5.081999999999999851e-01
2.551660000000000039e-01
3.001650000000000151e-01
3.288710000000000244e-01
2.985329999999999928e-01
2.311519999999999964e-01
1.245740000000000042e-01
1.990470000000000017e-01
3.140299999999999758e-01
1.902409999999999934e-01
2.981139999999999901e-01
2.180149999999999866e-01
3.732519999999999727e-01
4.168330000000000091e-01
2.472090000000000121e-01
2.781420000000000003e-01
1.991360000000000074e-01
3.140339999999999798e-01
2.412009999999999987e-01
2.150040000000000007e-01
4.129109999999999725e-01
5.614280000000000381e-01
2.785309999999999730e-01
2.077360000000000040e-01
4.847549999999999915e-01
2.627530000000000143e-01
2.064239999999999964e-01
2.106480000000000019e-01
5.009839999999999849e-01
3.112960000000000171e-01
4.559929999999999817e-01
3.912030000000000229e-01
2.612959999999999727e-01
2.759039999999999826e-01
3.647239999999999926e-01
2.215270000000000017e-01
2.514159999999999728e-01
4.453480000000000216e-01
2.337789999999999868e-01
2.962279999999999913e-01
2.118069999999999953e-01
2.901170000000000138e-01
2.684190000000000187e-01
3.955049999999999955e-01
2.393830000000000124e-01
2.844990000000000019e-01
1.864870000000000139e-01
2.554950000000000276e-01
4.453429999999999889e-01
3.240549999999999820e-01
2.640640000000000209e-01
4.749849999999999905e-01
1.706390000000000129e-01
1.435690000000000022e-01
1.961459999999999870e-01
2.345790000000000097e-01
2.598739999999999939e-01
2.926090000000000080e-01
2.864439999999999764e-01
5.201559999999999517e-01
2.121959999999999957e-01
2.171639999999999959e-01
2.659929999999999795e-01
2.275689999999999935e-01
4.773709999999999898e-01
3.003350000000000186e-01
2.950139999999999985e-01
2.168069999999999997e-01
2.398679999999999979e-01
2.201049999999999951e-01
3.335049999999999959e-01
1.698260000000000047e-01
2.125130000000000075e-01
3.098330000000000251e-01
1.576559999999999906e-01
2.275280000000000080e-01
1.776040000000000119e-01
1.756209999999999993e-01
1.724009999999999987e-01
1.380720000000000003e-01
1.822370000000000101e-01
1.528869999999999951e-01
1.817560000000000009e-01
1.611779999999999879e-01
2.949579999999999980e-01
2.428120000000000001e-01
1.157929999999999932e-01
2.329489999999999894e-01
1.061280000000000001e-01
1.339110000000000023e-01
2.214669999999999972e-01
2.800420000000000131e-01
1.823869999999999936e-01
3.754089999999999927e-01
2.239410000000000012e-01
2.875110000000000166e-01
2.666060000000000096e-01
2.127090000000000092e-01
3.145899999999999808e-01
2.396139999999999937e-01
2.992879999999999985e-01
2.518239999999999923e-01
5.327169999999999961e-01
2.883209999999999940e-01
5.021799999999999597e-01
3.463999999999999857e-01
1.000530000000000030e-01
1.343149999999999900e-01
