0.137336
0.253207
0.160822
0.150023
0.196911
0.224014
0.308643
0.192786
0.130398
0.243579
0.215268
0.352451
0.245680
0.134175
0.183561
0.316805
0.261368
0.319859
0.072165
0.097446
0.256549
0.154859
0.192942
0.179511
0.161225
0.131620
0.121312
0.251336
0.213229
0.290793
0.200610
0.396015
0.153416
0.320297
0.150564
0.162470
0.074737
0.189916
0.344857
0.137825
0.141918
0.240725
0.163103
0.223407
0.138789
0.260702
0.168060
0.171353
0.125408
0.289572
0.108100
0.124475
0.157997
0.141718
0.071803
0.198840
0.101145
0.099983
0.125039
0.175184
0.117711
0.197573
0.239898
0.146839
0.330314
0.333157
0.367514
0.202536
0.274059
0.208888
0.206418
0.216922
0.215578
0.148763
0.232784
0.433945
0.276791
0.287487
0.194702
0.243708
0.273064
0.277546
0.159095
0.349336
0.198217
0.233026
0.339436
0.216146
0.253910
0.144068
0.117734
0.138207
0.294109
0.436178
0.195254
0.114363
0.708315
0.375740
0.167675
0.173687
0.221367
0.523011
0.182959
0.399340
0.145650
0.168695
0.237607
0.196422
0.167096
0.132381
0.374487
0.238760
0.379969
0.256245
0.171100
0.325045
0.255127
0.536014
0.204155
0.420613
0.183715
0.305583
0.469290
0.282454
0.535184
0.375385
0.137773
0.134287