0.158702
0.419880
0.340750
0.198946
0.146331
0.294643
0.281115
0.335536
0.298493
0.196815
0.312504
0.148436
0.254508
0.173597
0.267755
0.192363
0.071508
0.051021
0.248230
0.265981
0.396608
0.327730
0.329341
0.249512
0.304246
0.220844
0.273687
0.252604
0.344848
0.105743
0.220787
0.332930
0.244996
0.177127
0.486388
0.674439
0.393066
0.656963
0.357330
0.637514
0.359755
0.089245
0.203967
0.410490
0.214493
0.175396
0.401952
0.177335
0.321570
0.357223
0.244543
0.151673
0.358098
0.473506
0.282208
0.408880
0.179361
0.429579
0.175368
0.120829
0.174827
0.190423
0.382996
0.196621
0.086786
0.314860
0.234809
0.264962
0.169512
0.284650
0.279470
0.543781
0.244028
0.226768
0.453654
0.694141
0.430376
0.220384
0.370374
0.153782
0.225308
0.227338
0.328891
0.703598
0.213394
0.087283
0.150739
0.366098
0.200384
0.123109
0.207544
0.256773
0.114722
0.316797
0.255965
0.186802
0.135396
0.417643