1.582649999999999890e-01
3.038790000000000102e-01
2.193829999999999947e-01
2.305770000000000042e-01
2.735299999999999954e-01
2.684830000000000272e-01
3.230669999999999931e-01
2.210409999999999875e-01
2.439439999999999942e-01
4.468150000000000177e-01
2.233239999999999947e-01
3.641670000000000185e-01
2.560350000000000126e-01
3.136280000000000179e-01
3.740149999999999864e-01
1.919960000000000000e-01
1.444380000000000108e-01
2.299660000000000037e-01
2.357789999999999886e-01
3.772789999999999755e-01
4.708010000000000250e-01
2.333939999999999904e-01
4.233819999999999806e-01
3.247530000000000139e-01
2.181230000000000113e-01
2.546200000000000130e-01
3.001570000000000071e-01
5.710960000000000480e-01
3.265540000000000109e-01
3.608419999999999961e-01
2.386999999999999955e-01
4.333679999999999755e-01
2.897520000000000095e-01
2.145299999999999985e-01
2.661600000000000077e-01
2.822890000000000121e-01
3.956319999999999837e-01
2.743160000000000043e-01
2.785119999999999818e-01
4.133260000000000267e-01
3.222659999999999969e-01
2.435910000000000020e-01
3.234870000000000245e-01
1.734890000000000043e-01
1.892800000000000038e-01
1.992230000000000112e-01
2.051340000000000108e-01
2.446709999999999996e-01
2.253650000000000098e-01
2.709929999999999839e-01
2.379070000000000074e-01
1.948620000000000074e-01
1.883430000000000104e-01
2.241670000000000051e-01
3.477999999999999980e-01
2.734389999999999876e-01
2.970140000000000002e-01
2.450849999999999973e-01
3.194389999999999730e-01
2.198019999999999974e-01
1.669470000000000121e-01
2.266829999999999956e-01
2.261239999999999917e-01
2.327569999999999917e-01
9.190800000000000358e-02
2.386330000000000118e-01
1.681140000000000134e-01
2.072759999999999880e-01
1.873779999999999890e-01
2.422070000000000056e-01
2.538679999999999826e-01
3.291359999999999841e-01
2.565419999999999923e-01
2.195660000000000112e-01
2.317899999999999960e-01
5.029230000000000089e-01
2.300530000000000075e-01
3.096470000000000056e-01
4.063700000000000090e-01
2.066080000000000139e-01
1.605689999999999895e-01
2.690690000000000026e-01
2.663920000000000177e-01
2.757399999999999851e-01
3.959489999999999954e-01
6.762310000000000265e-01
3.009430000000000160e-01
4.533710000000000240e-01
3.509030000000000205e-01
3.002130000000000076e-01
2.340029999999999888e-01
5.699959999999999471e-01
2.266970000000000096e-01
2.781139999999999723e-01
4.256989999999999941e-01
2.685679999999999734e-01
2.657550000000000190e-01
2.604330000000000256e-01
