0.088406
0.102168
0.257100
0.138631
0.180255
0.197247
0.633729
0.329112
0.200880
0.253506
0.177059
0.236793
0.222377
0.619743
0.395662
0.203830
0.121330
0.136608
0.323959
0.177295
0.299632
0.244657
0.305338
0.505213
0.403582
0.216169
0.182601
0.271099
0.223913
0.213601
0.233370
0.243103
0.333479
0.248674
0.308844
0.319395
0.425773
0.265751
0.476289
0.270073
0.259059
0.268245
0.153574
0.159774
0.183546
0.145090
0.245438
0.122387
0.141582
0.215410
0.167317
0.178200
0.197214
0.350258
0.155314
0.227350
0.122324
0.178223
0.191094
0.289958
0.127806
0.134304
0.218383
0.216569
0.069397
0.119438
0.163288
0.121271
0.194323
0.170836
0.151099
0.135937
0.135456
0.158788
0.132333
0.094128
0.183034
0.224061
0.182702
0.302921
0.076089
0.165664
0.166184
0.161760
0.189866
0.366292
0.247523
0.475657
0.191951
0.169668
0.153836
0.331019
0.230105
0.190715
0.401649
0.224000
0.099601
0.107381