1.689759999999999873e-01
2.754280000000000062e-01
2.060760000000000092e-01
3.163710000000000133e-01
1.723359999999999892e-01
2.096609999999999863e-01
2.552420000000000244e-01
2.970809999999999840e-01
1.156520000000000048e-01
1.491490000000000038e-01
5.674430000000000307e-01
2.324229999999999907e-01
1.974539999999999906e-01
1.410939999999999972e-01
1.903980000000000117e-01
1.939200000000000090e-01
2.422229999999999939e-01
3.714009999999999811e-01
5.087960000000000260e-01
3.326689999999999925e-01
1.468420000000000003e-01
1.462559999999999971e-01
3.095829999999999971e-01
5.410040000000000404e-01
1.604079999999999950e-01
4.274379999999999846e-01
1.527070000000000094e-01
3.214679999999999760e-01
3.300699999999999745e-01
3.009760000000000213e-01
3.514800000000000146e-01
1.350619999999999876e-01
1.668389999999999873e-01
4.363290000000000224e-01
3.965190000000000103e-01
3.224489999999999856e-01
2.358590000000000131e-01
3.208329999999999793e-01
1.185749999999999998e-01
2.878279999999999728e-01
8.706700000000000550e-02
1.556339999999999946e-01
4.472289999999999877e-01
1.697660000000000002e-01
3.954679999999999862e-01
1.415919999999999956e-01
3.072199999999999931e-01
3.224810000000000176e-01
1.529760000000000009e-01
3.982080000000000064e-01
4.728069999999999773e-01
1.791439999999999977e-01
2.364120000000000110e-01
4.710710000000000175e-01
1.415109999999999979e-01
2.013040000000000107e-01
9.383800000000000474e-02
1.401499999999999968e-01
1.639100000000000001e-01
1.173749999999999932e-01
1.384740000000000137e-01
3.559669999999999779e-01
9.417899999999999883e-02
8.266999999999999349e-02
2.089020000000000044e-01
1.986749999999999905e-01
1.375510000000000066e-01
1.048670000000000019e-01
9.306899999999999895e-02
1.361249999999999960e-01
1.920779999999999987e-01
2.236619999999999997e-01
1.997109999999999996e-01
3.080330000000000013e-01
2.949470000000000147e-01
5.358049999999999757e-01
2.205050000000000066e-01
1.030969999999999942e-01
4.296880000000000144e-01
1.719529999999999947e-01
6.902999999999999414e-02
1.358149999999999913e-01
2.665850000000000164e-01
3.282240000000000157e-01
9.980100000000000082e-02
2.194689999999999974e-01
1.922059999999999880e-01
1.162920000000000065e-01
2.502269999999999772e-01
4.484310000000000240e-01
1.839260000000000062e-01
2.086099999999999899e-01
2.685850000000000182e-01
1.904139999999999999e-01
2.608800000000000008e-01
4.731319999999999970e-01
2.645009999999999861e-01
3.524729999999999808e-01
1.778490000000000071e-01
3.542649999999999966e-01
2.048939999999999928e-01
2.430470000000000130e-01
2.083770000000000067e-01
1.622730000000000006e-01
2.006199999999999928e-01
2.400150000000000061e-01
6.531430000000000291e-01
5.414240000000000164e-01
2.881389999999999785e-01
4.775300000000000100e-01
2.443019999999999914e-01
1.310769999999999991e-01
2.132360000000000089e-01
2.834229999999999805e-01
1.711650000000000116e-01
4.205289999999999861e-01
2.530390000000000139e-01
1.753129999999999966e-01
2.687220000000000164e-01
3.257200000000000095e-01
1.035989999999999966e-01
1.814699999999999924e-01
1.462179999999999869e-01
2.518070000000000030e-01
3.745129999999999848e-01
2.840770000000000239e-01
2.615239999999999787e-01
3.227840000000000154e-01
1.318819999999999992e-01
2.850130000000000163e-01
3.022989999999999844e-01
1.849389999999999923e-01
7.984269999999999978e-01
4.232830000000000203e-01
3.990099999999999758e-01
1.714960000000000095e-01
3.341990000000000238e-01
3.125120000000000120e-01
1.743490000000000040e-01
4.069820000000000104e-01
9.824499999999999900e-02
1.663920000000000121e-01
3.203619999999999801e-01
4.636790000000000078e-01
5.042229999999999768e-01
2.696009999999999796e-01
3.553330000000000100e-01
1.796149999999999969e-01
1.265400000000000136e-01
2.237770000000000037e-01
2.107300000000000006e-01
3.159390000000000254e-01
1.025329999999999991e-01
1.471129999999999938e-01
2.256330000000000002e-01
2.090259999999999896e-01
1.656400000000000095e-01
1.346320000000000017e-01
1.452019999999999977e-01
2.033179999999999987e-01
1.352949999999999986e-01
2.597650000000000237e-01
