1.366209999999999924e-01
1.816230000000000067e-01
3.033429999999999738e-01
1.814179999999999959e-01
1.680409999999999959e-01
2.560879999999999823e-01
2.386659999999999893e-01
1.399289999999999978e-01
1.881960000000000022e-01
2.209980000000000000e-01
3.420019999999999727e-01
2.141359999999999930e-01
7.067839999999999678e-01
4.308040000000000203e-01
1.504409999999999914e-01
2.085029999999999939e-01
1.291140000000000065e-01
2.532820000000000071e-01
1.614220000000000099e-01
1.486159999999999981e-01
1.856399999999999995e-01
2.127779999999999949e-01
1.779979999999999896e-01
1.814820000000000044e-01
2.955699999999999994e-01
1.727259999999999907e-01
2.569100000000000272e-01
3.695220000000000171e-01
2.119910000000000128e-01
3.401120000000000254e-01
1.639780000000000126e-01
3.472350000000000159e-01
9.350899999999999490e-02
9.231000000000000316e-02
1.727899999999999991e-01
5.305630000000000068e-01
2.477199999999999958e-01
5.402019999999999600e-01
1.166380000000000056e-01
2.367700000000000082e-01
2.932330000000000214e-01
4.232480000000000131e-01
3.153190000000000159e-01
4.273980000000000001e-01
4.199149999999999827e-01
2.036719999999999919e-01
1.379900000000000015e-01
2.882040000000000157e-01
1.002610000000000029e-01
2.147509999999999974e-01
2.132159999999999889e-01
1.322109999999999952e-01
3.242260000000000142e-01
1.365409999999999957e-01
3.050720000000000098e-01
3.744990000000000263e-01
5.759109999999999507e-01
4.046710000000000029e-01
3.567899999999999960e-01
1.457809999999999939e-01
3.832559999999999856e-01
6.176110000000000211e-01
4.975809999999999955e-01
1.262919999999999876e-01
1.323749999999999927e-01
1.366239999999999954e-01
4.318660000000000276e-01
2.126540000000000097e-01
4.203509999999999747e-01
2.757299999999999751e-01
3.051889999999999881e-01
1.815209999999999879e-01
3.674439999999999928e-01
1.532070000000000098e-01
1.183749999999999941e-01
2.402179999999999871e-01
1.703129999999999922e-01
1.560030000000000028e-01
1.650099999999999900e-01
1.304089999999999971e-01
9.813700000000000201e-02
2.276489999999999903e-01
3.102969999999999895e-01
2.554930000000000256e-01
1.591229999999999867e-01
1.593789999999999929e-01
2.575140000000000207e-01
1.447499999999999898e-01
1.778270000000000128e-01
1.067840000000000039e-01
2.078530000000000100e-01
1.314649999999999985e-01
1.103029999999999983e-01
1.660770000000000024e-01
1.005230000000000012e-01
1.608570000000000000e-01
1.974700000000000066e-01
4.323359999999999981e-01
