0.120695
0.128475
0.184896
0.255501
0.389092
0.374571
0.139222
0.258610
0.490820
0.269588
0.227345
0.445607
0.138767
0.170394
0.122414
0.145521
0.320132
0.302628
0.417287
0.204420
0.113425
0.195199
0.178047
0.161050
0.177962
0.219549
0.180127
0.187341
0.185780
0.112587
0.381187
0.225216
0.172550
0.207638
0.177409
0.370848
0.325665
0.215559
0.186771
0.306975
0.297455
0.189065
0.127682
0.230374
0.153653
0.163957
0.173544
0.353985
0.567416
0.255157
0.287219
0.514236
0.378522
0.434312
0.230128
0.521644
0.112015
0.092020
0.184376
0.208517
0.220795
0.185411
0.220078
0.393254
0.244078
0.387113
0.286076
0.173280
0.343033
0.222565
0.106727
0.198286