3.358889999999999931e-01
2.620410000000000239e-01
2.938890000000000113e-01
2.519129999999999980e-01
4.199280000000000235e-01
2.578650000000000109e-01
2.812740000000000240e-01
2.689150000000000151e-01
4.731980000000000075e-01
2.908540000000000014e-01
3.369019999999999793e-01
3.186999999999999833e-01
2.645350000000000201e-01
2.205820000000000003e-01
3.213300000000000045e-01
3.247490000000000099e-01
4.127009999999999845e-01
3.159029999999999894e-01
3.109689999999999954e-01
3.972350000000000048e-01
1.982720000000000038e-01
3.152610000000000134e-01
1.916869999999999963e-01
2.152769999999999961e-01
2.689940000000000109e-01
2.234059999999999935e-01
1.589879999999999904e-01
2.835880000000000067e-01
3.032059999999999755e-01
4.314169999999999949e-01
2.047720000000000096e-01
3.020809999999999884e-01
2.198749999999999871e-01
2.484810000000000074e-01
3.150530000000000275e-01
1.784300000000000053e-01
4.589010000000000034e-01
5.288059999999999983e-01
3.399559999999999804e-01
6.364410000000000345e-01
3.128690000000000082e-01
3.634769999999999945e-01
6.918819999999999970e-01
2.977170000000000094e-01
4.469270000000000187e-01
3.190089999999999870e-01
2.758459999999999801e-01
6.586549999999999905e-01
4.390809999999999991e-01
4.700210000000000221e-01
3.045950000000000046e-01
3.605670000000000264e-01
2.812790000000000012e-01
3.063119999999999732e-01
3.701369999999999938e-01
3.133389999999999787e-01
4.086919999999999997e-01
4.127620000000000178e-01
4.376539999999999875e-01
7.973930000000000184e-01
4.020960000000000090e-01
2.932980000000000032e-01
2.191629999999999967e-01
5.391829999999999679e-01
2.136830000000000118e-01
2.749820000000000042e-01
1.479810000000000014e-01
2.094129999999999880e-01
3.952220000000000177e-01
3.484280000000000155e-01
5.964779999999999527e-01
3.468640000000000057e-01
2.385750000000000093e-01
2.049839999999999995e-01
2.263239999999999974e-01
2.838209999999999900e-01
4.055739999999999901e-01
3.103810000000000180e-01
1.738020000000000120e-01
2.359729999999999883e-01
2.141740000000000033e-01
1.486089999999999911e-01
2.056649999999999867e-01
2.228100000000000080e-01
2.754759999999999986e-01
1.761749999999999983e-01
2.204949999999999966e-01
1.840050000000000019e-01
1.313400000000000123e-01
3.082570000000000032e-01
2.451210000000000055e-01
2.734139999999999904e-01
3.775979999999999892e-01
2.087549999999999961e-01
2.694409999999999861e-01
2.276100000000000068e-01
3.246870000000000034e-01
2.389159999999999895e-01
2.502989999999999937e-01
3.044239999999999724e-01
2.426349999999999896e-01
1.055490000000000039e-01
2.394419999999999882e-01
1.143509999999999943e-01
1.654440000000000077e-01
2.260129999999999917e-01
1.208570000000000061e-01
2.478899999999999992e-01
3.819770000000000110e-01
1.338920000000000110e-01
1.774360000000000104e-01
3.684560000000000057e-01
3.897880000000000233e-01
1.948120000000000129e-01
1.562379999999999880e-01
3.302740000000000120e-01
3.501600000000000268e-01
1.643860000000000043e-01
2.255979999999999930e-01
1.478750000000000064e-01
1.678880000000000094e-01
2.970749999999999780e-01
1.774940000000000129e-01
2.253769999999999940e-01
1.311549999999999938e-01
1.650260000000000060e-01
2.141639999999999933e-01
1.913060000000000038e-01
3.440840000000000010e-01
4.979990000000000250e-01
2.620009999999999839e-01
4.833580000000000099e-01
1.607000000000000095e-01
2.144159999999999955e-01
2.912520000000000109e-01
2.409229999999999983e-01
2.912879999999999914e-01
2.734420000000000184e-01
2.499760000000000038e-01
2.550850000000000062e-01
2.364189999999999903e-01
3.492239999999999789e-01
2.580410000000000204e-01
2.126049999999999884e-01
2.785389999999999810e-01
2.069410000000000138e-01
2.005989999999999995e-01
2.584319999999999951e-01
4.461820000000000230e-01
6.281499999999999861e-01
2.959010000000000251e-01
3.023989999999999734e-01
1.986310000000000020e-01
4.393360000000000043e-01
2.015210000000000057e-01
2.845349999999999824e-01
2.733749999999999791e-01
4.789149999999999796e-01
3.114259999999999806e-01
3.026719999999999966e-01
2.821480000000000099e-01
1.575139999999999874e-01
2.304529999999999912e-01
1.682510000000000117e-01
2.050089999999999968e-01
1.930080000000000129e-01
2.217989999999999962e-01
1.872969999999999913e-01
4.453250000000000264e-01
1.801210000000000033e-01
5.481559999999999766e-01
2.744059999999999833e-01
2.222490000000000021e-01
3.928730000000000278e-01
3.112579999999999791e-01
5.342019999999999547e-01
2.075909999999999977e-01
2.175769999999999926e-01
2.809139999999999970e-01
2.359930000000000083e-01
2.670960000000000001e-01
2.370549999999999879e-01
1.235080000000000067e-01
2.542179999999999995e-01
1.998030000000000084e-01
2.951210000000000222e-01
6.109900000000000331e-01
2.396139999999999937e-01
4.011810000000000098e-01
3.661969999999999947e-01
3.150029999999999775e-01
2.662539999999999907e-01
5.146359999999999824e-01
2.438400000000000012e-01
2.858829999999999982e-01
4.610609999999999986e-01
4.008079999999999976e-01
5.447629999999999972e-01
2.242460000000000009e-01
2.217179999999999984e-01
