1.140430000000000055e-01
2.680719999999999770e-01
3.592500000000000138e-01
1.580320000000000058e-01
1.609500000000000097e-01
1.231639999999999957e-01
1.297929999999999917e-01
2.576419999999999821e-01
2.605950000000000211e-01
4.016219999999999790e-01
1.353459999999999941e-01
2.368979999999999975e-01
1.780120000000000036e-01
1.304130000000000011e-01
3.840149999999999952e-01
1.681749999999999912e-01
3.875770000000000048e-01
1.877340000000000120e-01
5.791399999999999881e-01
3.785080000000000111e-01
1.096469999999999945e-01
6.485100000000000586e-02
3.968860000000000166e-01
2.431740000000000013e-01
4.548599999999999866e-01
2.888950000000000129e-01
2.855159999999999920e-01
1.108330000000000010e-01
3.642239999999999922e-01
1.130509999999999987e-01
8.561100000000000654e-02
1.746489999999999987e-01
