8.387999999999999623e-02
5.957300000000000095e-02
2.530009999999999759e-01
2.216229999999999867e-01
2.168549999999999922e-01
2.002619999999999956e-01
4.992460000000000231e-01
2.914080000000000004e-01
3.416859999999999897e-01
4.368400000000000061e-01
2.352229999999999877e-01
2.414469999999999950e-01
1.470079999999999998e-01
8.784899999999999654e-02
4.660099999999999659e-02
1.452189999999999870e-01
1.492330000000000045e-01
1.612820000000000087e-01
1.529500000000000026e-01
1.278729999999999867e-01
3.023870000000000169e-01
2.018580000000000096e-01
2.048570000000000113e-01
1.487330000000000041e-01
1.144619999999999943e-01
1.142360000000000042e-01
1.738530000000000075e-01
2.348050000000000137e-01
8.386799999999999811e-02
8.692300000000000026e-02
2.515640000000000098e-01
3.908349999999999880e-01
2.713220000000000076e-01
4.089720000000000022e-01
2.158450000000000091e-01
4.910439999999999805e-01
1.736449999999999938e-01
9.391700000000000048e-02
4.466359999999999775e-01
2.699969999999999870e-01
1.712829999999999908e-01
1.852280000000000038e-01
6.643400000000000694e-02
8.423400000000000332e-02
3.400659999999999794e-01
3.185830000000000051e-01
2.337809999999999888e-01
1.809510000000000007e-01
1.187409999999999993e-01
2.317359999999999975e-01
4.572039999999999993e-01
2.378379999999999939e-01
1.926650000000000029e-01
3.645880000000000232e-01
1.885449999999999904e-01
1.887449999999999961e-01
1.921609999999999985e-01
1.165810000000000041e-01
2.422499999999999931e-01
1.973070000000000102e-01
1.048469999999999958e-01
2.033939999999999915e-01
2.158970000000000056e-01
1.844999999999999973e-01
2.786009999999999875e-01
3.921529999999999738e-01
2.048870000000000136e-01
1.674920000000000020e-01
3.402919999999999834e-01
2.950820000000000110e-01
6.075599999999999751e-02
1.032180000000000042e-01
