1.760710000000000053e-01
1.821319999999999883e-01
1.685989999999999989e-01
1.766030000000000100e-01
3.059850000000000070e-01
5.567649999999999544e-01
2.257850000000000135e-01
5.096140000000000114e-01
1.671410000000000118e-01
3.309250000000000247e-01
2.821540000000000159e-01
2.830489999999999950e-01
3.188210000000000210e-01
6.399529999999999941e-01
9.226600000000000079e-02
2.226069999999999993e-01
2.908479999999999954e-01
1.361150000000000138e-01
2.594480000000000119e-01
1.240210000000000062e-01
6.143450000000000299e-01
3.616280000000000050e-01
3.140769999999999951e-01
3.244770000000000154e-01
1.665149999999999963e-01
1.457050000000000012e-01
1.803329999999999933e-01
9.576099999999999890e-02
5.354099999999999832e-02
1.908340000000000036e-01
1.775629999999999986e-01
8.407399999999999596e-02
2.162600000000000078e-01
1.990560000000000107e-01
2.437670000000000115e-01
1.942440000000000000e-01
1.971980000000000122e-01
2.545769999999999977e-01
5.409950000000000037e-01
1.877280000000000060e-01
3.092929999999999846e-01
1.545009999999999994e-01
7.546799999999999342e-02
1.455049999999999955e-01
2.861540000000000195e-01
2.328719999999999957e-01
2.762919999999999821e-01
2.633010000000000073e-01
1.657750000000000057e-01
3.412430000000000185e-01
1.806260000000000088e-01
2.653940000000000188e-01
2.564159999999999773e-01
2.659079999999999777e-01
2.251199999999999868e-01
2.268360000000000098e-01
2.012780000000000125e-01
2.384120000000000128e-01
3.052369999999999806e-01
4.971340000000000203e-01
2.999660000000000104e-01
2.817479999999999984e-01
4.731170000000000098e-01
2.200060000000000071e-01
5.064189999999999525e-01
2.632749999999999813e-01
4.626080000000000192e-01
2.468460000000000099e-01
2.871409999999999796e-01
3.356459999999999999e-01
1.900169999999999915e-01
2.467830000000000024e-01
