7.340800000000000103e-02
2.943529999999999758e-01
3.105910000000000060e-01
2.150769999999999904e-01
1.817139999999999866e-01
3.560269999999999824e-01
7.312399999999999456e-02
5.817200000000000149e-02
1.009250000000000008e-01
1.504459999999999964e-01
9.230099999999999416e-02
1.686789999999999956e-01
2.131270000000000109e-01
2.825119999999999854e-01
5.337299999999999683e-02
1.372720000000000051e-01
1.596200000000000119e-01
1.997400000000000009e-01
1.700710000000000000e-01
1.111469999999999958e-01
1.735569999999999891e-01
1.540729999999999877e-01
1.055839999999999973e-01
1.080819999999999975e-01
2.525009999999999755e-01
2.191490000000000105e-01
1.756939999999999891e-01
2.215739999999999932e-01
5.550100000000000172e-02
1.019020000000000065e-01
1.130199999999999955e-01
1.912520000000000053e-01
1.906940000000000024e-01
1.325209999999999999e-01
1.060659999999999936e-01
1.200139999999999957e-01
8.394139999999999935e-01
4.477670000000000261e-01
2.595290000000000097e-01
2.823410000000000086e-01
2.631870000000000043e-01
2.862279999999999824e-01
2.310079999999999911e-01
1.251649999999999985e-01
2.233150000000000135e-01
5.131289999999999463e-01
3.966060000000000141e-01
1.644869999999999943e-01
1.595389999999999864e-01
3.344389999999999863e-01
2.231740000000000113e-01
1.478460000000000052e-01
2.476700000000000013e-01
4.282420000000000115e-01
1.070699999999999985e-01
1.491449999999999998e-01
6.905500000000000527e-02
1.634269999999999889e-01
8.824600000000000499e-02
1.190100000000000047e-01
4.267040000000000277e-01
2.333739999999999981e-01
3.514329999999999954e-01
6.296070000000000277e-01
2.963310000000000111e-01
2.403550000000000131e-01
4.118430000000000146e-01
2.174480000000000024e-01
2.283999999999999919e-01
5.484879999999999756e-01
2.219289999999999874e-01
9.524699999999999833e-02
