0.093047
0.132279
0.537670
0.306932
0.308775
0.208983
0.231354
0.285534
0.325003
0.171084
0.239149
0.143264
0.131302
0.130262
0.071220
0.240726
0.194121
0.147958
0.150486
0.185144
0.111087
0.075289
0.135760
0.084571
0.232011
0.148918
0.283286
0.145773
0.089331
0.206182
0.452448
0.222468
0.161356
0.126221
0.158544
0.115025
0.208056
0.174641
0.465267
0.258775
0.200858
0.182614
0.114494
0.164849
0.153675
0.138382
0.344655
0.197506
0.619926
0.263526
0.357698
0.172324
0.361337
0.191769
0.284322
0.307233
0.081449
0.075284
0.501311
0.280122
0.289679
0.149103
0.333519
0.166823
0.612530
0.336766
0.266764
0.247382
0.355938
0.165581
0.106086
0.108607