0.066274
0.055347
0.255973
0.352303
0.207394
0.210276
0.213637
0.193581
0.244197
0.186977
0.237336
0.414298
0.074605
0.087805
0.072069
0.268317
0.079890
0.072966
0.069711
0.078527
0.093364
0.181036
0.125745
0.069858
0.164227
0.190132
0.404580
0.152334
0.091473
0.103526
0.121423
0.534466
0.153621
0.493636
0.422134
0.216489
0.377792
0.193203
0.403818
0.766720
0.150055
0.716784
0.106291
0.133727
0.498717
0.173601
0.145882
0.229481
0.210563
0.274513
0.152303
0.344828
0.116793
0.210447
0.192694
0.107505
0.064783
0.207739
0.154199
0.193058
0.161295
0.333859
0.344460
0.242851
0.222669
0.176246
0.183559
0.204313
0.177226
0.236049
0.059396
0.109070