0.119476
0.226581
0.161385
0.132592
0.115227
0.083475
0.075857
0.242369
0.169881
0.438160
0.297774
0.514635
0.507007
0.244644
0.112618
0.196819
0.217674
0.150937
0.306784
0.572393
0.169877
0.273591
0.217009
0.314681
0.646365
0.316026
0.250967
0.226596
0.119969
0.171545
0.335036
0.631129
0.230474
0.269512
0.189973
0.418136
0.204069
0.259593
0.423818
0.276337
0.212057
0.179678
0.161288
0.380239
0.229764
0.374959
0.311173
0.211356
0.164356
0.315926
0.191402
0.299241
0.255837
0.460654
0.402146
0.173926
0.101704
0.168936
0.399218
0.215585
0.251182
0.176334
0.241626
0.465970
0.198351
0.405386
0.284877
0.121163
0.217230
0.208634
0.197152
0.260494