0.099196
0.123022
0.199074
0.367872
0.249344
0.522834
0.193265
0.365639
0.310275
0.253837
0.220197
0.171393
0.235538
0.354764
0.391677
0.201816
0.191361
0.366052
0.152847
0.193744
0.220289
0.182219
0.147308
0.151895
0.288927
0.234866
0.164861
0.213611
0.345297
0.200095
0.166989
0.207384
0.145933
0.181997
0.400500
0.298224
0.114567
0.171387
0.353763
0.187080
0.421313
0.678768
0.167437
0.437660
0.399298
0.316164
0.244512
0.226102
0.171442
0.182900
0.311208
0.354775
0.240517
0.153336
0.081616
0.102559
0.238268
0.386264
0.247437
0.200796
0.303443
0.335814
0.437836
0.281002
0.283537
0.127084
0.292098
0.554297
0.134680
0.140770
0.243766
0.144248
0.163479
0.370223
0.283636
0.079051
0.314309
0.576753
0.162913
0.175189
0.204670
0.316441
0.213222
0.391348
0.250428
0.225188
0.342954
0.166863
0.334806
0.308369
0.155243
0.183994
0.169046
0.397028
0.226241
0.130722
0.220483
0.357205
0.408056
0.215455
0.211013
0.232255
0.170264
0.343199
0.351610
0.262748
0.306786
0.469258
0.245667
0.233183
0.139244
0.401441
0.198919
0.348889
0.286896
0.344894
0.429635
0.257954
0.144389
0.111687
0.220863
0.376952
0.257358
0.167286
0.282586
0.362180
0.104975
0.187533