0.240756
0.143318
0.341445
0.302818
0.185782
0.165560
0.273828
0.223200
0.188267
0.370968
0.210247
0.393580
0.090439
0.073649
0.071750
0.230210
0.166090
0.085971
0.171980
0.136994
0.107108
0.099238
0.222274
0.219086
0.139948
0.145109
0.249043
0.334392
0.183419
0.130395
0.250697
0.265160
0.160115
0.310516
0.283474
0.334378
0.105369
0.224840
0.580026
0.322978
0.137651
0.281787
0.147603
0.160689
0.149894
0.137922
0.140011
0.298555
0.218779
0.456334
0.294021
0.370336
0.170330
0.213135
0.308736
0.592247
0.263152
0.152158
0.706840
0.414280
0.198900
0.115748
0.240026
0.216824
0.094827
0.102780
0.424885
0.316700
0.126285
0.122690
0.146699
0.281057