1.297689999999999955e-01
1.030549999999999938e-01
3.120620000000000061e-01
2.698450000000000015e-01
1.604679999999999995e-01
1.776189999999999991e-01
3.063230000000000119e-01
2.169810000000000072e-01
2.114449999999999941e-01
2.595330000000000137e-01
2.672080000000000011e-01
2.793080000000000007e-01
1.729030000000000011e-01
1.690099999999999936e-01
2.151190000000000047e-01
2.062190000000000134e-01
3.544229999999999881e-01
4.127979999999999983e-01
3.616860000000000075e-01
1.957710000000000006e-01
2.120640000000000025e-01
1.905169999999999919e-01
2.022789999999999866e-01
2.385160000000000058e-01
2.628340000000000121e-01
3.815029999999999810e-01
2.877359999999999918e-01
3.167189999999999728e-01
2.802970000000000184e-01
1.505720000000000114e-01
2.013210000000000000e-01
2.320170000000000010e-01
4.754490000000000105e-01
2.067450000000000121e-01
3.496739999999999848e-01
3.603120000000000211e-01
4.310689999999999800e-01
2.650179999999999758e-01
3.129910000000000192e-01
1.106749999999999956e-01
1.603140000000000120e-01
1.850499999999999923e-01
3.642509999999999915e-01
3.654919999999999836e-01
1.569069999999999909e-01
3.556369999999999809e-01
2.277099999999999957e-01
2.070849999999999913e-01
2.065430000000000044e-01
4.506339999999999790e-01
2.502349999999999852e-01
3.411009999999999875e-01
1.954649999999999999e-01
4.104689999999999728e-01
2.685670000000000002e-01
4.951070000000000193e-01
2.245040000000000091e-01
1.381419999999999870e-01
1.596889999999999976e-01
1.128139999999999976e-01
3.032050000000000023e-01
1.678510000000000002e-01
2.829039999999999888e-01
2.380019999999999913e-01
2.536990000000000078e-01
1.476089999999999902e-01
2.858089999999999797e-01
1.696080000000000088e-01
1.920330000000000092e-01
1.064480000000000010e-01
1.217680000000000012e-01
3.207409999999999983e-01
4.237199999999999855e-01
2.619139999999999802e-01
2.907080000000000219e-01
1.720849999999999880e-01
1.229910000000000031e-01
1.855930000000000080e-01
3.138880000000000003e-01
1.669130000000000058e-01
2.226519999999999888e-01
5.709840000000000471e-01
2.889340000000000241e-01
1.848170000000000091e-01
3.878320000000000101e-01
2.569069999999999965e-01
4.163609999999999811e-01
1.511500000000000066e-01
1.405820000000000125e-01
3.214650000000000007e-01
3.735260000000000247e-01
2.666850000000000054e-01
2.660379999999999967e-01
3.299309999999999743e-01
1.652510000000000090e-01
2.250320000000000098e-01
2.937549999999999883e-01
2.337059999999999971e-01
1.953060000000000074e-01
1.326479999999999881e-01
2.091890000000000138e-01
1.808210000000000095e-01
3.642119999999999802e-01
2.081139999999999934e-01
2.353409999999999946e-01
1.699120000000000075e-01
1.561649999999999983e-01
3.528180000000000205e-01
3.502290000000000125e-01
2.507860000000000089e-01
2.899930000000000008e-01
1.734910000000000063e-01
3.285690000000000000e-01
3.276160000000000183e-01
2.209909999999999930e-01
2.134240000000000026e-01
2.562710000000000266e-01
2.245860000000000078e-01
3.313099999999999934e-01
9.299599999999999533e-02
1.646519999999999928e-01
2.615239999999999787e-01
2.331550000000000011e-01
1.675349999999999895e-01
1.712200000000000111e-01
3.320299999999999918e-01
3.474679999999999991e-01
2.371250000000000024e-01
2.694540000000000268e-01
1.573700000000000099e-01
1.980169999999999986e-01
2.764260000000000050e-01
2.317230000000000123e-01
3.888579999999999814e-01
2.485159999999999869e-01
2.600299999999999834e-01
2.946119999999999850e-01
3.328309999999999880e-01
1.699090000000000045e-01
1.338910000000000100e-01
2.194139999999999979e-01
1.704380000000000062e-01
2.679969999999999852e-01
3.436259999999999870e-01
5.672310000000000407e-01
2.654710000000000125e-01
4.111040000000000250e-01
4.269270000000000009e-01
2.407739999999999880e-01
4.155329999999999857e-01
7.846859999999999946e-01
6.224779999999999758e-01
4.113169999999999882e-01
3.808940000000000103e-01
2.990180000000000060e-01
2.145759999999999890e-01
2.183289999999999953e-01
2.835099999999999842e-01
2.451290000000000135e-01
1.294130000000000003e-01
1.326690000000000091e-01
