1.509840000000000071e-01
3.604109999999999814e-01
2.663409999999999944e-01
2.007690000000000030e-01
1.096639999999999976e-01
1.052789999999999976e-01
1.675669999999999937e-01
1.420790000000000108e-01
2.299690000000000067e-01
1.321120000000000072e-01
3.053830000000000156e-01
1.455079999999999985e-01
1.018609999999999932e-01
3.538459999999999939e-01
1.288310000000000011e-01
3.277930000000000010e-01
5.586900000000000199e-02
7.875300000000000356e-02
2.309329999999999994e-01
8.201500000000000457e-02
1.499109999999999887e-01
8.932500000000000162e-02
1.251980000000000037e-01
3.407589999999999786e-01
4.246510000000000007e-01
2.678320000000000145e-01
2.863950000000000107e-01
3.757059999999999844e-01
2.213559999999999972e-01
9.642699999999999882e-02
2.450900000000000023e-01
2.932210000000000094e-01
3.010410000000000030e-01
5.590800000000000214e-01
6.816330000000000444e-01
3.056369999999999920e-01
1.228589999999999960e-01
2.601439999999999864e-01
2.258419999999999872e-01
1.376940000000000108e-01
2.354229999999999934e-01
1.229630000000000029e-01
7.471600000000000463e-02
1.957939999999999958e-01
3.313760000000000039e-01
2.512980000000000214e-01
1.911460000000000103e-01
1.932699999999999974e-01
3.471119999999999761e-01
6.479059999999999819e-01
6.627979999999999983e-01
4.264399999999999857e-01
1.543680000000000052e-01
4.654360000000000164e-01
4.937520000000000242e-01
2.609170000000000100e-01
1.150499999999999995e-01
1.169530000000000014e-01
1.422869999999999968e-01
2.486339999999999939e-01
2.868669999999999831e-01
2.850449999999999928e-01
4.615119999999999778e-01
2.788800000000000168e-01
1.162470000000000031e-01
9.427900000000000169e-02
3.952700000000000102e-01
2.333949999999999914e-01
2.059690000000000132e-01
1.742630000000000012e-01
9.894899999999999529e-02
1.963350000000000095e-01
