0.192627
0.146353
0.244062
0.340099
0.378506
0.340958
0.199152
0.191922
0.214325
0.228488
0.230602
0.415994
0.184189
0.226857
0.282491
0.342321
0.413522
0.242974
0.203660
0.240659
0.139914
0.256105
0.116875
0.182505
0.337489
0.241228
0.161040
0.286328
0.178337
0.165051
0.181706
0.301532
0.176992
0.301447
0.262360
0.238697
0.196994
0.177464
0.202134
0.147033
0.116865
0.128104
0.217012
0.176615
0.159885
0.264793
0.239949
0.146681
0.142486
0.144477
0.248579
0.152096
0.158873
0.145112
0.244511
0.141895
0.159205
0.133939
0.165560
0.146302
0.130064
0.125589
0.224478
0.238726
0.275960
0.297269
0.084196
0.129004
0.152422
0.155113
0.159758
0.157869
0.166049
0.166728
0.266437
0.224550
0.287691
0.174367
0.146630
0.166604
0.185514
0.165434
0.278890
0.289911
0.355292
0.358681
0.187386
0.190569
0.236819
0.164357
0.221531
0.388810
0.369518
0.203026
0.280992
0.344168
0.198659
0.206591
0.220158
0.239030
0.184544
0.305417
0.291583
0.231872
0.268816
0.365855
0.321179
0.179381
0.170176
0.204602
0.121027
0.118945
0.366190
0.205074
0.518142
0.335589
0.169666
0.208211
0.214611
0.187443
0.155799
0.161444
0.221548
0.266138
0.373692
0.678401
0.178305
0.172421
0.206875
0.354242
0.189802
0.164170
0.125377
0.152548
0.357183
0.522912
0.222547
0.415288
0.200590
0.221425
0.137268
0.148201
0.431487
0.293798
0.341327
0.218963
0.299895
0.156592
0.175303
0.175197
0.163175
0.159683
0.177234
0.158358
0.171988
0.207939
0.167608
0.170375
0.180411
0.320831
0.156940
0.154156
0.267092
0.240684
0.386110
0.214346
0.159814
0.175760
0.202877
0.391841
0.209216
0.353516
0.189471
0.370778
0.302727
0.262060
0.101671
0.116686
0.218811
0.186232
0.201433
0.366036
0.647375
0.394638
0.378813
0.375904
0.218975
0.401524
0.232021
0.249044
0.217670
0.207902
0.203045
0.222695
0.321710
0.343069
0.422095
0.264077
0.429687
0.286528