3.300449999999999773e-01
2.444709999999999939e-01
3.072960000000000136e-01
2.762000000000000011e-01
4.203109999999999902e-01
3.358610000000000206e-01
3.280429999999999735e-01
2.280840000000000090e-01
3.394570000000000087e-01
2.591669999999999807e-01
2.692640000000000033e-01
3.523760000000000225e-01
2.765940000000000065e-01
2.690100000000000269e-01
2.306850000000000012e-01
3.714210000000000012e-01
3.557310000000000194e-01
6.156009999999999538e-01
2.678809999999999802e-01
1.411290000000000044e-01
1.574850000000000139e-01
2.042849999999999944e-01
3.788369999999999793e-01
1.846780000000000088e-01
3.499889999999999946e-01
2.071099999999999886e-01
2.327889999999999959e-01
2.136720000000000008e-01
1.135769999999999974e-01
2.338760000000000006e-01
1.169609999999999955e-01
2.083359999999999934e-01
1.867590000000000083e-01
3.007980000000000098e-01
1.526820000000000122e-01
2.192800000000000027e-01
1.569079999999999919e-01
1.425909999999999955e-01
2.326370000000000104e-01
2.958419999999999939e-01
1.389910000000000034e-01
2.891670000000000074e-01
1.993469999999999964e-01
1.792060000000000042e-01
2.088969999999999994e-01
2.104050000000000087e-01
1.922500000000000042e-01
3.005039999999999933e-01
3.035499999999999865e-01
2.322089999999999987e-01
1.891690000000000038e-01
2.716419999999999946e-01
1.949289999999999912e-01
2.060730000000000062e-01
1.861500000000000099e-01
1.819240000000000024e-01
4.872029999999999972e-01
3.364489999999999981e-01
3.961859999999999826e-01
1.936569999999999958e-01
1.030609999999999998e-01
1.398199999999999998e-01
2.621749999999999914e-01
2.064900000000000069e-01
3.560169999999999724e-01
6.027700000000000280e-01
2.688829999999999831e-01
3.983039999999999914e-01
1.722710000000000075e-01
3.331830000000000069e-01
1.868039999999999978e-01
2.310589999999999866e-01
1.784070000000000100e-01
1.474070000000000102e-01
2.664190000000000169e-01
2.306189999999999907e-01
2.951829999999999732e-01
2.361050000000000093e-01
2.011600000000000055e-01
1.959650000000000003e-01
1.239370000000000055e-01
2.153480000000000116e-01
2.206770000000000120e-01
2.880579999999999807e-01
2.225689999999999891e-01
2.426929999999999921e-01
2.174480000000000024e-01
4.716299999999999937e-01
2.264249999999999874e-01
2.029479999999999895e-01
2.009319999999999995e-01
1.832749999999999935e-01
3.342589999999999728e-01
4.944339999999999846e-01
4.069690000000000252e-01
6.989790000000000170e-01
1.559609999999999885e-01
2.285329999999999862e-01
2.172300000000000064e-01
2.871890000000000276e-01
1.413750000000000007e-01
1.609700000000000020e-01
2.561439999999999828e-01
2.478839999999999932e-01
3.447910000000000141e-01
1.840960000000000096e-01
4.484489999999999865e-01
2.561950000000000061e-01
2.164190000000000003e-01
2.159719999999999973e-01
3.790930000000000133e-01
2.412809999999999955e-01
2.972759999999999847e-01
3.921649999999999858e-01
2.567429999999999990e-01
2.102249999999999952e-01
3.734370000000000189e-01
6.009790000000000409e-01
2.742430000000000145e-01
2.545799999999999730e-01
4.144599999999999951e-01
2.818640000000000034e-01
3.480139999999999900e-01
2.687579999999999969e-01
2.576930000000000054e-01
2.556350000000000011e-01
1.326509999999999911e-01
1.795549999999999924e-01
3.372430000000000150e-01
2.275409999999999933e-01
2.385599999999999943e-01
2.375819999999999876e-01
1.931620000000000004e-01
1.979410000000000058e-01
2.727049999999999752e-01
2.112580000000000013e-01
2.331169999999999909e-01
3.955150000000000055e-01
1.884089999999999931e-01
2.698599999999999888e-01
1.335490000000000010e-01
2.903419999999999890e-01
2.045049999999999923e-01
2.358099999999999918e-01
1.387259999999999882e-01
2.191549999999999887e-01
2.416820000000000079e-01
3.041920000000000179e-01
2.376139999999999919e-01
3.721169999999999756e-01
2.401699999999999946e-01
5.363520000000000509e-01
2.779559999999999809e-01
5.001659999999999995e-01
3.415009999999999990e-01
2.127769999999999939e-01
2.488059999999999994e-01
3.529140000000000055e-01
5.780119999999999703e-01
2.897270000000000123e-01
1.409640000000000060e-01
2.060889999999999944e-01
