0.190209
0.254054
0.165555
0.311802
0.252965
0.206843
0.453407
0.271492
0.292948
0.409579
0.341700
0.293909
0.279827
0.401222
0.495642
0.383454
0.109510
0.277875
0.242177
0.271630
0.298714
0.529139
0.353671
0.314627
0.308565
0.298059
0.379282
0.301047
0.213553
0.294967
0.157777
0.524858
0.120145
0.224572
0.263682
0.144202
0.238238
0.461151
0.395715
0.275462
0.333144
0.405278
0.154413
0.286856
0.156415
0.189981
0.218870
0.167593
0.118399
0.312043
0.260584
0.332327
0.288395
0.390518
0.335107
0.490226
0.177409
0.221342
0.238691
0.108105
0.144389
0.454901
0.132794
0.201338
0.372479
0.231711
0.389018
0.723295
0.509494
0.397580
0.566478
0.271756
0.229588
0.596672
0.489505
0.152530
0.515724
0.162143
0.146358
0.505275
0.211913
0.242323
0.543595
0.411826
0.210562
0.112454
0.104926
0.155403
0.169666
0.168338
0.136843
0.100901
0.242012
0.351574
0.169055
0.117168
0.180223
0.428875