2.696339999999999848e-01
1.941049999999999998e-01
4.102870000000000128e-01
7.350200000000000067e-01
1.677609999999999935e-01
1.508869999999999933e-01
2.229379999999999973e-01
4.044449999999999990e-01
2.156520000000000103e-01
2.468920000000000003e-01
1.874550000000000105e-01
1.677790000000000115e-01
3.903969999999999940e-01
2.023659999999999903e-01
1.471109999999999918e-01
1.561919999999999975e-01
9.807399999999999451e-02
3.594029999999999725e-01
1.220210000000000045e-01
3.141900000000000248e-01
8.507800000000000085e-02
1.077209999999999973e-01
1.327180000000000026e-01
1.043700000000000044e-01
3.343510000000000093e-01
1.639299999999999924e-01
9.451800000000000479e-02
1.007119999999999960e-01
1.404980000000000118e-01
2.676720000000000210e-01
9.344900000000000428e-02
8.898000000000000353e-02
4.094079999999999941e-01
3.737090000000000134e-01
3.541369999999999796e-01
3.957970000000000099e-01
2.226849999999999941e-01
1.693780000000000008e-01
1.992269999999999874e-01
2.097789999999999933e-01
2.846080000000000276e-01
2.857330000000000148e-01
1.724169999999999869e-01
2.279359999999999997e-01
2.148239999999999872e-01
2.412499999999999922e-01
1.966970000000000107e-01
3.378610000000000224e-01
3.494689999999999741e-01
4.738169999999999882e-01
4.346300000000000163e-01
3.413109999999999755e-01
1.995139999999999969e-01
1.781909999999999883e-01
3.804660000000000264e-01
2.912359999999999949e-01
3.709160000000000235e-01
6.256289999999999907e-01
1.996920000000000084e-01
2.222349999999999881e-01
2.070029999999999926e-01
2.635739999999999750e-01
1.764030000000000042e-01
1.688399999999999901e-01
3.294259999999999966e-01
3.322320000000000273e-01
2.766259999999999830e-01
2.908379999999999854e-01
1.445440000000000058e-01
2.552289999999999837e-01
2.619290000000000229e-01
1.721080000000000110e-01
1.531240000000000101e-01
2.423569999999999891e-01
1.545559999999999989e-01
1.398079999999999878e-01
3.140890000000000071e-01
1.912929999999999908e-01
1.268459999999999865e-01
2.258259999999999990e-01
4.354990000000000250e-01
4.636159999999999726e-01
4.269999999999999907e-01
4.043359999999999732e-01
2.058810000000000084e-01
3.944799999999999973e-01
2.491389999999999993e-01
2.458089999999999997e-01
3.157200000000000006e-01
3.113989999999999814e-01
2.699650000000000105e-01
1.657689999999999997e-01
2.429999999999999938e-01
2.582420000000000271e-01
1.978739999999999943e-01
3.801490000000000147e-01
3.507700000000000262e-01
1.813440000000000052e-01
1.851460000000000050e-01
3.021920000000000162e-01
2.097680000000000100e-01
1.225580000000000003e-01
1.378479999999999983e-01
1.447199999999999875e-01
1.688520000000000021e-01
2.076419999999999932e-01
8.866599999999999482e-02
1.706350000000000089e-01
8.014200000000000490e-02
1.833480000000000110e-01
8.991699999999999693e-02
9.590500000000000413e-02
4.346269999999999856e-01
4.172600000000000198e-01
3.853349999999999831e-01
4.001449999999999729e-01
1.818140000000000034e-01
1.463899999999999924e-01
2.127610000000000057e-01
2.414149999999999907e-01
3.019189999999999929e-01
2.908479999999999954e-01
1.902649999999999897e-01
1.858670000000000044e-01
4.775579999999999825e-01
2.768360000000000265e-01
2.096069999999999878e-01
1.317069999999999907e-01
