0.168872
0.367765
0.076288
0.212584
0.270509
0.071924
0.215288
0.303489
0.277168
0.108998
0.131729
0.129251
0.218612
0.382540
0.096334
0.260906
0.156390
0.214942
0.174944
0.469499
0.195134
0.189443
0.083361
0.253816
0.362608
0.251172
0.230716
0.514326
0.134211
0.170396
0.258585
0.220010
0.406683
0.194578
0.247529
0.121950
0.367012
0.155032
0.213973
0.201094
0.198986
0.134454
0.110789
0.252564
0.182427
0.303813
0.389851
0.177163
0.307679
0.206848
0.198244
0.467754
0.236477
0.146254
0.500083
0.260074
0.111602
0.174245
0.552835
0.281077
0.717614
0.337800
0.120850
0.305331
0.544900
0.180639
0.213663
0.235077
0.206768
0.142638
0.148654
0.191435