0.129230
0.172795
0.156679
0.179900
0.436314
0.312739
0.297071
0.234938
0.285909
0.252569
0.226363
0.286599
0.243314
0.205477
0.540774
0.279492
0.129453
0.119490
0.333775
0.566900
0.252408
0.314575
0.334796
0.289149
0.266996
0.347678
0.679830
0.315313
0.210953
0.241383
0.151745
0.199187
0.113785
0.129974
0.609371
0.285576
0.334318
0.227554
0.261465
0.283809
0.167108
0.268520
0.220724
0.227061
0.207653
0.405319
0.251612
0.135274
0.159567
0.222353
0.590072
0.408536
0.352684
0.534705
0.121471
0.276037
0.274066
0.180647
0.064763
0.138738
0.131979
0.104989
0.147552
0.162770
0.099885
0.297237
0.110472
0.182149
0.146809
0.274875
0.267037
0.176097
0.132734
0.102415
0.149036
0.127888
0.202295
0.179589
0.109850
0.214875
0.094346
0.269972
0.189690
0.109298
0.255064
0.168534
0.454428
0.216923
0.213848
0.251755
0.256121
0.282215
0.589812
0.358576
0.387614
0.583317
0.142283
0.177715