0.118670
0.299466
0.310430
0.137941
0.158071
0.103841
0.218585
0.141948
0.157392
0.083775
0.214210
0.132830
0.210220
0.267964
0.121183
0.244327
0.251262
0.206597
0.412773
0.220331
0.181439
0.162722
0.168901
0.289061
0.558560
0.293943
0.254278
0.146229
0.133956
0.129697
0.269543
0.187915
0.227774
0.155329
0.181180
0.315141
0.253629
0.522876
0.236781
0.209481
0.314491
0.439954
0.096403
0.223007
0.180348
0.410180
0.206353
0.142281
0.290153
0.264533
0.298330
0.565786
0.334261
0.505293
0.094740
0.311546
0.097935
0.153483
0.331438
0.471220
0.239928
0.269417
0.298747
0.170951
0.238754
0.234991
0.559526
0.382667
0.211992
0.435816
0.108784
0.092149