2.917959999999999998e-01
2.793439999999999812e-01
4.008700000000000041e-01
1.951700000000000101e-01
4.172730000000000050e-01
2.414910000000000112e-01
1.367579999999999907e-01
1.402789999999999870e-01
1.596960000000000046e-01
3.111700000000000021e-01
1.814949999999999897e-01
1.739259999999999973e-01
3.713330000000000242e-01
5.127439999999999776e-01
9.938299999999999912e-02
2.006719999999999893e-01
1.193440000000000056e-01
4.122480000000000033e-01
1.854020000000000112e-01
2.002039999999999931e-01
1.945060000000000122e-01
4.423090000000000077e-01
2.537090000000000178e-01
2.008890000000000120e-01
3.078620000000000245e-01
1.576790000000000136e-01
2.877179999999999738e-01
1.717579999999999940e-01
1.377879999999999938e-01
3.102230000000000265e-01
9.027699999999999614e-02
1.174219999999999986e-01
3.080590000000000273e-01
2.617499999999999827e-01
1.244240000000000068e-01
1.756089999999999873e-01
2.959439999999999849e-01
3.514369999999999994e-01
2.371449999999999947e-01
2.112620000000000053e-01
2.316650000000000098e-01
3.314469999999999916e-01
6.904799999999999827e-02
8.797399999999999665e-02
1.682859999999999912e-01
2.160229999999999928e-01
5.825970000000000315e-01
2.455459999999999865e-01
3.978550000000000142e-01
2.611209999999999920e-01
3.227309999999999901e-01
6.045300000000000118e-01
6.693630000000000413e-01
3.612730000000000108e-01
2.041479999999999961e-01
3.973690000000000278e-01
1.128659999999999941e-01
9.736999999999999822e-02
2.041389999999999871e-01
2.935639999999999916e-01
3.061139999999999972e-01
3.156869999999999954e-01
2.029479999999999895e-01
2.091419999999999946e-01
2.748630000000000240e-01
2.814030000000000142e-01
4.102480000000000016e-01
3.020889999999999964e-01
1.752199999999999869e-01
1.850110000000000088e-01
8.565799999999999803e-02
9.747000000000000108e-02
