0.128654
0.161840
0.226240
0.266575
0.341348
0.322129
0.166996
0.167803
0.291773
0.215071
0.251407
0.193870
0.159097
0.287674
0.451090
0.270143
0.178874
0.241659
0.239062
0.143194
0.264081
0.488991
0.138618
0.254614
0.264899
0.430364
0.161194
0.276510
0.450066
0.236204
0.191220
0.207450
0.198732
0.138022
0.168875
0.315217
0.221131
0.187575
0.214890
0.158004
0.170762
0.176461
0.411672
0.283033
0.201111
0.353055
0.316439
0.162974
0.235601
0.201671
0.234257
0.157482
0.139358
0.282557
0.240620
0.190667
0.146642
0.221537
0.168428
0.107028
0.209500
0.188444
0.246241
0.299640
0.404186
0.222700
0.084996
0.139776
0.205935
0.243308
0.246016
0.150856
0.112109
0.181387
0.263206
0.198239
0.163120
0.221924
0.397600
0.227901
0.191615
0.227201
0.293327
0.270778
0.423449
0.687986
0.128950
0.304211
0.139275
0.244942
0.147173
0.204879
0.391428
0.200515
0.327852
0.544853
0.234374
0.154987
0.134035
0.265147
0.264360
0.197382
0.407211
0.619826
0.409835
0.248501
0.207311
0.108252
0.355499
0.598353
0.125197
0.164114
0.192881
0.402575
0.286185
0.207592
0.154969
0.219081
0.280809
0.140508
0.267352
0.456072
0.401161
0.224076
0.337098
0.423414
0.141266
0.225435
0.222727
0.322709
0.135890
0.261148
0.123825
0.171059
0.244880
0.274710
0.544547
0.243445
0.210466
0.439448
0.217737
0.203003
0.212942
0.300606
0.403923
0.205222
0.175815
0.118529
0.203689
0.230668
0.481841
0.224512
0.142315
0.172844
0.136273
0.213194
0.200126
0.523622
0.406121
0.219642
0.352769
0.207420
0.355053
0.190763
0.276765
0.387949
0.195637
0.368113
0.352624
0.172087
0.202517
0.405373
0.165060
0.128749
0.255879
0.273462
0.129319
0.198117
0.122207
0.228305
0.223265
0.401377
0.231093
0.302366
0.377688
0.310716
0.218049
0.151281
0.340147
0.496976
0.239734
0.155228
0.160014
0.310818
0.261169
0.285943
0.145575
0.264681
0.114606
0.201490