0.119009
0.434145
0.293974
0.316642
0.207046
0.392673
0.235635
0.273798
0.403131
0.299011
0.464748
0.392985
0.309844
0.221955
0.579833
0.397534
0.302386
0.306865
0.322387
0.264205
0.373493
0.178122
0.511946
0.327555
0.635196
0.458310
0.432372
0.581214
0.471063
0.249313
0.517217
0.304642
0.174530
0.224743
0.365741
0.223504
0.402893
0.365473
0.471141
0.382561
0.190339
0.319292
0.419131
0.562666
0.384316
0.247336
0.564203
0.390905
0.246724
0.240010
0.388717
0.478835
0.423651
0.612179
0.152621
0.359780
0.188698
0.418688
0.241764
0.239838
0.249795
0.194487
0.334140
0.176232
0.176489
0.407353
0.269507
0.445859
0.196868
0.188576
0.270717
0.111072
0.321126
0.256406
0.164182
0.326869
0.346026
0.182503
0.531930
0.375729
0.379482
0.559769
0.428951
0.329116
0.395527
0.382671
0.316974
0.297535
0.233971
0.343763
0.483348
0.647331
0.461048
0.351828
0.396435
0.451764
0.281046
0.151958