0.198806
0.318941
0.209924
0.426494
0.237730
0.156072
0.352176
0.157900
0.444815
0.270073
0.201548
0.158273
0.120396
0.127303
0.676802
0.436978
0.126793
0.215770
0.502624
0.247566
0.641471
0.332498
0.182877
0.250501
0.193836
0.116926
0.116238
0.264444
0.409972
0.189482
0.232895
0.226946
0.080033
0.200750
0.370305
0.158254
0.174612
0.260960
0.291427
0.142708
0.115463
0.266170
0.436031
0.177932
0.233803
0.236855
0.486996
0.183774
0.149018
0.219035
0.338379
0.564938
0.290552
0.161214
0.101991
0.144145
0.193978
0.280362
0.170481
0.174985
0.154891
0.143119
0.196054
0.167065
0.059394
0.155113
0.124845
0.200719
0.183995
0.100406
0.372090
0.284033
0.685461
0.405228
0.291341
0.170209
0.370186
0.261983
0.248701
0.264468
0.113990
0.150358
0.152257
0.271208
0.281655
0.449062
0.156777
0.375405
0.171240
0.310171
0.238459
0.435211
0.315477
0.257597
0.282870
0.645974
0.066789
0.092295