0.159940
0.206101
0.188606
0.244010
0.309706
0.252029
0.323620
0.192065
0.372395
0.206250
0.163237
0.282172
0.268460
0.381536
0.342628
0.314934
0.313177
0.361265
0.302292
0.449278
0.227759
0.213006
0.157925
0.209828
0.348457
0.261144
0.164234
0.167347
0.254118
0.296926
0.186468
0.329192
0.184039
0.283722
0.281430
0.341598
0.655148
0.404023
0.283229
0.473705
0.487215
0.325359
0.172594
0.268871
0.256342
0.152031
0.425540
0.232147
0.779012
0.440343
0.196016
0.210787
0.312351
0.279643
0.491112
0.247383
0.393372
0.411735
0.398683
0.524981
0.317984
0.283038
0.273528
0.599029
0.708831
0.525160
0.144735
0.124186
0.456648
0.234821
0.206194
0.212263
0.552339
0.382684
0.483951
0.313859
0.342541
0.510637
0.509032
0.339043
0.255558
0.429317
0.191912
0.259114
0.458132
0.162100
0.196080
0.152308
0.147922
0.297112
0.166612
0.160679
0.246172
0.241111
0.735717
0.405326
0.360064
0.352943
0.274860
0.331776
0.306360
0.261962
0.266713
0.231959
0.305801
0.390605
0.207936
0.231562
0.343137
0.393349
0.191252
0.142707
0.285674
0.295853
0.406452
0.393735
0.379362
0.442945
0.359033
0.306621
0.235750
0.253706
0.246978
0.500512
0.375090
0.241852
0.318226
0.203488
0.353076
0.292727
0.181552
0.322086
0.136669
0.132188
0.392313
0.287030
0.243149
0.448949
0.328337
0.220417
0.158427
0.175016
0.140844
0.179475
0.296969
0.127636
0.139110
0.106863
0.142996
0.221146
0.103344
0.168653
0.177501
0.251721
0.148219
0.378659
0.239932
0.225881
0.167649
0.210634
0.426373
0.225541
0.190241
0.358794
0.206114
0.307322
0.164152
0.165815
0.265034
0.257037
0.262574
0.148488
0.164837
0.230134
0.291346
0.285622
0.225022
0.346406
0.371259
0.277828
0.406105
0.194349
0.345051
0.190186
0.269161
0.199865
0.139059
0.154528
0.223013
0.298554
0.154853
0.135176
0.230374
0.187200
0.263222
0.312129
0.206049
0.384827
0.151242
0.229705