1.476099999999999912e-01
1.742410000000000070e-01
3.536900000000000044e-01
2.082019999999999982e-01
2.039050000000000029e-01
2.215499999999999969e-01
4.482590000000000185e-01
2.018359999999999876e-01
2.654489999999999905e-01
1.620590000000000086e-01
1.653749999999999942e-01
1.584260000000000113e-01
2.232649999999999912e-01
1.205930000000000057e-01
2.524799999999999822e-01
1.403550000000000075e-01
2.692479999999999873e-01
4.199370000000000047e-01
9.846699999999999897e-02
1.719519999999999937e-01
2.767859999999999765e-01
2.066590000000000094e-01
1.887689999999999924e-01
2.607959999999999723e-01
1.936150000000000093e-01
2.472409999999999886e-01
2.352390000000000037e-01
4.284649999999999848e-01
1.768190000000000039e-01
2.205580000000000040e-01
1.350169999999999981e-01
1.408020000000000105e-01
1.710959999999999981e-01
2.937370000000000259e-01
1.123109999999999942e-01
1.244470000000000021e-01
1.262639999999999874e-01
2.742169999999999885e-01
1.447430000000000105e-01
1.293380000000000085e-01
1.582909999999999873e-01
3.367339999999999778e-01
2.320560000000000123e-01
1.110479999999999939e-01
8.973200000000000620e-02
1.425970000000000015e-01
8.034800000000000275e-02
8.276200000000000223e-02
2.535129999999999884e-01
3.757670000000000177e-01
3.613979999999999970e-01
2.292579999999999896e-01
2.813430000000000097e-01
4.372110000000000163e-01
1.774479999999999946e-01
2.215459999999999929e-01
2.631749999999999923e-01
4.034260000000000068e-01
1.903140000000000109e-01
3.917109999999999759e-01
1.629899999999999960e-01
1.541669999999999985e-01
1.602089999999999903e-01
1.294790000000000108e-01
2.672939999999999761e-01
1.904589999999999894e-01
1.902840000000000087e-01
4.164789999999999881e-01
3.327160000000000117e-01
2.382189999999999863e-01
4.693880000000000274e-01
2.330240000000000089e-01
1.241400000000000003e-01
1.740500000000000103e-01
1.962770000000000070e-01
1.678300000000000070e-01
2.315679999999999961e-01
1.318110000000000115e-01
2.453770000000000118e-01
1.210569999999999979e-01
3.055919999999999748e-01
4.062390000000000168e-01
1.997059999999999946e-01
2.288159999999999916e-01
2.783720000000000083e-01
4.284569999999999768e-01
1.961640000000000050e-01
2.535519999999999996e-01
2.523830000000000240e-01
2.661490000000000244e-01
1.276120000000000032e-01
1.478510000000000102e-01
2.099109999999999865e-01
3.692259999999999986e-01
1.515259999999999940e-01
1.730589999999999906e-01
3.270910000000000206e-01
2.340369999999999950e-01
2.515200000000000213e-01
4.818160000000000220e-01
2.311850000000000016e-01
3.518169999999999908e-01
5.948700000000000099e-01
3.075260000000000216e-01
6.212490000000000512e-01
3.573140000000000205e-01
2.235370000000000135e-01
2.280010000000000092e-01
1.172190000000000037e-01
1.330590000000000106e-01
3.429180000000000006e-01
1.589480000000000059e-01
3.687770000000000215e-01
2.073450000000000015e-01
1.992889999999999939e-01
2.528889999999999749e-01
3.854090000000000016e-01
6.111720000000000486e-01
2.633260000000000045e-01
3.368490000000000095e-01
3.355170000000000097e-01
1.235200000000000048e-01
2.365849999999999898e-01
2.108359999999999956e-01
5.514489999999999670e-01
3.433640000000000025e-01
1.287570000000000103e-01
1.078159999999999952e-01
