1.076509999999999967e-01
1.494310000000000083e-01
4.032609999999999806e-01
6.267059999999999853e-01
3.664020000000000055e-01
2.497360000000000135e-01
5.069409999999999750e-01
3.119879999999999876e-01
1.217599999999999932e-01
4.101049999999999973e-01
3.369449999999999945e-01
1.562989999999999935e-01
1.709910000000000041e-01
3.073589999999999933e-01
3.808400000000000118e-01
1.927059999999999884e-01
1.816319999999999879e-01
1.763520000000000088e-01
2.916790000000000216e-01
1.988459999999999950e-01
1.952480000000000049e-01
1.355570000000000108e-01
2.676290000000000058e-01
2.989850000000000008e-01
1.779550000000000021e-01
1.743659999999999932e-01
3.679279999999999773e-01
2.033909999999999885e-01
2.582300000000000151e-01
3.060979999999999812e-01
4.306719999999999993e-01
2.035619999999999929e-01
1.948409999999999864e-01
3.598049999999999859e-01
3.316540000000000044e-01
2.398969999999999991e-01
1.356209999999999916e-01
1.421709999999999918e-01
3.819150000000000045e-01
6.540880000000000027e-01
1.902770000000000017e-01
3.493720000000000159e-01
2.491349999999999953e-01
1.793440000000000034e-01
1.781629999999999880e-01
2.335029999999999883e-01
2.507809999999999762e-01
1.524349999999999872e-01
1.938189999999999913e-01
2.549620000000000219e-01
