0.152224
0.178083
0.205400
0.182545
0.250304
0.511174
0.159346
0.250434
0.156309
0.211900
0.239509
0.160789
0.353715
0.262830
0.343972
0.275700
0.158296
0.149167
0.297320
0.187708
0.141693
0.188223
0.362818
0.237908
0.147230
0.280021
0.175420
0.189376
0.240662
0.166087
0.348351
0.264847
0.287246
0.314053
0.151792
0.307282
0.201597
0.267488
0.188666
0.404573
0.142450
0.240331
0.258361
0.168756
0.390363
0.202509
0.176811
0.223491
0.360666
0.596106
0.281683
0.318377
0.178587
0.130273
0.223292
0.352423
0.240832
0.472115
0.599238
0.319540
0.119572
0.132637
0.225823
0.237984
0.151586
0.300597
0.382105
0.381621
0.424605
0.249503
0.541861
0.238968
0.331199
0.329543
0.250442
0.290743
0.274085
0.340067
0.249958
0.457370
0.302088
0.211686
0.298654
0.199455
0.310329
0.451438
0.468188
0.780101
0.182694
0.259276
0.288776
0.365604
0.207719
0.232832
0.225014
0.282010
0.147338
0.238171
0.400633
0.240256
0.153249
0.188332
0.280295
0.344179
0.264317
0.298499
0.147761
0.188261
0.239318
0.212630
0.388489
0.264579
0.233026
0.177614
0.154818
0.212408
0.123765
0.171618
0.198414
0.179162
0.255609
0.248390
0.294689
0.253570
0.153542
0.172995
0.232957
0.370742
0.216991
0.196965
0.259286
0.176217
0.182125
0.173522
0.255573
0.176604
0.223936
0.399638
0.329757
0.265777
0.171739
0.336585
0.192335
0.135714
0.388472
0.587908
0.228880
0.225982
0.331170
0.219609
0.515869
0.366897
0.223428
0.237252
0.275812
0.574180
0.352592
0.377646
0.380528
0.318837
0.100003
0.120829