0.096865
0.119642
0.383093
0.175052
0.473796
0.323987
0.393819
0.148059
0.307465
0.205952
0.173288
0.179576
0.104698
0.161590
0.181300
0.371238
0.276652
0.190706
0.253527
0.420627
0.209205
0.176939
0.104100
0.150530
0.326226
0.445893
0.161884
0.197108
0.582310
0.287911
0.303572
0.184812
0.134668
0.162089
0.152251
0.171368
0.260573
0.145148
0.234504
0.386105
0.359948
0.179018
0.199930
0.150467
0.167322
0.225870
0.205555
0.137535
0.241975
0.228985
0.160207
0.161871
0.147114
0.256644
0.292634
0.184207
0.212747
0.211886
0.465039
0.256881
0.228793
0.143982
0.364300
0.182281
0.262481
0.276544
0.083741
0.133719
0.271017
0.219108
0.161910
0.167297
0.135906
0.326544
0.160810
0.187769
0.267382
0.206133
0.186285
0.425442
0.435002
0.221404
0.167712
0.149967
0.221700
0.305753
0.164733
0.200381
0.112925
0.155853
0.163683
0.390168
0.145854
0.147370
0.152075
0.320895
0.521319
0.233041
0.271572
0.365265
0.203324
0.226700
0.187337
0.205659
0.328542
0.272790
0.209496
0.203292
0.269794
0.238016
0.225279
0.151320
0.166303
0.169996
0.377610
0.217762
0.234310
0.271351
0.385927
0.348031
0.290640
0.592156
0.184416
0.236074
0.314095
0.316577
0.243481
0.536145
0.272338
0.302869
0.215759
0.208396
0.278182
0.158460
0.420648
0.227469
0.246232
0.305021
0.792480
0.513455
0.281265
0.166010
0.139723
0.171106
0.267779
0.224073
0.168088
0.179975
0.204772
0.224173
0.157903
0.120676
0.136950
0.127595
0.094342
0.134856
0.183312
0.431205
0.381734
0.220510
0.171339
0.160129
0.308011
0.175575
0.173459
0.228218
0.159155
0.175364
0.191167
0.168831
0.122966
0.131297
0.126367
0.129439
0.142932
0.148636
0.089593
0.196541
0.223607
0.322336
0.133050
0.156191
0.265398
0.149494
0.236153
0.406693
0.126444
0.156119
0.358817
0.204048
0.136158
0.243476
0.119522
0.214483
0.139085
0.149309
0.194965
0.150662
0.154039
0.316324