1.817890000000000061e-01
2.858570000000000277e-01
2.266549999999999954e-01
3.181350000000000011e-01
3.252349999999999963e-01
1.873950000000000060e-01
3.637989999999999835e-01
2.028639999999999888e-01
3.457350000000000145e-01
4.300590000000000246e-01
2.775369999999999782e-01
4.157060000000000199e-01
2.511680000000000024e-01
2.138710000000000055e-01
2.437920000000000087e-01
3.122730000000000228e-01
2.962319999999999953e-01
1.937879999999999880e-01
1.608100000000000085e-01
1.522189999999999932e-01
5.287180000000000213e-01
3.852479999999999793e-01
4.707379999999999898e-01
2.268100000000000116e-01
3.986910000000000176e-01
4.584670000000000134e-01
2.114959999999999896e-01
3.535070000000000157e-01
2.686479999999999979e-01
2.286809999999999954e-01
2.828999999999999848e-01
6.148869999999999614e-01
4.997829999999999773e-01
1.827449999999999908e-01
2.972879999999999967e-01
1.418619999999999881e-01
1.119340000000000057e-01
2.250959999999999905e-01
2.603730000000000211e-01
1.525559999999999972e-01
3.188139999999999863e-01
4.681669999999999998e-01
2.072579999999999978e-01
3.350069999999999992e-01
5.445050000000000168e-01
2.974629999999999774e-01
2.428339999999999943e-01
3.502100000000000213e-01
2.824710000000000276e-01
2.784849999999999826e-01
5.659300000000000441e-01
4.039150000000000240e-01
3.528169999999999917e-01
2.034620000000000040e-01
1.495650000000000035e-01
2.083069999999999922e-01
4.695860000000000034e-01
4.162680000000000269e-01
3.499680000000000013e-01
5.436159999999999881e-01
2.537690000000000223e-01
2.788320000000000243e-01
2.698570000000000135e-01
6.216209999999999791e-01
2.415349999999999997e-01
2.667320000000000246e-01
2.091290000000000093e-01
2.528569999999999984e-01
1.677790000000000115e-01
2.049999999999999878e-01
3.742240000000000011e-01
2.219319999999999904e-01
2.461810000000000109e-01
1.923839999999999995e-01
2.210900000000000087e-01
2.058520000000000072e-01
2.862919999999999909e-01
5.099690000000000056e-01
2.781799999999999828e-01
2.717700000000000116e-01
2.937420000000000031e-01
1.982230000000000103e-01
2.449179999999999968e-01
1.802380000000000093e-01
3.198559999999999737e-01
1.584879999999999900e-01
2.431800000000000073e-01
1.856820000000000137e-01
2.413319999999999910e-01
4.090099999999999847e-01
1.293020000000000003e-01
2.934809999999999919e-01
2.679739999999999900e-01
1.771129999999999927e-01
2.956799999999999984e-01
3.302999999999999825e-01
4.314600000000000102e-01
1.334440000000000071e-01
4.287989999999999857e-01
2.712700000000000111e-01
4.107529999999999792e-01
3.019040000000000057e-01
2.216720000000000079e-01
1.743139999999999967e-01
2.391429999999999945e-01
5.317969999999999642e-01
3.145330000000000070e-01
2.172900000000000109e-01
1.115010000000000029e-01
2.080309999999999937e-01
2.441409999999999969e-01
3.297100000000000031e-01
2.402320000000000011e-01
1.884119999999999961e-01
3.345509999999999873e-01
2.223169999999999868e-01
2.915449999999999986e-01
1.414169999999999872e-01
3.401410000000000267e-01
2.128160000000000052e-01
2.565239999999999743e-01
3.691519999999999802e-01
2.760739999999999861e-01
1.524310000000000109e-01
2.301559999999999995e-01
1.662589999999999901e-01
2.036910000000000109e-01
3.796990000000000087e-01
