2.541309999999999958e-01
1.976179999999999881e-01
2.459030000000000105e-01
4.536990000000000189e-01
3.682579999999999742e-01
1.686179999999999901e-01
5.249150000000000205e-01
2.262840000000000129e-01
3.591079999999999828e-01
5.145840000000000414e-01
3.785410000000000164e-01
3.047009999999999996e-01
3.218030000000000057e-01
3.777280000000000082e-01
2.836199999999999832e-01
1.265469999999999928e-01
2.387690000000000090e-01
6.107329999999999703e-01
1.275620000000000087e-01
3.178000000000000269e-01
2.506380000000000274e-01
4.828910000000000147e-01
2.808910000000000018e-01
1.593769999999999909e-01
3.166399999999999770e-01
6.258970000000000367e-01
3.775129999999999875e-01
3.067190000000000194e-01
3.771340000000000248e-01
2.030440000000000023e-01
3.555909999999999904e-01
4.768640000000000101e-01
1.748869999999999869e-01
1.161699999999999955e-01
2.172129999999999894e-01
2.007859999999999923e-01
6.329799999999999871e-01
4.640900000000000025e-01
5.112590000000000190e-01
7.986550000000000038e-01
2.075700000000000045e-01
1.689150000000000096e-01
4.864859999999999740e-01
2.276160000000000128e-01
3.966919999999999891e-01
5.079660000000000286e-01
6.641660000000000341e-01
4.544509999999999939e-01
4.330780000000000185e-01
3.519709999999999783e-01
2.898410000000000153e-01
1.742279999999999940e-01
2.578969999999999874e-01
3.512819999999999832e-01
3.822550000000000114e-01
1.857509999999999994e-01
2.938930000000000153e-01
3.077599999999999780e-01
3.642989999999999839e-01
2.518630000000000035e-01
2.055150000000000032e-01
4.834080000000000044e-01
2.824769999999999781e-01
4.346990000000000021e-01
2.685560000000000169e-01
5.347950000000000204e-01
2.502070000000000127e-01
4.440029999999999810e-01
1.942629999999999912e-01
3.082429999999999892e-01
2.311749999999999916e-01
2.311779999999999946e-01
2.428960000000000008e-01
1.548200000000000132e-01
2.542039999999999855e-01
3.532080000000000219e-01
1.192089999999999955e-01
1.422990000000000088e-01
2.793280000000000207e-01
1.814399999999999902e-01
2.807790000000000008e-01
5.015830000000000011e-01
2.061610000000000109e-01
1.995969999999999966e-01
1.834899999999999864e-01
2.838620000000000032e-01
9.394399999999999973e-02
1.041969999999999980e-01
1.555709999999999871e-01
1.797229999999999939e-01
2.748160000000000047e-01
1.307099999999999929e-01
2.096520000000000050e-01
3.896919999999999829e-01
2.294309999999999961e-01
1.476810000000000067e-01
6.309390000000000276e-01
3.956290000000000084e-01
2.975970000000000004e-01
2.684420000000000139e-01
2.064040000000000041e-01
3.840910000000000157e-01
2.755580000000000251e-01
3.342330000000000023e-01
1.028430000000000039e-01
8.825700000000000212e-02
2.081659999999999899e-01
4.703789999999999916e-01
3.042039999999999744e-01
1.910290000000000044e-01
2.610080000000000178e-01
2.459820000000000062e-01
1.714209999999999900e-01
2.536070000000000269e-01
3.695510000000000184e-01
2.120680000000000065e-01
6.243560000000000221e-01
3.585720000000000018e-01
4.480819999999999803e-01
2.554750000000000076e-01
2.871879999999999988e-01
4.668919999999999737e-01
9.247500000000000164e-02
1.023189999999999933e-01
1.963900000000000090e-01
2.491639999999999966e-01
4.418599999999999750e-01
2.195090000000000097e-01
2.612180000000000057e-01
5.079630000000000534e-01
7.528850000000000264e-01
6.793820000000000414e-01
5.453419999999999934e-01
3.661190000000000278e-01
4.663109999999999755e-01
5.370540000000000314e-01
4.584779999999999966e-01
3.151829999999999909e-01
4.938020000000000187e-01
3.902120000000000033e-01
1.182150000000000006e-01
1.720210000000000072e-01
2.658929999999999905e-01
3.732389999999999874e-01
2.381860000000000088e-01
3.526070000000000038e-01
3.874110000000000054e-01
2.859709999999999752e-01
1.436560000000000059e-01
4.254569999999999741e-01
2.847169999999999979e-01
4.454799999999999871e-01
5.578929999999999723e-01
2.848089999999999788e-01
3.166800000000000170e-01
3.500010000000000066e-01
5.432630000000000514e-01
3.608819999999999806e-01
1.691549999999999998e-01
2.526789999999999869e-01
1.773849999999999871e-01
2.681979999999999920e-01
