0.101163
0.094534
0.199974
0.342359
0.386115
0.178179
0.283969
0.617555
0.158241
0.131568
0.253138
0.514986
0.165465
0.161155
0.046183
0.080778
0.122344
0.174166
0.242067
0.203406
0.117574
0.277057
0.274788
0.184386
0.176537
0.129166
0.131377
0.168038
0.051992
0.122569
0.172471
0.264131
0.289830
0.178389
0.179612
0.267248
0.328022
0.476102
0.230543
0.400302
0.159174
0.203632
0.147220
0.167930
0.294938
0.153375
0.454190
0.158818
0.400283
0.199993
0.147974
0.402630
0.376546
0.203902
0.244577
0.277678
0.061073
0.055802
0.192815
0.291740
0.096759
0.191438
0.131804
0.156459
0.139284
0.275257
0.248654
0.109896
0.113650
0.129883
0.063463
0.233537