0.061400
0.067140
0.313445
0.297082
0.134291
0.148317
0.299606
0.316259
0.306821
0.328638
0.337845
0.246174
0.283961
0.178747
0.344446
0.315875
0.170780
0.149120
0.106130
0.223688
0.237039
0.149944
0.224654
0.254601
0.305098
0.217327
0.254863
0.247112
0.242534
0.134547
0.332070
0.217558
0.243026
0.334383
0.371733
0.380175
0.262803
0.156007
0.421979
0.378416
0.357890
0.473390
0.554729
0.822863
0.242506
0.428463
0.318539
0.438266
0.183533
0.201886
0.313238
0.592387
0.250818
0.138393
0.159608
0.226512
0.180456
0.269365
0.225302
0.288404
0.119961
0.165999
0.330242
0.645266
0.212478
0.196635
0.329001
0.239795
0.139943
0.152156
0.471662
0.651525
0.190081
0.197591
0.285181
0.245909
0.310837
0.172015
0.266685
0.259800
0.138086
0.225666
0.198105
0.227010
0.078929
0.089016
0.193940
0.195730
0.207619
0.223691
0.144525
0.331644
0.116664
0.106687
0.480589
0.263164
0.543042
0.388471
0.361844
0.310021
0.164238
0.322821
0.285735
0.388267
0.417718
0.298184
0.421370
0.229573
0.078336
0.104304
0.394461
0.299459
0.127863
0.222931
0.226523
0.122984
0.076901
0.086945
0.230499
0.138557
0.348200
0.156206
0.164019
0.290795
0.112342
0.081178
0.178827
0.429182