1.908880000000000021e-01
1.257169999999999954e-01
6.889370000000000216e-01
3.740029999999999744e-01
3.053420000000000023e-01
2.786930000000000240e-01
5.617520000000000291e-01
3.542950000000000266e-01
4.849800000000000222e-01
6.240750000000000464e-01
4.343190000000000106e-01
6.802030000000000021e-01
2.520399999999999863e-01
2.174079999999999901e-01
2.914849999999999941e-01
3.169120000000000270e-01
3.094520000000000048e-01
5.715719999999999690e-01
4.282290000000000263e-01
2.286690000000000111e-01
2.596069999999999767e-01
1.881379999999999997e-01
2.844820000000000126e-01
2.385309999999999930e-01
2.769639999999999880e-01
1.954859999999999931e-01
4.589019999999999766e-01
4.095940000000000136e-01
1.666870000000000018e-01
3.640459999999999807e-01
2.277810000000000112e-01
1.766469999999999985e-01
2.446989999999999998e-01
2.817999999999999949e-01
2.000780000000000058e-01
2.580810000000000048e-01
1.923570000000000002e-01
1.836510000000000087e-01
2.312150000000000039e-01
1.944849999999999912e-01
1.311110000000000053e-01
2.524779999999999802e-01
3.956609999999999849e-01
2.401139999999999941e-01
2.889820000000000166e-01
3.149359999999999937e-01
2.822180000000000244e-01
2.659389999999999810e-01
2.106590000000000129e-01
1.494669999999999888e-01
4.826139999999999874e-01
2.878600000000000048e-01
1.665240000000000054e-01
2.431470000000000020e-01
2.808399999999999785e-01
1.620260000000000034e-01
2.480680000000000107e-01
1.550060000000000049e-01
1.423820000000000086e-01
2.414509999999999990e-01
1.105870000000000047e-01
2.107420000000000126e-01
2.456969999999999987e-01
3.302680000000000060e-01
1.646370000000000056e-01
2.930409999999999959e-01
1.564959999999999962e-01
2.376399999999999901e-01
2.115589999999999971e-01
2.074819999999999998e-01
1.694499999999999895e-01
1.958489999999999953e-01
1.701469999999999927e-01
1.995879999999999876e-01
2.058580000000000132e-01
3.962160000000000126e-01
2.417370000000000074e-01
4.566379999999999884e-01
3.142619999999999858e-01
1.941130000000000078e-01
2.123889999999999945e-01
3.039069999999999827e-01
3.059729999999999950e-01
4.166759999999999908e-01
1.567250000000000032e-01
3.148590000000000000e-01
2.297629999999999950e-01
4.218870000000000120e-01
3.744500000000000051e-01
1.631839999999999957e-01
1.834089999999999887e-01
2.068480000000000041e-01
2.073329999999999895e-01
2.589850000000000207e-01
2.610239999999999783e-01
1.850489999999999913e-01
3.200509999999999744e-01
2.148889999999999967e-01
3.258809999999999762e-01
3.078440000000000065e-01
1.501389999999999947e-01
2.483630000000000004e-01
3.226789999999999936e-01
1.690280000000000116e-01
2.550959999999999894e-01
2.232699999999999962e-01
2.974370000000000069e-01
4.059110000000000218e-01
1.928290000000000004e-01
2.062489999999999879e-01
2.409610000000000085e-01
2.637100000000000000e-01
5.838630000000000209e-01
2.564879999999999938e-01
3.004390000000000116e-01
4.511319999999999775e-01
3.460349999999999815e-01
3.873619999999999841e-01
2.875219999999999998e-01
2.623929999999999874e-01
1.322290000000000132e-01
1.370109999999999939e-01
2.889820000000000166e-01
2.630500000000000060e-01
2.133589999999999931e-01
2.757629999999999804e-01
1.097469999999999973e-01
1.202489999999999948e-01
1.617609999999999881e-01
1.467360000000000053e-01
1.413760000000000017e-01
2.027059999999999973e-01
1.421020000000000061e-01
1.463710000000000011e-01
2.285020000000000107e-01
1.892739999999999978e-01
2.116319999999999868e-01
1.600860000000000061e-01
1.206770000000000065e-01
1.290340000000000098e-01
7.241499999999999326e-02
1.438780000000000059e-01
1.143600000000000033e-01
1.753470000000000029e-01
1.725909999999999944e-01
2.144079999999999875e-01
1.788520000000000110e-01
2.590430000000000232e-01
1.536279999999999868e-01
3.051479999999999748e-01
2.122769999999999935e-01
2.377620000000000011e-01
3.715359999999999774e-01
2.945740000000000025e-01
3.248440000000000216e-01
2.488049999999999984e-01
2.329759999999999887e-01
3.941149999999999931e-01
4.206099999999999839e-01
3.157550000000000079e-01
1.148249999999999965e-01
1.602069999999999883e-01
