1.792009999999999992e-01
2.457439999999999902e-01
1.843680000000000041e-01
2.814180000000000015e-01
1.345320000000000127e-01
1.462620000000000031e-01
2.077410000000000090e-01
3.330210000000000115e-01
4.285450000000000093e-01
3.049209999999999976e-01
2.749079999999999857e-01
2.597800000000000109e-01
3.327180000000000137e-01
1.819550000000000056e-01
3.449519999999999809e-01
2.076649999999999885e-01
5.636100000000000138e-02
1.038179999999999936e-01
1.611410000000000065e-01
1.535670000000000091e-01
2.470579999999999998e-01
2.762990000000000168e-01
1.939510000000000123e-01
2.562519999999999798e-01
2.505040000000000044e-01
2.926500000000000212e-01
3.007219999999999893e-01
1.640800000000000036e-01
3.200520000000000032e-01
3.302590000000000248e-01
2.502449999999999952e-01
4.315390000000000059e-01
3.002850000000000241e-01
2.221930000000000016e-01
3.088790000000000147e-01
3.271319999999999784e-01
2.482860000000000067e-01
2.720330000000000248e-01
2.830289999999999750e-01
3.647290000000000254e-01
1.872399999999999898e-01
1.817580000000000029e-01
3.547339999999999938e-01
6.475570000000000492e-01
1.828400000000000025e-01
3.958360000000000212e-01
1.760289999999999910e-01
1.799850000000000061e-01
1.800460000000000116e-01
1.823220000000000118e-01
5.441270000000000273e-01
3.082590000000000052e-01
2.712339999999999751e-01
2.090559999999999918e-01
1.339859999999999940e-01
3.225330000000000141e-01
2.545359999999999845e-01
3.286450000000000204e-01
1.482620000000000049e-01
1.786669999999999925e-01
1.857119999999999882e-01
3.450059999999999794e-01
3.005360000000000253e-01
2.441949999999999954e-01
1.110369999999999968e-01
1.373659999999999881e-01
6.783489999999999798e-01
3.233829999999999760e-01
1.551539999999999864e-01
3.133329999999999727e-01
1.705369999999999941e-01
2.293340000000000101e-01
9.326600000000000168e-02
1.211079999999999934e-01
1.044680000000000053e-01
1.358959999999999890e-01
3.557270000000000154e-01
1.807199999999999918e-01
1.257830000000000059e-01
8.983700000000000019e-02
9.551700000000000468e-02
2.567630000000000190e-01
8.615399999999999447e-02
1.050650000000000056e-01
3.631690000000000196e-01
1.921420000000000072e-01
3.780760000000000232e-01
1.834989999999999954e-01
2.681999999999999940e-01
1.365909999999999902e-01
2.084199999999999942e-01
3.109410000000000229e-01
2.117900000000000060e-01
2.438269999999999882e-01
2.207260000000000055e-01
3.141120000000000023e-01
8.407299999999999496e-02
1.269780000000000075e-01
