0.078187
0.184643
0.170897
0.339419
0.178136
0.485047
0.201664
0.080718
0.172388
0.071243
0.102123
0.187015
0.402168
0.280656
0.107452
0.154987
0.141037
0.284392
0.347448
0.146271
0.141794
0.160207
0.156152
0.091649
0.321911
0.142766
0.236215
0.407819
0.119670
0.247421
0.318977
0.216896
0.164615
0.146100
0.116598
0.230181
0.137469
0.287216
0.404964
0.155251
0.452291
0.383613
0.178051
0.112026
0.144335
0.328680
0.122600
0.213308
0.080848
0.166336
0.220075
0.113640
0.155871
0.199288
0.268388
0.189956
0.330579
0.160396
0.362322
0.654853
0.110619
0.224892
0.395144
0.181627
0.076580
0.121353
0.143625
0.217183
0.318173
0.243390
0.112753
0.289895
0.311887
0.202755
0.203641
0.107844
0.164763
0.371077
0.111518
0.245429
0.061298
0.124412
0.266668
0.266410
0.129313
0.295161
0.316312
0.223960
0.149667
0.160064
0.155875
0.330908
0.098484
0.206392
0.313390
0.155628
0.113485
0.201563