1.267860000000000098e-01
1.988800000000000012e-01
2.080339999999999967e-01
1.716739999999999933e-01
2.412140000000000117e-01
3.040229999999999877e-01
3.255029999999999868e-01
6.606090000000000018e-01
2.032809999999999895e-01
3.832510000000000083e-01
1.823599999999999943e-01
2.076429999999999942e-01
4.451490000000000169e-01
2.643369999999999886e-01
7.996000000000000330e-02
1.547159999999999924e-01
2.004579999999999973e-01
3.538270000000000026e-01
2.368119999999999947e-01
3.021519999999999762e-01
1.909510000000000096e-01
2.001229999999999953e-01
2.361499999999999988e-01
1.986989999999999867e-01
1.567159999999999942e-01
1.855710000000000137e-01
1.115960000000000008e-01
2.543560000000000265e-01
1.252429999999999932e-01
2.949019999999999975e-01
1.651670000000000083e-01
2.331139999999999879e-01
1.652180000000000037e-01
9.770600000000000118e-02
2.418379999999999974e-01
1.685460000000000014e-01
1.098640000000000033e-01
1.224599999999999994e-01
1.503510000000000124e-01
2.726219999999999755e-01
3.855819999999999803e-01
2.641700000000000159e-01
1.187600000000000044e-01
2.789460000000000273e-01
1.480339999999999989e-01
7.881900000000000017e-02
1.640349999999999864e-01
9.562900000000000567e-02
2.970110000000000250e-01
2.874559999999999893e-01
2.518139999999999823e-01
1.561740000000000073e-01
4.018950000000000022e-01
6.190839999999999677e-01
3.690109999999999779e-01
2.481170000000000042e-01
1.063380000000000020e-01
1.423220000000000041e-01
5.528699999999999726e-01
3.149159999999999737e-01
2.946860000000000035e-01
2.578889999999999794e-01
4.473690000000000166e-01
2.430470000000000130e-01
1.618499999999999939e-01
3.735640000000000072e-01
3.239299999999999957e-01
2.970889999999999920e-01
4.976090000000000235e-01
2.890699999999999936e-01
1.279649999999999954e-01
1.255789999999999962e-01
