0.103018
0.248164
0.155995
0.125508
0.123364
0.093345
0.120792
0.204925
0.303560
0.159269
0.100041
0.083976
0.190937
0.220097
0.166990
0.127216
0.317413
0.216937
0.087825
0.119882
0.156747
0.165716
0.138150
0.232637
0.237819
0.407754
0.238028
0.129546
0.288547
0.592934
0.161275
0.264409
0.317672
0.169460
0.173193
0.169879
0.073284
0.106079
0.172063
0.231191
0.372747
0.188447
0.108049
0.094349
0.231071
0.248516
0.183186
0.148962
0.161382
0.336028
0.140610
0.341613
0.142417
0.157016
0.073486
0.091339
0.184241
0.192900
0.105801
0.200303
0.293946
0.191243
0.220469
0.394046
0.239708
0.280806
0.153769
0.145111
0.308650
0.174259
0.165962
0.178135
0.084329
0.152023
0.103141
0.101600
0.265714
0.171497
0.175738
0.307078
0.795370
0.429228
0.232601
0.196594
0.399213
0.201133
0.346226
0.578051
0.276834
0.214957
0.155485
0.082069
0.277750
0.351321
0.489989
0.261877
0.269503
0.262791
0.229344
0.375406
0.314126
0.172549
0.382175
0.253659
0.201867
0.120043
0.272964
0.151902
0.141726
0.184301
0.283702
0.157585
0.342269
0.159132
0.326151
0.166127
0.302392
0.151648
0.172333
0.232657
0.231681
0.172419
0.188246
0.099215
0.225243
0.303129
0.074725
0.093231