0.095536
0.093126
0.209372
0.220820
0.125503
0.261106
0.205900
0.169031
0.471192
0.135050
0.388288
0.204270
0.162616
0.273178
0.200802
0.189698
0.086984
0.126081
0.372563
0.214941
0.235785
0.384060
0.186290
0.193501
0.146696
0.169608
0.218352
0.174230
0.128288
0.174006
0.198131
0.355583
0.086619
0.179554
0.149396
0.172541
0.142928
0.170997
0.137745
0.145241
0.194810
0.179334
0.225557
0.198947
0.270314
0.520967
0.291874
0.213106
0.111973
0.111643
0.220864
0.188151
0.389201
0.202855
0.249191
0.461963
0.653946
0.145261
0.218503
0.232648
0.265081
0.499391
0.421900
0.238085
0.139461
0.127006
0.203843
0.147092
0.290823
0.537188
0.240971
0.188344
0.195063
0.235799
0.243972
0.464953
0.205415
0.155768
0.210123
0.193317
0.083188
0.105902
0.393616
0.281016
0.138431
0.145964
0.159177
0.149388
0.178061
0.158716
0.252182
0.143982
0.127100
0.173017
0.263540
0.185877
0.092105
0.209046