1.011630000000000029e-01
9.453400000000000691e-02
1.999740000000000129e-01
3.423590000000000244e-01
3.861149999999999860e-01
1.781790000000000040e-01
2.839690000000000270e-01
6.175549999999999651e-01
1.582409999999999928e-01
1.315679999999999905e-01
2.531379999999999741e-01
5.149860000000000548e-01
1.654650000000000010e-01
1.611549999999999927e-01
4.618300000000000183e-02
8.077800000000000258e-02
1.223439999999999944e-01
1.741659999999999875e-01
2.420670000000000044e-01
2.034060000000000035e-01
1.175739999999999980e-01
2.770569999999999977e-01
2.747879999999999767e-01
1.843859999999999943e-01
1.765369999999999995e-01
1.291660000000000030e-01
1.313769999999999938e-01
1.680379999999999929e-01
5.199199999999999655e-02
1.225689999999999974e-01
1.724710000000000132e-01
2.641310000000000047e-01
2.898299999999999765e-01
1.783889999999999920e-01
1.796119999999999939e-01
2.672479999999999856e-01
3.280219999999999803e-01
4.761020000000000252e-01
2.305429999999999979e-01
4.003019999999999912e-01
1.591740000000000099e-01
2.036320000000000074e-01
1.472199999999999898e-01
1.679299999999999959e-01
2.949379999999999780e-01
1.533750000000000113e-01
4.541899999999999826e-01
1.588179999999999870e-01
4.002829999999999999e-01
1.999930000000000041e-01
1.479739999999999944e-01
4.026299999999999879e-01
3.765459999999999918e-01
2.039019999999999999e-01
2.445769999999999889e-01
2.776779999999999804e-01
6.107300000000000229e-02
5.580199999999999744e-02
1.928149999999999864e-01
2.917399999999999993e-01
9.675899999999999779e-02
1.914379999999999971e-01
1.318040000000000045e-01
1.564589999999999870e-01
1.392839999999999911e-01
2.752569999999999739e-01
2.486539999999999861e-01
1.098959999999999937e-01
1.136500000000000010e-01
1.298829999999999985e-01
6.346300000000000552e-02
2.335369999999999946e-01
