1.669480000000000131e-01
4.439460000000000073e-01
2.552989999999999982e-01
3.036360000000000170e-01
2.460239999999999927e-01
5.264440000000000230e-01
3.524909999999999988e-01
5.121609999999999774e-01
3.922439999999999816e-01
2.401349999999999874e-01
4.556390000000000162e-01
1.708790000000000031e-01
2.107719999999999871e-01
2.734280000000000044e-01
1.564530000000000087e-01
2.453649999999999998e-01
4.760139999999999927e-01
2.178150000000000086e-01
4.786610000000000031e-01
7.223370000000000068e-01
4.572450000000000125e-01
2.796569999999999889e-01
4.072700000000000209e-01
1.835269999999999957e-01
7.834699999999999998e-02
2.406230000000000036e-01
6.048200000000000243e-01
1.576579999999999926e-01
1.784689999999999888e-01
4.762390000000000234e-01
6.178190000000000071e-01
4.459609999999999963e-01
3.847470000000000057e-01
2.006630000000000080e-01
5.641500000000000403e-01
2.555520000000000014e-01
4.232409999999999783e-01
2.525390000000000135e-01
1.491169999999999995e-01
4.419379999999999975e-01
1.564580000000000137e-01
4.034460000000000268e-01
2.281360000000000054e-01
1.969329999999999969e-01
2.901230000000000198e-01
1.224589999999999984e-01
1.489800000000000013e-01
1.485090000000000021e-01
3.102480000000000238e-01
4.852799999999999891e-01
