0.103192
0.107397
0.246193
0.205422
0.244110
0.259883
0.497749
0.245165
0.146027
0.250821
0.416766
0.278185
0.135967
0.124917
0.242505
0.169401
0.447844
0.262467
0.156102
0.184696
0.176482
0.139487
0.081209
0.140823
0.141751
0.260699
0.209435
0.173180
0.110457
0.115739
0.208760
0.361774
0.201335
0.115228
0.179135
0.169212
0.182439
0.149490
0.129955
0.147792
0.157434
0.160843
0.163953
0.206100
0.092209
0.210788
0.379287
0.246350
0.149375
0.126396
0.197358
0.132636
0.125161
0.223772
0.180021
0.171733
0.187646
0.183196
0.267462
0.145673
0.183385
0.171509
0.249549
0.403544
0.168023
0.253678
0.125967
0.189915
0.145879
0.246539
0.184858
0.168567
0.125088
0.124452
0.194620
0.180752
0.220876
0.332995
0.147571
0.154975
0.245831
0.490326
0.222650
0.248157
0.319883
0.188277
0.168530
0.268362
0.070132
0.078821
0.248859
0.238476
0.136249
0.266264
0.194013
0.487309
0.193322
0.219017
0.395328
0.167777
0.161915
0.152208
0.191936
0.198667
0.465752
0.193029
0.217285
0.159079
0.129047
0.118936
0.103999
0.136333
0.200860
0.123255
0.211011
0.159913
0.192607
0.168887
0.146682
0.165286
0.224038
0.183514
0.258345
0.222865
0.215035
0.304631
0.261597
0.223364
0.178447
0.296224
0.221253
0.247958
0.125720
0.095613
0.264312
0.146506
0.233618
0.206623
0.200812
0.418652
0.224737
0.339462
0.424997
0.232333
0.285284
0.540479
0.432246
0.269380
0.167705
0.276161
0.236508
0.463765
0.150550
0.111839
0.121823
0.188011
0.202300
0.205857
0.123609
0.147597
0.457300
0.190823
0.472225
0.243559
0.216454
0.259202
0.265283
0.182072
0.123031
0.220875
0.229200
0.230259
0.133889
0.113862
0.211812
0.146677
0.132756
0.125077
0.135206
0.155155
0.161200
0.200330
0.172409
0.236616
0.282691
0.165367
0.201262
0.243738
0.154639
0.111765
0.230732
0.187578
0.098512
0.217134
0.184866
0.453220
0.205243
0.420354
0.074724
0.099316