0.139569
0.181184
0.414315
0.147231
0.149858
0.122150
0.441785
0.149415
0.163300
0.367263
0.129562
0.193191
0.441619
0.242403
0.145574
0.129137
0.151790
0.230841
0.250884
0.225625
0.279461
0.147213
0.110504
0.218502
0.142628
0.125707
0.237264
0.111073
0.131440
0.215174
0.234436
0.131983
0.262283
0.381378
0.151782
0.117961
0.221333
0.473331
0.217811
0.278220
0.296287
0.623454
0.262808
0.608584
0.183444
0.132165
0.174162
0.252593
0.533850
0.279394
0.149259
0.186093
0.234656
0.316274
0.152510
0.191476
0.358452
0.176637
0.344374
0.268169
0.202412
0.307103
0.201176
0.201817
0.114116
0.104161
0.106882
0.208136
0.210630
0.159929
0.114765
0.101432
0.167626
0.162735
0.124281
0.092631
0.211847
0.214664
0.226597
0.210654
0.173046
0.273876
0.130929
0.245458
0.216611
0.139784
0.152546
0.450852
0.100464
0.178580
0.134460
0.156387
0.212687
0.245603
0.151210
0.284697
0.485463
0.223884
0.219626
0.287906
0.313367
0.255268
0.290862
0.215443
0.182994
0.368918
0.249911
0.200573
0.198148
0.301658
0.134242
0.096372
0.345239
0.228406
0.385348
0.169185
0.247806
0.319533
0.397301
0.791022
0.198882
0.219314
0.241742
0.153434
0.110101
0.145025
0.187090
0.182930
0.162135
0.221434
0.213394
0.127182
0.081169
0.139107
0.143469
0.115241
0.221929
0.239146
0.234829
0.187442
0.297887
0.242239
0.292836
0.193142
0.178057
0.357491
0.238763
0.199407
0.336820
0.210787
0.298834
0.149725
0.318644
0.208270
0.152098
0.116798
0.239987
0.309625
0.190516
0.373380
0.284794
0.433308
0.217707
0.189770
0.121627
0.207383
0.157149
0.342229
0.175040
0.208318
0.107580
0.122398
0.187105
0.199701
0.115291
0.133927
0.152400
0.235724
0.224835
0.240303
0.215212
0.252817
0.170912
0.261003
0.282354
0.135825
0.163469
0.216927
0.421695
0.230603
0.083125
0.111965
0.278041
0.530375
0.115952
0.267134
0.273537
0.201266
0.096857
0.212698