0.239961
0.180407
0.169015
0.428265
0.396678
0.216738
0.439905
0.293485
0.274930
0.264580
0.319229
0.666128
0.607766
0.449340
0.253952
0.458738
0.240670
0.306782
0.112884
0.165530
0.235537
0.259542
0.246811
0.365605
0.301802
0.335273
0.269584
0.222001
0.418882
0.301816
0.380633
0.199966
0.279407
0.193922
0.270089
0.170509
0.087701
0.253154
0.399066
0.231763
0.313670
0.186990
0.204806
0.269897
0.351816
0.149308
0.255196
0.391849
0.311916
0.450997
0.167061
0.180449
0.230502
0.217304
0.208118
0.394034
0.268626
0.268064
0.279578
0.262939
0.274078
0.271264
0.239380
0.319390
0.509505
0.261356
0.110984
0.171379
0.281554
0.133220
0.600600
0.414373
0.180425
0.376673
0.212719
0.463784
0.333399
0.151783
0.262917
0.389284
0.247197
0.368946
0.388217
0.189181
0.220599
0.280948
0.273792
0.372436
0.321047
0.396283
0.166129
0.276054
0.250317
0.451774
0.624932
0.393102
0.322255
0.177896
0.203785
0.440652
0.744042
0.365792
0.459203
0.263194
0.638560
0.437297
0.180023
0.305033
0.335376
0.179343
0.262917
0.422405
0.249049
0.212720
0.189660
0.333350
0.249321
0.245303
0.374892
0.263477
0.469313
0.273498
0.210974
0.294959
0.227465
0.251898
0.212074
0.375802