0.300527
0.269020
0.372170
0.163067
0.298200
0.441641
0.377689
0.582844
0.440285
0.163957
0.326035
0.207917
0.435377
0.254094
0.299662
0.170964
0.208574
0.336647
0.161360
0.225082
0.483972
0.325076
0.350629
0.153923
0.139882
0.123596
0.193744
0.301748
0.399021
0.545541
0.398206
0.634322
0.126034
0.197759
0.315802
0.240381
0.190133
0.230781
0.214359
0.209627
0.283199
0.413649
0.242675
0.201511
0.271176
0.462396
0.169053
0.288225
0.205011
0.312273
0.177704
0.194536
0.167060
0.126745
0.169462
0.203151
0.181927
0.317364
0.313382
0.347999
0.333099
0.203098
0.326013
0.280183
0.140844
0.209662
0.215150
0.150142
0.382522
0.216090
0.264081
0.362191
0.402155
0.394052
0.257733
0.266391
0.382618
0.366347
0.569899
0.316482
0.296304
0.268617
0.275637
0.306747
0.308437
0.435661
0.378046
0.205573
0.330513
0.466658
0.329375
0.325079
0.234513
0.153888
0.258345
0.151576
0.149696
0.235812