1.233309999999999962e-01
1.536929999999999963e-01
3.442410000000000192e-01
2.831339999999999968e-01
1.817410000000000136e-01
1.978630000000000111e-01
2.316900000000000071e-01
2.800349999999999784e-01
4.930800000000000183e-01
3.173819999999999975e-01
3.030889999999999973e-01
3.383900000000000241e-01
2.634319999999999995e-01
2.005669999999999953e-01
2.480239999999999945e-01
2.119330000000000103e-01
2.331769999999999954e-01
1.979519999999999891e-01
2.285369999999999902e-01
3.334699999999999886e-01
2.296910000000000063e-01
2.059539999999999982e-01
1.869999999999999996e-01
3.583379999999999899e-01
5.319070000000000187e-01
3.419699999999999962e-01
2.151579999999999881e-01
2.576829999999999954e-01
3.243539999999999757e-01
2.338840000000000086e-01
2.408700000000000008e-01
4.866079999999999850e-01
2.197469999999999979e-01
2.478899999999999992e-01
2.279950000000000032e-01
2.600620000000000154e-01
2.284779999999999867e-01
2.798769999999999869e-01
2.839749999999999774e-01
5.238789999999999836e-01
3.189259999999999873e-01
2.594779999999999864e-01
3.416750000000000065e-01
3.377959999999999852e-01
2.875389999999999890e-01
3.327669999999999795e-01
2.784849999999999826e-01
4.728189999999999893e-01
6.232389999999999874e-01
2.761540000000000106e-01
3.383709999999999773e-01
5.489230000000000498e-01
2.869760000000000089e-01
2.848669999999999813e-01
3.937979999999999814e-01
2.481510000000000105e-01
3.705120000000000080e-01
2.504250000000000087e-01
2.079100000000000115e-01
3.557049999999999934e-01
2.358069999999999888e-01
2.075619999999999965e-01
2.910260000000000069e-01
5.233280000000000154e-01
6.044199999999999573e-01
4.087680000000000202e-01
1.577290000000000081e-01
3.213099999999999845e-01
2.958580000000000099e-01
4.467789999999999817e-01
3.235149999999999970e-01
4.930399999999999783e-01
1.912490000000000023e-01
1.990399999999999947e-01
2.422989999999999866e-01
3.291390000000000149e-01
1.628229999999999955e-01
1.490680000000000061e-01
2.156810000000000116e-01
2.855949999999999878e-01
1.149430000000000035e-01
2.157199999999999951e-01
1.865700000000000136e-01
3.490690000000000182e-01
2.762180000000000191e-01
1.581879999999999953e-01
2.358959999999999946e-01
3.541019999999999723e-01
2.451450000000000018e-01
1.512570000000000026e-01
2.647669999999999746e-01
1.573920000000000041e-01
4.455060000000000131e-01
2.031810000000000005e-01
1.090499999999999942e-01
1.368600000000000094e-01
2.303610000000000102e-01
1.531689999999999996e-01
1.597729999999999984e-01
1.757849999999999968e-01
1.419590000000000019e-01
3.203599999999999781e-01
8.560800000000000354e-02
1.826000000000000123e-01
1.784699999999999898e-01
2.920459999999999723e-01
1.293610000000000038e-01
1.829860000000000098e-01
2.247530000000000083e-01
4.192089999999999983e-01
2.613969999999999905e-01
4.476950000000000096e-01
2.403959999999999986e-01
1.894929999999999948e-01
4.762489999999999779e-01
3.342229999999999923e-01
2.012410000000000032e-01
3.078089999999999993e-01
2.949169999999999847e-01
3.727909999999999835e-01
1.254879999999999884e-01
2.721729999999999983e-01
1.677639999999999965e-01
2.437459999999999904e-01
2.862999999999999989e-01
4.768530000000000268e-01
1.835880000000000012e-01
1.950439999999999952e-01
3.068239999999999856e-01
2.719210000000000238e-01
1.517010000000000025e-01
1.656539999999999957e-01
2.298570000000000058e-01
2.697189999999999865e-01
2.554589999999999916e-01
1.959750000000000103e-01
5.205840000000000467e-01
3.347310000000000008e-01
2.172479999999999967e-01
2.192649999999999877e-01
1.353070000000000106e-01
1.687200000000000089e-01
2.398049999999999904e-01
3.480230000000000268e-01
4.212919999999999998e-01
2.549969999999999737e-01
2.798709999999999809e-01
3.162590000000000123e-01
1.801329999999999876e-01
1.819409999999999916e-01
1.947669999999999957e-01
2.835500000000000242e-01
2.811690000000000023e-01
1.620000000000000051e-01
2.265439999999999954e-01
3.599200000000000177e-01
2.907500000000000084e-01
1.448840000000000128e-01
2.516149999999999776e-01
2.015849999999999864e-01
9.737899999999999334e-02
1.345800000000000052e-01
