0.175799
0.344135
0.145895
0.206848
0.277716
0.210287
0.236307
0.119225
0.196904
0.153403
0.189052
0.177345
0.325533
0.193683
0.356388
0.263932
0.281077
0.129978
0.134630
0.157464
0.170878
0.320943
0.164697
0.209438
0.207645
0.214152
0.150160
0.300334
0.223509
0.356277
0.219205
0.210225
0.175211
0.253172
0.389738
0.221848
0.137440
0.218521
0.186386
0.160559
0.299737
0.301945
0.210936
0.289020
0.120342
0.147818
0.400713
0.213865
0.159281
0.206476
0.162368
0.338827
0.243908
0.503482
0.213818
0.357227
0.254729
0.362165
0.193770
0.428791
0.394114
0.237212
0.189163
0.283944
0.282776
0.186883
0.116445
0.127224
0.312180
0.561916
0.190671
0.229081
0.284664
0.523004
0.564113
0.740817
0.312526
0.204854
0.211418
0.478391
0.254931
0.313978
0.422032
0.234696
0.183913
0.495063
0.120290
0.189160
0.107986
0.170116
0.192671
0.155666
0.250291
0.142794
0.363038
0.189116
0.255839
0.404746
0.181923
0.133454
0.328524
0.514242
0.397401
0.181585
0.199829
0.232132
0.127597
0.188772
0.237707
0.207787
0.166426
0.195967
0.224626
0.255681
0.430063
0.240188
0.206229
0.262850
0.199887
0.136254
0.295306
0.318067
0.265489
0.218313
0.155643
0.218706
0.118831
0.184973
0.232735
0.141175
0.309016
0.148807
0.095171
0.205161
0.346721
0.212222
0.221961
0.245325
0.348713
0.170924
0.183140
0.266890
0.186011
0.250332
0.162600
0.351291
0.136727
0.222341
0.348026
0.145587
0.151417
0.119494
0.161795
0.135241
0.150163
0.256372
0.141944
0.207502
0.149346
0.102479
0.550994
0.389367
0.242467
0.277207
0.209651
0.225023
0.158459
0.187340
0.416539
0.240036
0.338153
0.227678
0.235078
0.161699
0.302415
0.297125
0.174215
0.215778
0.218590
0.206230
0.185271
0.404623
0.490059
0.276129
0.412001
0.261132
0.170144
0.207283
0.260937
0.270064
0.415194
0.284964
0.319669
0.522480
0.464731
0.296410
0.258507
0.517628
0.306420
0.214294