0.145554
0.292600
0.134642
0.187925
0.177970
0.150394
0.523969
0.267924
0.113361
0.188250
0.149251
0.156800
0.160806
0.259657
0.196995
0.380472
0.060088
0.102395
0.192697
0.440532
0.160718
0.361168
0.268481
0.184376
0.212932
0.430731
0.185421
0.270859
0.372684
0.218787
0.159447
0.410215
0.106825
0.166778
0.656789
0.293636
0.203578
0.285246
0.222893
0.132156
0.580296
0.288051
0.158077
0.180854
0.077530
0.105849
0.121518
0.223105
0.117508
0.419765
0.087643
0.107622
0.116017
0.183613
0.198743
0.274135
0.142486
0.400304
0.452106
0.202647
0.182408
0.441319
0.183545
0.327718
0.082513
0.106763
0.185281
0.424995
0.267592
0.294356
0.713762
0.420499
0.090847
0.222789
0.244813
0.107934
0.377184
0.149342
0.356009
0.600579
0.082817
0.120324
0.304685
0.231096
0.283170
0.218510
0.168491
0.152133
0.164781
0.195102
0.310418
0.182813
0.338824
0.213128
0.191784
0.179335
0.117069
0.181675