2.014910000000000034e-01
2.353909999999999891e-01
3.918929999999999914e-01
1.388520000000000032e-01
1.530789999999999929e-01
2.478400000000000047e-01
2.360220000000000096e-01
3.816309999999999980e-01
3.503490000000000215e-01
3.278780000000000028e-01
2.876759999999999873e-01
1.343229999999999980e-01
1.447769999999999890e-01
3.052349999999999786e-01
1.648169999999999913e-01
3.261919999999999820e-01
1.560519999999999963e-01
1.771939999999999904e-01
2.920869999999999855e-01
2.964589999999999725e-01
6.302130000000000232e-01
3.815839999999999788e-01
6.575260000000000549e-01
4.418710000000000138e-01
1.734380000000000088e-01
2.006819999999999993e-01
5.413040000000000074e-01
3.039540000000000020e-01
3.564640000000000031e-01
4.630020000000000246e-01
3.374940000000000162e-01
2.156869999999999898e-01
3.884960000000000080e-01
2.130479999999999874e-01
5.486180000000000501e-01
2.631740000000000190e-01
9.390900000000000636e-02
9.614799999999999736e-02
3.561750000000000194e-01
4.759090000000000265e-01
2.218080000000000052e-01
1.239350000000000035e-01
2.165630000000000055e-01
1.200210000000000027e-01
1.074480000000000018e-01
1.106970000000000037e-01
9.303699999999999470e-02
1.121420000000000056e-01
2.304900000000000004e-01
3.042389999999999817e-01
