0.278285
0.323555
0.492936
0.290981
0.158441
0.198288
0.444684
0.189218
0.344876
0.182118
0.300534
0.253588
0.382938
0.537816
0.162386
0.286051
0.215150
0.238970
0.400520
0.221090
0.255016
0.250518
0.293246
0.259380
0.343832
0.386305
0.266415
0.337403
0.172138
0.096970
0.178724
0.252212
0.309306
0.493837
0.206694
0.412346
0.290871
0.344933
0.340621
0.202324
0.362800
0.244360
0.129058
0.199408
0.209781
0.248111
0.381024
0.215970
0.430585
0.338277
0.381854
0.235445
0.391178
0.582862
0.527981
0.206487
0.157244
0.185968
0.708684
0.438576
0.276905
0.282678
0.544781
0.264588
0.178695
0.241323
0.215891
0.134269
0.185254
0.335641
0.222940
0.330851