7.651800000000000268e-02
2.774860000000000104e-01
1.919180000000000053e-01
1.397349999999999981e-01
1.995949999999999946e-01
2.495610000000000051e-01
3.923050000000000148e-01
1.969460000000000099e-01
4.444319999999999937e-01
1.638390000000000124e-01
3.396569999999999867e-01
2.548110000000000097e-01
8.738700000000000634e-02
1.147669999999999940e-01
3.075709999999999833e-01
6.167139999999999844e-01
2.773579999999999934e-01
2.506820000000000159e-01
4.726989999999999803e-01
2.896819999999999951e-01
2.050309999999999910e-01
2.420420000000000071e-01
1.293159999999999865e-01
2.116719999999999990e-01
6.144700000000000162e-02
1.325820000000000054e-01
1.816810000000000092e-01
1.816379999999999939e-01
2.435799999999999910e-01
2.900929999999999898e-01
2.154349999999999876e-01
2.798200000000000132e-01
2.851049999999999973e-01
1.481669999999999932e-01
1.684070000000000011e-01
2.473120000000000041e-01
1.082270000000000038e-01
1.464610000000000078e-01
3.312990000000000101e-01
2.695919999999999983e-01
7.039560000000000262e-01
4.050460000000000171e-01
3.769790000000000085e-01
1.978939999999999866e-01
2.123599999999999932e-01
2.656439999999999912e-01
2.324150000000000105e-01
3.018230000000000079e-01
3.137300000000000089e-01
9.747999999999999721e-02
