0.190888
0.125717
0.688937
0.374003
0.305342
0.278693
0.561752
0.354295
0.484980
0.624075
0.434319
0.680203
0.252040
0.217408
0.291485
0.316912
0.309452
0.571572
0.428229
0.228669
0.259607
0.188138
0.284482
0.238531
0.276964
0.195486
0.458902
0.409594
0.166687
0.364046
0.227781
0.176647
0.244699
0.281800
0.200078
0.258081
0.192357
0.183651
0.231215
0.194485
0.131111
0.252478
0.395661
0.240114
0.288982
0.314936
0.282218
0.265939
0.210659
0.149467
0.482614
0.287860
0.166524
0.243147
0.280840
0.162026
0.248068
0.155006
0.142382
0.241451
0.110587
0.210742
0.245697
0.330268
0.164637
0.293041
0.156496
0.237640
0.211559
0.207482
0.169450
0.195849
0.170147
0.199588
0.205858
0.396216
0.241737
0.456638
0.314262
0.194113
0.212389
0.303907
0.305973
0.416676
0.156725
0.314859
0.229763
0.421887
0.374450
0.163184
0.183409
0.206848
0.207333
0.258985
0.261024
0.185049
0.320051
0.214889
0.325881
0.307844
0.150139
0.248363
0.322679
0.169028
0.255096
0.223270
0.297437
0.405911
0.192829
0.206249
0.240961
0.263710
0.583863
0.256488
0.300439
0.451132
0.346035
0.387362
0.287522
0.262393
0.132229
0.137011
0.288982
0.263050
0.213359
0.275763
0.109747
0.120249
0.161761
0.146736
0.141376
0.202706
0.142102
0.146371
0.228502
0.189274
0.211632
0.160086
0.120677
0.129034
0.072415
0.143878
0.114360
0.175347
0.172591
0.214408
0.178852
0.259043
0.153628
0.305148
0.212277
0.237762
0.371536
0.294574
0.324844
0.248805
0.232976
0.394115
0.420610
0.315755
0.114825
0.160207