0.103735
0.310397
0.229819
0.139344
0.194894
0.141805
0.189188
0.172991
0.341932
0.111903
0.197823
0.102472
0.184083
0.295504
0.096472
0.258685
0.204792
0.222469
0.203631
0.264432
0.228836
0.223476
0.206306
0.130475
0.364443
0.142271
0.148161
0.144437
0.105683
0.267218
0.174139
0.179204
0.387332
0.169559
0.096693
0.161414
0.251993
0.264791
0.135325
0.392893
0.274309
0.502415
0.153918
0.223387
0.329952
0.391552
0.243386
0.125662
0.578484
0.240510
0.202050
0.346196
0.516010
0.277009
0.248134
0.251474
0.298013
0.165188
0.170185
0.194748
0.294638
0.354637
0.335780
0.581754
0.255939
0.352208
0.729329
0.372832
0.432456
0.461160
0.508654
0.355647