0.159475
0.154890
0.416116
0.181929
0.149958
0.231999
0.615136
0.398424
0.381224
0.216639
0.271675
0.235807
0.229536
0.284898
0.666525
0.284636
0.225364
0.213834
0.242547
0.394159
0.392014
0.105328
0.389881
0.230763
0.260460
0.177977
0.560696
0.354010
0.300568
0.299070
0.343162
0.435060
0.361560
0.285380
0.269255
0.364937
0.423405
0.668167
0.382372
0.224751
0.327384
0.542819
0.373943
0.153986
0.687546
0.464521
0.207156
0.237098
0.349986
0.169778
0.380261
0.241944
0.610277
0.231665
0.567530
0.357384
0.247797
0.231271
0.170593
0.300143
0.267668
0.212532
0.283926
0.442695
0.168031
0.388238
0.276214
0.523200
0.273946
0.354503
0.167390
0.198297
0.346554
0.218420
0.152444
0.269442
0.204576
0.333284
0.368196
0.200360
0.162127
0.312716
0.310773
0.218514
0.226562
0.193610
0.258698
0.463638
0.344416
0.227519
0.324610
0.240802
0.410496
0.173277
0.194238
0.283527
0.150989
0.331190