0.170553
0.345387
0.240408
0.145734
0.290709
0.302386
0.325468
0.186668
0.272537
0.240354
0.209408
0.392690
0.311424
0.164296
0.285793
0.312571
0.276845
0.173407
0.358664
0.268005
0.203351
0.221001
0.525209
0.386846
0.405779
0.370766
0.288958
0.456711
0.285792
0.268861
0.405377
0.218030
0.278989
0.374035
0.465468
0.227473
0.428017
0.308270
0.234698
0.192626
0.153385
0.359149
0.321566
0.202344
0.172554
0.335644
0.229836
0.203876
0.182206
0.148379
0.245817
0.132478
0.138493
0.219456
0.318407
0.297908
0.290828
0.169447
0.338907
0.529587
0.178117
0.386728
0.555151
0.354327
0.172318
0.419052
0.150127
0.302351
0.241382
0.243579
0.316156
0.126227
0.287756
0.217827
0.325848
0.175333
0.437280
0.285590
0.207432
0.247682
0.137125
0.265473
0.218681
0.486248
0.294284
0.528587
0.262316
0.214424
0.394837
0.112738
0.321971
0.261392
0.184841
0.293670
0.519818
0.374144
0.387649
0.258267
0.236666
0.296957
0.166236
0.235731
0.258039
0.154161
0.267257
0.241882
0.129626
0.283157
0.276764
0.459589
0.190161
0.385726
0.301670
0.380417
0.258443
0.522812
0.336257
0.575384
0.300665
0.235445
0.545508
0.367583
0.395535
0.683689
0.461705
0.675857
0.676142
0.346778
0.254444
0.129921
0.344055
0.333468
0.753187
0.458885
0.324835
0.210131
0.222163
0.301964
0.194559
0.327173
0.212953
0.268157
0.409475
0.133298
0.353635
0.233982
0.298826
0.234890
0.314409
0.247295
0.424288
0.292965
0.276622
0.265017
0.267873
0.276284
0.216225
0.168382
0.489583
0.354948
0.106458
0.351858