0.073134
0.133059
0.290667
0.174489
0.194278
0.130604
0.407647
0.248459
0.180520
0.217849
0.425769
0.253087
0.209582
0.322507
0.128046
0.276537
0.155904
0.155341
0.313218
0.262506
0.137900
0.214280
0.168411
0.340428
0.232643
0.164860
0.591757
0.341459
0.093256
0.100077
0.489133
0.301698
0.242956
0.620117
0.197532
0.209350
0.408045
0.205668
0.265278
0.220851
0.376147
0.201071
0.226825
0.116969
0.199149
0.260193
0.237608
0.401190
0.222646
0.406502
0.146518
0.316486
0.266677
0.391220
0.334196
0.394994
0.075062
0.114069
0.187424
0.205953
0.137169
0.187515
0.403408
0.224093
0.143280
0.149889
0.257981
0.303066
0.196260
0.153906
0.130551
0.172155