0.123355
0.196592
0.422126
0.223122
0.419701
0.228212
0.555578
0.282402
0.207562
0.249233
0.166107
0.232981
0.294390
0.203899
0.108726
0.136066
0.368119
0.334475
0.336075
0.248094
0.321397
0.645239
0.163799
0.276362
0.377857
0.139231
0.158896
0.120739
0.148799
0.284078
0.272787
0.147079
0.174817
0.185689
0.315691
0.180927
0.199259
0.155167
0.227259
0.154177
0.352892
0.213657
0.097663
0.192064
0.219369
0.215638
0.267681
0.505623
0.142735
0.237554
0.169057
0.260307
0.267378
0.258236
0.214106
0.236190
0.086099
0.147085
0.374388
0.184394
0.259818
0.522661
0.149045
0.214801
0.353831
0.566874
0.163264
0.218290
0.190940
0.185587
0.095387
0.210943