0.125184
0.146414
0.502969
0.286536
0.347912
0.546773
0.190247
0.249063
0.230444
0.449084
0.243249
0.164834
0.245484
0.463555
0.430509
0.145653
0.240575
0.160008
0.194015
0.152211
0.290720
0.454651
0.206382
0.471461
0.140821
0.243224
0.454394
0.232159
0.233289
0.463158
0.213915
0.138746
0.090389
0.100755
0.170789
0.330272
0.285497
0.394131
0.098248
0.091654
0.092833
0.085288
0.097182
0.095947
0.110516
0.097143
0.146122
0.086302
0.152805
0.207929
0.196234
0.459052
0.513885
0.323033
0.072942
0.165107
0.436681
0.208076
0.117079
0.229276
0.242935
0.145766
0.138487
0.232630
0.150444
0.197584
0.262103
0.390055
0.484931
0.331660
0.215142
0.172434
0.089837
0.164049
0.228905
0.416996
0.237679
0.160785
0.119846
0.212652
0.422616
0.199450
0.497802
0.232088
0.331356
0.537972
0.207843
0.475630
0.108455
0.204418
0.100771
0.142269
0.151216
0.245431
0.403502
0.181189
0.229849
0.441586
0.238930
0.518047
0.543868
0.323981
0.257799
0.188696
0.264228
0.151973
0.168908
0.256650
0.099501
0.153691
0.156412
0.411084
0.195935
0.278371
0.303509
0.202039
0.279210
0.462741
0.138499
0.202257
0.150801
0.206357
0.193954
0.169480
0.187666
0.188462
0.114554
0.208806