0.163517
0.272180
0.419498
0.242356
0.407037
0.323155
0.203269
0.306983
0.220457
0.167489
0.193358
0.337639
0.185101
0.201525
0.181964
0.230188
0.169965
0.140806
0.237680
0.220507
0.286775
0.316601
0.176904
0.285092
0.512404
0.712962
0.258641
0.252508
0.191850
0.257284
0.170494
0.245318
0.223438
0.231189
0.333287
0.504177
0.190629
0.195611
0.342951
0.485156
0.260625
0.174463
0.475202
0.320101
0.325316
0.396473
0.216143
0.165490
0.153038
0.269551
0.339165
0.187535
0.194075
0.158279
0.205206
0.417703
0.116552
0.245166
0.235927
0.168871
0.332201
0.229932
0.511570
0.314628
0.389324
0.379857
0.155961
0.176364
0.242469
0.181662
0.209856
0.335615
0.456954
0.217630
0.191897
0.234622
0.144396
0.177447
0.454360
0.295936
0.352361
0.359469
0.318726
0.369977
0.502684
0.443224
0.297684
0.283013
0.437766
0.308806
0.495836
0.278142
0.294045
0.242905
0.317146
0.297179
0.419263
0.239488
0.323472
0.321730
0.563622
0.334254
0.354856
0.248651
0.468035
0.352298
0.520107
0.278190
0.292674
0.163463
0.130585
0.183638
0.454759
0.226069
0.249665
0.524853
0.183930
0.351554
0.282460
0.204541
0.337804
0.194810
0.321752
0.208792
0.425698
0.385710
0.271686
0.180725
0.244217
0.178866
0.419882
0.211577
0.093499
0.156481
0.188699
0.230445
0.156015
0.179495
0.276137
0.222817
0.398745
0.281082
0.172278
0.310698
0.445917
0.365513
0.250398
0.486238
0.189940
0.228342
0.220122
0.190572
0.172166
0.241922
0.176464
0.188592
0.362124
0.196073
0.261487
0.276838
0.345550
0.544026
0.201270
0.343983
0.396060
0.432690
0.198288
0.263490
0.195494
0.212435
0.227185
0.205294
0.206654
0.220137
0.255142
0.184552
0.105333
0.149762
0.242762
0.295760
0.338778
0.206116
0.310805
0.458344
0.519204
0.228274
0.263175
0.217154
0.269250
0.192415
0.411610
0.225449
0.247473
0.188699
0.250292
0.249694
0.183413
0.363426
0.160337
0.145906