0.000000
0.000000
0.000013
0.000020
0.000000
0.000000
0.000078
0.000000
0.000072
0.003081
0.000019
0.000059
0.003159
0.010475
0.000250
0.000286
0.000009
0.000245
0.000738
0.001801
0.000013
0.000020
0.000273
0.000188
0.000065
0.002132
0.000005
0.000121
0.000329
0.001459
0.000021
0.000117
0.000000
0.000043
0.000199
0.000242
0.000084
0.000091
0.002218
0.000537
0.000046
0.001620
0.000038
0.000141
0.002967
0.006585
0.000416
0.000266
0.000875
0.014954
0.061021
0.094388
0.000618
0.001599
0.015343
0.007886
0.000059
0.001782
0.000390
0.000684
0.000327
0.001064
0.000174
0.000117
0.000002
0.000000
0.000825
0.000229
0.000105
0.000015
0.007727
0.000606
0.000815
0.006150
0.000352
0.000334
0.058854
0.041849
0.007786
0.001821
0.000100
0.000323
0.008504
0.004969
0.000110
0.000053
0.005533
0.000679
0.000102
0.002106
0.000411
0.000387
0.001155
0.001486
0.000619
0.000150
0.000000
0.000011
0.000492
0.000222
0.000045
0.000027
0.004834
0.000299
0.000046
0.000296
0.000092
0.000049
0.002374
0.001995
0.001122
0.000160
0.000123
0.000356
0.015377
0.007015
0.000177
0.000071
0.007005
0.000854
0.000023
0.000289
0.000334
0.000211
0.000197
0.000113
0.000306
0.000037
0.000000
0.000000
0.000000
0.000034
0.000000
0.000000
0.000032
0.000000
0.000021
0.002183
0.000017
0.000043
0.001076
0.007422
0.000092
0.000186
0.000000
0.000277
0.000363
0.001184
0.000000
0.000025
0.000036
0.000068
0.000009
0.001543
0.000013
0.000106
0.000112
0.001016
0.000000
0.000020
0.000000
0.000057
0.000193
0.000287
0.000075
0.000121
0.001891
0.000547
0.000049
0.001538
0.000021
0.000084
0.001492
0.005527
0.000335
0.000336
0.000439
0.013612
0.033405
0.079304
0.000254
0.001527
0.008807
0.006769
0.000037
0.001948
0.000214
0.000590
0.000182
0.000808
0.000094
0.000105
0.000004
0.000015
0.002004
0.000676
0.000180
0.000088
0.017121
0.001277
0.001488
0.014415
0.000830
0.000684
0.103358
0.089150
0.013669
0.003652
0.000072
0.000668
0.012551
0.009441
0.000183
0.000225
0.010834
0.001841
0.000162
0.003888
0.000685
0.000732
0.001049
0.002710
0.001043
0.000266
0.000000
0.000017
0.001289
0.000400
0.000133
0.000070
0.010768
0.000812
0.000060
0.000728
0.000170
0.000141
0.003351
0.003688
0.002276
0.000363
0.000223
0.000960
0.027939
0.014915
0.000321
0.000221
0.013941
0.002295
0.000053
0.000448
0.000683
0.000463
0.000188
0.000361
0.000610
0.000095