000000 0.161333
000001 0.130583
000010 0.002317
000011 0.014117
000100 0.005283
000101 0.014917
000110 0.000017
000111 0.001350
001000 0.045017
001001 0.029400
001010 0.000483
001011 0.008500
001100 0.002350
001101 0.012417
001110 0.000000
001111 0.002183
010000 0.005883
010001 0.000200
010010 0.003617
010011 0.004567
010100 0.000017
010101 0.000100
010110 0.000050
010111 0.000567
011000 0.015467
011001 0.001333
011010 0.015200
011011 0.016667
011100 0.000333
011101 0.000617
011110 0.000483
011111 0.004800
100000 0.004583
100001 0.000433
100010 0.000817
100011 0.000550
100100 0.015633
100101 0.016217
100110 0.001500
100111 0.014650
101000 0.000550
101001 0.000017
101010 0.000117
101011 0.000017
101100 0.004667
101101 0.003700
101110 0.000200
101111 0.006017
110000 0.002133
110001 0.000000
110010 0.012967
110011 0.002583
110100 0.008383
110101 0.000750
110110 0.029233
110111 0.044017
111000 0.001433
111001 0.000000
111010 0.014850
111011 0.005183
111100 0.014467
111101 0.002850
111110 0.128800
111111 0.161467
