000000 0.002017
000001 0.001717
000010 0.000733
000011 0.080650
000100 0.000167
000101 0.000117
000110 0.000083
000111 0.000267
001000 0.000133
001001 0.000300
001010 0.005117
001011 0.193100
001100 0.004117
001101 0.000150
001110 0.004917
001111 0.038933
010000 0.083483
010001 0.004283
010010 0.005300
010011 0.021183
010100 0.007117
010101 0.000133
010110 0.000250
010111 0.000117
011000 0.001100
011001 0.000200
011010 0.007017
011011 0.012917
011100 0.022017
011101 0.000083
011110 0.002083
011111 0.002083
100000 0.002117
100001 0.001717
100010 0.000133
100011 0.021650
100100 0.013483
100101 0.006800
100110 0.000300
100111 0.000950
101000 0.000083
101001 0.000167
101010 0.000067
101011 0.006950
101100 0.019717
101101 0.005050
101110 0.004367
101111 0.080550
110000 0.040950
110001 0.004350
110010 0.000300
110011 0.003317
110100 0.193083
110101 0.005417
110110 0.000417
110111 0.000067
111000 0.000150
111001 0.000150
111010 0.000150
111011 0.000167
111100 0.080117
111101 0.000433
111110 0.001633
111111 0.002250
