0.001708
0.001874
0.045965
0.031508
0.003159
0.002360
0.001320
0.000842
0.002365
0.001709
0.013728
0.006583
0.014345
0.006526
0.001479
0.000708
0.000704
0.000655
0.021994
0.010058
0.001166
0.000451
0.000640
0.000218
0.000675
0.000303
0.005592
0.001703
0.003658
0.001147
0.000527
0.000144
0.000133
0.000381
0.004858
0.011381
0.000206
0.000509
0.000200
0.000325
0.000767
0.001102
0.005453
0.007360
0.003806
0.003895
0.000480
0.000485
0.000936
0.002640
0.033897
0.121051
0.000681
0.002693
0.001079
0.002689
0.002339
0.005521
0.020197
0.045513
0.008336
0.014373
0.001550
0.002739
0.000115
0.000286
0.006597
0.009338
0.007201
0.007962
0.002860
0.002992
0.000405
0.000485
0.004827
0.005280
0.109577
0.063922
0.007368
0.005618
0.000011
0.000050
0.002551
0.002563
0.002244
0.001746
0.001034
0.000726
0.000098
0.000189
0.001579
0.001128
0.021664
0.009045
0.002017
0.000676
0.000000
0.000000
0.000453
0.002608
0.000180
0.001012
0.000151
0.000622
0.000106
0.000237
0.001596
0.004354
0.018214
0.023615
0.002130
0.003307
0.000015
0.000184
0.002584
0.015869
0.000873
0.003519
0.000939
0.004155
0.000269
0.000673
0.005915
0.022296
0.034257
0.056656
0.005239
0.012435