00000000 0.000913
00000001 0.004400
00000010 0.008337
00000011 0.014125
00000100 0.000063
00000101 0.000087
00000110 0.001750
00000111 0.000313
00001000 0.000313
00001001 0.021300
00001010 0.000612
00001011 0.043400
00001100 0.005537
00001101 0.006400
00001110 0.014613
00001111 0.016538
00010000 0.002312
00010001 0.003537
00010010 0.002737
00010011 0.001337
00010100 0.000075
00010101 0.000013
00010110 0.000550
00010111 0.000000
00011000 0.000112
00011001 0.000575
00011010 0.000000
00011011 0.000000
00011100 0.000325
00011101 0.000075
00011110 0.000000
00011111 0.000000
00100000 0.000000
00100001 0.002012
00100010 0.000438
00100011 0.010075
00100100 0.000025
00100101 0.000013
00100110 0.000287
00100111 0.000100
00101000 0.000000
00101001 0.010875
00101010 0.000000
00101011 0.008138
00101100 0.000338
00101101 0.006987
00101110 0.001187
00101111 0.012600
00110000 0.000112
00110001 0.007287
00110010 0.000338
00110011 0.003037
00110100 0.000013
00110101 0.000000
00110110 0.000013
00110111 0.000000
00111000 0.000025
00111001 0.000700
00111010 0.000000
00111011 0.000037
00111100 0.000100
00111101 0.000313
00111110 0.000000
00111111 0.000013
01000000 0.001300
01000001 0.005000
01000010 0.003462
01000011 0.007150
01000100 0.000287
01000101 0.000063
01000110 0.003575
01000111 0.000525
01001000 0.000287
01001001 0.030025
01001010 0.000425
01001011 0.026963
01001100 0.021788
01001101 0.045925
01001110 0.048238
01001111 0.038500
01010000 0.002475
01010001 0.002737
01010010 0.001288
01010011 0.000538
01010100 0.000362
01010101 0.000000
01010110 0.001150
01010111 0.000000
01011000 0.000087
01011001 0.000550
01011010 0.000000
01011011 0.000000
01011100 0.001112
01011101 0.000338
01011110 0.000000
01011111 0.000000
01100000 0.000000
01100001 0.000725
01100010 0.000112
01100011 0.002225
01100100 0.000037
01100101 0.000000
01100110 0.000287
01100111 0.000138
01101000 0.000000
01101001 0.004900
01101010 0.000000
01101011 0.001875
01101100 0.001288
01101101 0.018375
01101110 0.001788
01101111 0.007300
01110000 0.000087
01110001 0.001713
01110010 0.000075
01110011 0.000463
01110100 0.000200
01110101 0.000000
01110110 0.000063
01110111 0.000000
01111000 0.000000
01111001 0.000300
01111010 0.000000
01111011 0.000000
01111100 0.000212
01111101 0.000550
01111110 0.000000
01111111 0.000037
10000000 0.000000
10000001 0.000000
10000010 0.000362
10000011 0.000175
10000100 0.000000
10000101 0.000000
10000110 0.000425
10000111 0.000037
10001000 0.000000
10001001 0.000037
10001010 0.000000
10001011 0.000162
10001100 0.000438
10001101 0.000112
10001110 0.001525
10001111 0.000050
10010000 0.007225
10010001 0.001875
10010010 0.017925
10010011 0.001488
10010100 0.001687
10010101 0.000013
10010110 0.004350
10010111 0.000000
10011000 0.000162
10011001 0.000400
10011010 0.000013
10011011 0.000025
10011100 0.002225
10011101 0.000112
10011110 0.000612
10011111 0.000000
10100000 0.000000
10100001 0.000000
10100010 0.000450
10100011 0.001012
10100100 0.000000
10100101 0.000000
10100110 0.000387
10100111 0.000037
10101000 0.000025
10101001 0.001075
10101010 0.000000
10101011 0.000425
10101100 0.000538
10101101 0.001025
10101110 0.002563
10101111 0.002700
10110000 0.037500
10110001 0.047712
10110010 0.045850
10110011 0.022300
10110100 0.026800
10110101 0.000425
10110110 0.028862
10110111 0.000313
10111000 0.000513
10111001 0.003325
10111010 0.000075
10111011 0.000450
10111100 0.007425
10111101 0.003913
10111110 0.004387
10111111 0.000975
11000000 0.000000
11000001 0.000000
11000010 0.000325
11000011 0.000112
11000100 0.000013
11000101 0.000000
11000110 0.000725
11000111 0.000037
11001000 0.000000
11001001 0.000063
11001010 0.000000
11001011 0.000013
11001100 0.002425
11001101 0.000350
11001110 0.006888
11001111 0.000225
11010000 0.013425
11010001 0.001175
11010010 0.007600
11010011 0.000350
11010100 0.007950
11010101 0.000000
11010110 0.011100
11010111 0.000025
11011000 0.000100
11011001 0.000212
11011010 0.000013
11011011 0.000000
11011100 0.009425
11011101 0.000275
11011110 0.001937
11011111 0.000000
11100000 0.000000
11100001 0.000000
11100010 0.000138
11100011 0.000287
11100100 0.000013
11100101 0.000000
11100110 0.000400
11100111 0.000037
11101000 0.000000
11101001 0.000525
11101010 0.000000
11101011 0.000138
11101100 0.000988
11101101 0.002863
11101110 0.003900
11101111 0.002063
11110000 0.017188
11110001 0.014663
11110010 0.006038
11110011 0.005275
11110100 0.041775
11110101 0.000487
11110110 0.021063
11110111 0.000387
11111000 0.000262
11111001 0.001700
11111010 0.000013
11111011 0.000188
11111100 0.013875
11111101 0.008013
11111110 0.004262
11111111 0.001150
