00000000 0.000850
00000001 0.001175
00000010 0.000000
00000011 0.003850
00000100 0.000037
00000101 0.000000
00000110 0.000000
00000111 0.000000
00001000 0.008762
00001001 0.010925
00001010 0.000000
00001011 0.000350
00001100 0.000375
00001101 0.000000
00001110 0.000037
00001111 0.000000
00010000 0.000675
00010001 0.001988
00010010 0.000000
00010011 0.003638
00010100 0.000025
00010101 0.000000
00010110 0.000025
00010111 0.000000
00011000 0.001150
00011001 0.001038
00011010 0.000000
00011011 0.000025
00011100 0.000050
00011101 0.000000
00011110 0.000000
00011111 0.000000
00100000 0.014762
00100001 0.019887
00100010 0.000650
00100011 0.059812
00100100 0.001388
00100101 0.000000
00100110 0.005488
00100111 0.002950
00101000 0.111925
00101001 0.071362
00101010 0.000138
00101011 0.003100
00101100 0.009800
00101101 0.000100
00101110 0.001200
00101111 0.000063
00110000 0.007825
00110001 0.013487
00110010 0.000463
00110011 0.022600
00110100 0.002638
00110101 0.000013
00110110 0.006600
00110111 0.000862
00111000 0.011250
00111001 0.003063
00111010 0.000000
00111011 0.000087
00111100 0.002612
00111101 0.000000
00111110 0.000175
00111111 0.000000
01000000 0.000000
01000001 0.002050
01000010 0.000000
01000011 0.017313
01000100 0.000000
01000101 0.000000
01000110 0.000087
01000111 0.002237
01001000 0.000300
01001001 0.011638
01001010 0.000000
01001011 0.001288
01001100 0.000362
01001101 0.000013
01001110 0.000013
01001111 0.000162
01010000 0.000087
01010001 0.001625
01010010 0.000000
01010011 0.007188
01010100 0.000000
01010101 0.000013
01010110 0.000138
01010111 0.000500
01011000 0.000000
01011001 0.000375
01011010 0.000000
01011011 0.000000
01011100 0.000050
01011101 0.000000
01011110 0.000000
01011111 0.000000
01100000 0.000050
01100001 0.000838
01100010 0.000000
01100011 0.009850
01100100 0.000063
01100101 0.000000
01100110 0.002950
01100111 0.009638
01101000 0.000325
01101001 0.003375
01101010 0.000000
01101011 0.000725
01101100 0.001375
01101101 0.000013
01101110 0.000425
01101111 0.000200
01110000 0.000087
01110001 0.000200
01110010 0.000013
01110011 0.002775
01110100 0.000338
01110101 0.000000
01110110 0.003138
01110111 0.005938
01111000 0.000000
01111001 0.000000
01111010 0.000000
01111011 0.000000
01111100 0.000150
01111101 0.000000
01111110 0.000000
01111111 0.000013
10000000 0.000013
10000001 0.000025
10000010 0.000000
10000011 0.000138
10000100 0.000000
10000101 0.000000
10000110 0.000000
10000111 0.000000
10001000 0.005425
10001001 0.003100
10001010 0.000025
10001011 0.000400
10001100 0.002825
10001101 0.000000
10001110 0.000200
10001111 0.000063
10010000 0.000225
10010001 0.000300
10010010 0.000050
10010011 0.001475
10010100 0.000687
10010101 0.000000
10010110 0.003175
10010111 0.000338
10011000 0.010613
10011001 0.002500
10011010 0.000000
10011011 0.000225
10011100 0.009700
10011101 0.000000
10011110 0.001000
10011111 0.000000
10100000 0.000000
10100001 0.000000
10100010 0.000000
10100011 0.000000
10100100 0.000087
10100101 0.000000
10100110 0.000350
10100111 0.000025
10101000 0.000763
10101001 0.000087
10101010 0.000000
10101011 0.000050
10101100 0.006987
10101101 0.000000
10101110 0.001650
10101111 0.000100
10110000 0.000100
10110001 0.000037
10110010 0.000025
10110011 0.000287
10110100 0.001250
10110101 0.000000
10110110 0.011250
10110111 0.000287
10111000 0.002063
10111001 0.000100
10111010 0.000000
10111011 0.000000
10111100 0.017587
10111101 0.000013
10111110 0.002100
10111111 0.000013
11000000 0.000013
11000001 0.000075
11000010 0.000000
11000011 0.002250
11000100 0.000037
11000101 0.000000
11000110 0.003050
11000111 0.010800
11001000 0.000913
11001001 0.007150
11001010 0.000000
11001011 0.002713
11001100 0.023325
11001101 0.000513
11001110 0.014200
11001111 0.008250
11010000 0.000125
11010001 0.000875
11010010 0.000087
11010011 0.009675
11010100 0.003225
11010101 0.000200
11010110 0.071112
11010111 0.113300
11011000 0.003325
11011001 0.005862
11011010 0.000000
11011011 0.001437
11011100 0.059138
11011101 0.000562
11011110 0.020413
11011111 0.014212
11100000 0.000000
11100001 0.000000
11100010 0.000000
11100011 0.000050
11100100 0.000025
11100101 0.000000
11100110 0.000875
11100111 0.001175
11101000 0.000000
11101001 0.000013
11101010 0.000000
11101011 0.000075
11101100 0.003450
11101101 0.000037
11101110 0.002100
11101111 0.000750
11110000 0.000000
11110001 0.000025
11110010 0.000000
11110011 0.000262
11110100 0.000387
11110101 0.000000
11110110 0.011288
11110111 0.009463
11111000 0.000000
11111001 0.000025
11111010 0.000000
11111011 0.000000
11111100 0.003500
11111101 0.000000
11111110 0.001150
11111111 0.001038
