00000000 0.000212
00000001 0.001937
00000010 0.001138
00000011 0.003587
00000100 0.000138
00000101 0.001463
00000110 0.000050
00000111 0.000538
00001000 0.000313
00001001 0.000463
00001010 0.000162
00001011 0.000112
00001100 0.000975
00001101 0.000875
00001110 0.000000
00001111 0.000000
00010000 0.000013
00010001 0.000963
00010010 0.000087
00010011 0.006575
00010100 0.000000
00010101 0.000812
00010110 0.000037
00010111 0.002237
00011000 0.000013
00011001 0.000313
00011010 0.000000
00011011 0.000400
00011100 0.000013
00011101 0.000913
00011110 0.000000
00011111 0.000050
00100000 0.001238
00100001 0.000013
00100010 0.000100
00100011 0.000000
00100100 0.013338
00100101 0.000725
00100110 0.000087
00100111 0.000000
00101000 0.004588
00101001 0.000037
00101010 0.000013
00101011 0.000000
00101100 0.259837
00101101 0.002250
00101110 0.000000
00101111 0.000000
00110000 0.000162
00110001 0.000125
00110010 0.000063
00110011 0.000138
00110100 0.002112
00110101 0.002075
00110110 0.000037
00110111 0.000037
00111000 0.000087
00111001 0.000000
00111010 0.000050
00111011 0.000000
00111100 0.018500
00111101 0.007325
00111110 0.000000
00111111 0.000000
01000000 0.000000
01000001 0.000025
01000010 0.000575
01000011 0.000763
01000100 0.000000
01000101 0.000050
01000110 0.000000
01000111 0.000037
01001000 0.000212
01001001 0.000050
01001010 0.000112
01001011 0.000063
01001100 0.000037
01001101 0.000037
01001110 0.000000
01001111 0.000000
01010000 0.000000
01010001 0.000063
01010010 0.000000
01010011 0.002713
01010100 0.000000
01010101 0.000063
01010110 0.000000
01010111 0.000125
01011000 0.000000
01011001 0.000525
01011010 0.000000
01011011 0.000450
01011100 0.000000
01011101 0.000037
01011110 0.000000
01011111 0.000100
01100000 0.001613
01100001 0.000000
01100010 0.001225
01100011 0.000013
01100100 0.001650
01100101 0.000025
01100110 0.000075
01100111 0.000000
01101000 0.070163
01101001 0.000200
01101010 0.001038
01101011 0.000000
01101100 0.059850
01101101 0.000562
01101110 0.000162
01101111 0.000000
01110000 0.000025
01110001 0.000125
01110010 0.000162
01110011 0.000500
01110100 0.000262
01110101 0.000400
01110110 0.000037
01110111 0.000237
01111000 0.002162
01111001 0.000500
01111010 0.000387
01111011 0.000300
01111100 0.010250
01111101 0.003150
01111110 0.000200
01111111 0.000275
10000000 0.000375
10000001 0.000175
10000010 0.002625
10000011 0.010738
10000100 0.000425
10000101 0.000237
10000110 0.000375
10000111 0.002275
10001000 0.000275
10001001 0.000100
10001010 0.000487
10001011 0.000237
10001100 0.000687
10001101 0.000138
10001110 0.000225
10001111 0.000000
10010000 0.000000
10010001 0.000237
10010010 0.000425
10010011 0.060925
10010100 0.000013
10010101 0.000975
10010110 0.000200
10010111 0.071075
10011000 0.000000
10011001 0.000075
10011010 0.000063
10011011 0.001700
10011100 0.000025
10011101 0.000937
10011110 0.000000
10011111 0.001575
10100000 0.000050
10100001 0.000000
10100010 0.000037
10100011 0.000000
10100100 0.000438
10100101 0.000013
10100110 0.000325
10100111 0.000000
10101000 0.000162
10101001 0.000000
10101010 0.000000
10101011 0.000000
10101100 0.002638
10101101 0.000013
10101110 0.000100
10101111 0.000000
10110000 0.000013
10110001 0.000013
10110010 0.000037
10110011 0.000013
10110100 0.000025
10110101 0.000112
10110110 0.000175
10110111 0.000138
10111000 0.000013
10111001 0.000000
10111010 0.000025
10111011 0.000000
10111100 0.000575
10111101 0.000663
10111110 0.000050
10111111 0.000000
11000000 0.000000
11000001 0.000000
11000010 0.007938
11000011 0.018025
11000100 0.000000
11000101 0.000000
11000110 0.000000
11000111 0.000075
11001000 0.000037
11001001 0.000013
11001010 0.002312
11001011 0.002213
11001100 0.000050
11001101 0.000112
11001110 0.000287
11001111 0.000063
11010000 0.000000
11010001 0.000000
11010010 0.002012
11010011 0.257975
11010100 0.000000
11010101 0.000025
11010110 0.000013
11010111 0.004338
11011000 0.000013
11011001 0.000050
11011010 0.000625
11011011 0.012837
11011100 0.000000
11011101 0.000037
11011110 0.000013
11011111 0.001213
11100000 0.000013
11100001 0.000013
11100010 0.001100
11100011 0.000025
11100100 0.000475
11100101 0.000000
11100110 0.000287
11100111 0.000025
11101000 0.002125
11101001 0.000037
11101010 0.001063
11101011 0.000013
11101100 0.006962
11101101 0.000125
11101110 0.000862
11101111 0.000000
11110000 0.000000
11110001 0.000000
11110010 0.000788
11110011 0.000675
11110100 0.000063
11110101 0.000063
11110110 0.000562
11110111 0.000325
11111000 0.000650
11111001 0.000013
11111010 0.001300
11111011 0.000150
11111100 0.003600
11111101 0.001162
11111110 0.002087
11111111 0.000287
