0.000423
0.000217
0.000749
0.001155
0.001162
0.000521
0.001404
0.001198
0.001272
0.001552
0.000941
0.004530
0.003419
0.004374
0.001873
0.005980
0.000022
0.000026
0.000102
0.000323
0.000049
0.000032
0.000100
0.000418
0.000187
0.000612
0.000184
0.003083
0.000616
0.001766
0.000351
0.003385
0.000135
0.000053
0.000253
0.000348
0.000433
0.000153
0.000212
0.000255
0.000328
0.000341
0.000224
0.001147
0.000739
0.001010
0.000398
0.001249
0.000018
0.000000
0.000023
0.000050
0.000000
0.000000
0.000007
0.000032
0.000030
0.000087
0.000018
0.000779
0.000156
0.000352
0.000104
0.000991
0.000042
0.000040
0.000164
0.000817
0.000254
0.000146
0.000219
0.000867
0.000141
0.000427
0.000110
0.003498
0.000370
0.001380
0.000276
0.004113
0.000040
0.000070
0.000371
0.011618
0.000084
0.000257
0.000353
0.007298
0.000105
0.000965
0.000315
0.072640
0.000214
0.003196
0.000434
0.052377
0.000001
0.000045
0.000052
0.000879
0.000093
0.000189
0.000125
0.000777
0.000049
0.000120
0.000061
0.001857
0.000259
0.000775
0.000160
0.002110
0.000046
0.000206
0.000573
0.025582
0.000139
0.000457
0.000582
0.016363
0.000071
0.001285
0.000300
0.105003
0.000188
0.003149
0.000451
0.073079
0.030971
0.001369
0.007435
0.003126
0.103437
0.004675
0.012749
0.003698
0.005555
0.001771
0.001551
0.003538
0.016273
0.005635
0.002493
0.004417
0.000798
0.000107
0.000755
0.000701
0.002378
0.000682
0.000824
0.001097
0.000858
0.000845
0.000616
0.003892
0.002608
0.002275
0.000835
0.004335
0.032180
0.001716
0.007610
0.002446
0.103550
0.004963
0.011865
0.003071
0.005090
0.001672
0.001186
0.003037
0.014872
0.004658
0.002290
0.003610
0.000952
0.000170
0.000855
0.001052
0.002594
0.000625
0.001151
0.001261
0.000819
0.000687
0.000419
0.003367
0.002599
0.002292
0.000681
0.004457
0.000217
0.000128
0.000158
0.000463
0.000674
0.000160
0.000207
0.000463
0.000136
0.000099
0.000045
0.000610
0.000299
0.000351
0.000044
0.000719
0.000104
0.000078
0.000265
0.001424
0.000200
0.000245
0.000218
0.001168
0.000079
0.000196
0.000075
0.002455
0.000214
0.000364
0.000120
0.002254
0.000434
0.000171
0.000585
0.001222
0.001693
0.000555
0.000475
0.000983
0.000098
0.000244
0.000117
0.001060
0.000513
0.000792
0.000147
0.001371
0.000204
0.000265
0.001374
0.013246
0.001002
0.000904
0.001525
0.010831
0.000200
0.000618
0.000544
0.018156
0.000630
0.001586
0.000640
0.013310