0.000952
0.000330
0.002599
0.000804
0.000666
0.000090
0.014643
0.002749
0.013261
0.000244
0.002758
0.000132
0.001741
0.000022
0.005825
0.000232
0.000084
0.000084
0.000226
0.000387
0.000386
0.000248
0.010877
0.010773
0.001959
0.000107
0.000762
0.000058
0.002031
0.000015
0.006741
0.000728
0.001308
0.007753
0.003430
0.021027
0.000967
0.005437
0.030925
0.166415
0.009894
0.007820
0.002983
0.004320
0.002846
0.001473
0.012212
0.014817
0.000033
0.000320
0.000160
0.001815
0.000248
0.002437
0.007945
0.084399
0.000577
0.000671
0.000220
0.000480
0.001207
0.001694
0.005671
0.017364
0.001025
0.001055
0.000728
0.000476
0.000104
0.000041
0.000845
0.000204
0.082264
0.002029
0.002877
0.000109
0.001903
0.000047
0.001320
0.000100
0.004329
0.030652
0.000770
0.003616
0.002456
0.013613
0.008184
0.030056
0.085930
0.051657
0.001868
0.001618
0.011571
0.007399
0.012541
0.008926
0.000633
0.003596
0.000787
0.003797
0.000082
0.000518
0.001019
0.006068
0.019410
0.008780
0.001165
0.001979
0.001094
0.000385
0.001512
0.001224
0.000108
0.003592
0.000083
0.001179
0.000188
0.003906
0.002529
0.027968
0.003448
0.008403
0.000281
0.001065
0.001921
0.004116
0.003493
0.013973