0.000295
0.005145
0.000926
0.002983
0.002378
0.005458
0.016554
0.014640
0.000567
0.014216
0.000258
0.001676
0.001711
0.007866
0.003548
0.007241
0.000102
0.001058
0.005480
0.007415
0.000383
0.000416
0.023868
0.011065
0.000623
0.005755
0.009402
0.015884
0.000608
0.001954
0.019633
0.018922
0.002111
0.012133
0.003274
0.006997
0.005200
0.009189
0.026943
0.024087
0.002667
0.066673
0.000532
0.004087
0.002168
0.013291
0.003138
0.009864
0.000129
0.001246
0.003665
0.006169
0.000368
0.000445
0.011091
0.008385
0.000714
0.010597
0.002306
0.008796
0.000375
0.001493
0.004918
0.011616
0.002484
0.009101
0.002416
0.002545
0.008899
0.005998
0.022366
0.006955
0.001854
0.012877
0.000289
0.000718
0.002631
0.004967
0.002633
0.003150
0.005209
0.006354
0.020563
0.009617
0.006650
0.002322
0.062077
0.011762
0.007260
0.016751
0.012561
0.012774
0.004376
0.004670
0.025147
0.015377
0.004139
0.018310
0.004128
0.003864
0.007112
0.005792
0.017174
0.008042
0.002332
0.035453
0.000275
0.001147
0.001734
0.005801
0.001151
0.002581
0.002481
0.006158
0.007890
0.006156
0.002076
0.001414
0.017384
0.006514
0.002411
0.020794
0.002157
0.006214
0.000986
0.002389
0.003797
0.006098