0000000 0.000314
0000001 0.002271
0000010 0.000686
0000011 0.000429
0000100 0.000200
0000101 0.001443
0000110 0.000443
0000111 0.000371
0001000 0.014743
0001001 0.006657
0001010 0.001243
0001011 0.000029
0001100 0.025400
0001101 0.005757
0001110 0.002971
0001111 0.000071
0010000 0.000400
0010001 0.005414
0010010 0.000371
0010011 0.000729
0010100 0.000243
0010101 0.003143
0010110 0.000371
0010111 0.000586
0011000 0.029314
0011001 0.020757
0011010 0.000714
0011011 0.000000
0011100 0.043814
0011101 0.024500
0011110 0.002757
0011111 0.000314
0100000 0.000329
0100001 0.003486
0100010 0.002557
0100011 0.003929
0100100 0.000000
0100101 0.000000
0100110 0.000000
0100111 0.000000
0101000 0.093229
0101001 0.068043
0101010 0.018657
0101011 0.000957
0101100 0.018086
0101101 0.005043
0101110 0.002114
0101111 0.000029
0110000 0.000129
0110001 0.002157
0110010 0.000443
0110011 0.001243
0110100 0.000000
0110101 0.000057
0110110 0.000000
0110111 0.000000
0111000 0.045443
0111001 0.021143
0111010 0.004886
0111011 0.000186
0111100 0.009986
0111101 0.003300
0111110 0.000986
0111111 0.000114
1000000 0.000014
1000001 0.000914
1000010 0.003643
1000011 0.009300
1000100 0.000257
1000101 0.004771
1000110 0.020400
1000111 0.044371
1001000 0.000014
1001001 0.000029
1001010 0.000000
1001011 0.000000
1001100 0.001214
1001101 0.000700
1001110 0.001929
1001111 0.000186
1010000 0.000043
1010001 0.002186
1010010 0.005014
1010011 0.017043
1010100 0.001043
1010101 0.017514
1010110 0.068171
1010111 0.091300
1011000 0.000000
1011001 0.000000
1011010 0.000000
1011011 0.000000
1011100 0.004586
1011101 0.002029
1011110 0.003457
1011111 0.000371
1100000 0.000286
1100001 0.002514
1100010 0.023357
1100011 0.043000
1100100 0.000100
1100101 0.000643
1100110 0.020743
1100111 0.029443
1101000 0.000457
1101001 0.000271
1101010 0.003100
1101011 0.000214
1101100 0.000943
1101101 0.000471
1101110 0.006029
1101111 0.000400
1110000 0.000086
1110001 0.003200
1110010 0.005343
1110011 0.024786
1110100 0.000014
1110101 0.001057
1110110 0.006743
1110111 0.014271
1111000 0.000357
1111001 0.000443
1111010 0.001729
1111011 0.000300
1111100 0.000514
1111101 0.000871
1111110 0.002800
1111111 0.000300
