00000000 0.000000
00000001 0.000000
00000010 0.000000
00000011 0.000000
00000100 0.002575
00000101 0.000013
00000110 0.000713
00000111 0.000013
00001000 0.000000
00001001 0.000013
00001010 0.000000
00001011 0.000000
00001100 0.000025
00001101 0.000000
00001110 0.000000
00001111 0.000000
00010000 0.000000
00010001 0.000050
00010010 0.000000
00010011 0.000000
00010100 0.072512
00010101 0.045075
00010110 0.020475
00010111 0.015925
00011000 0.001988
00011001 0.003100
00011010 0.000138
00011011 0.000275
00011100 0.044187
00011101 0.023375
00011110 0.013225
00011111 0.013987
00100000 0.004325
00100001 0.003950
00100010 0.000463
00100011 0.000550
00100100 0.000275
00100101 0.000025
00100110 0.000313
00100111 0.000037
00101000 0.000925
00101001 0.002737
00101010 0.000100
00101011 0.000200
00101100 0.000000
00101101 0.000000
00101110 0.000013
00101111 0.000000
00110000 0.002350
00110001 0.003312
00110010 0.000225
00110011 0.000412
00110100 0.000562
00110101 0.000487
00110110 0.000525
00110111 0.000687
00111000 0.008825
00111001 0.027713
00111010 0.000963
00111011 0.002950
00111100 0.000188
00111101 0.000087
00111110 0.000287
00111111 0.000112
01000000 0.000025
01000001 0.000000
01000010 0.000013
01000011 0.000000
01000100 0.001150
01000101 0.000013
01000110 0.014063
01000111 0.000025
01001000 0.000000
01001001 0.000000
01001010 0.000000
01001011 0.000000
01001100 0.000050
01001101 0.000000
01001110 0.001400
01001111 0.000112
01010000 0.000000
01010001 0.000000
01010010 0.000000
01010011 0.000000
01010100 0.002638
01010101 0.000037
01010110 0.024100
01010111 0.000100
01011000 0.000063
01011001 0.000063
01011010 0.000162
01011011 0.000162
01011100 0.002138
01011101 0.000100
01011110 0.019100
01011111 0.001325
01100000 0.007912
01100001 0.000250
01100010 0.018575
01100011 0.001900
01100100 0.001025
01100101 0.000025
01100110 0.010512
01100111 0.000188
01101000 0.017675
01101001 0.004888
01101010 0.024050
01101011 0.006962
01101100 0.000075
01101101 0.000000
01101110 0.000313
01101111 0.000000
01110000 0.000150
01110001 0.000050
01110010 0.000500
01110011 0.000200
01110100 0.000650
01110101 0.000000
01110110 0.004038
01110111 0.000125
01111000 0.000387
01111001 0.001050
01111010 0.001450
01111011 0.004875
01111100 0.000262
01111101 0.000000
01111110 0.000663
01111111 0.000063
10000000 0.000050
10000001 0.001012
10000010 0.000013
10000011 0.000212
10000100 0.004738
10000101 0.001375
10000110 0.001087
10000111 0.000625
10001000 0.000063
10001001 0.003675
10001010 0.000000
10001011 0.000600
10001100 0.000200
10001101 0.000700
10001110 0.000013
10001111 0.000188
10010000 0.000000
10010001 0.000250
10010010 0.000000
10010011 0.000063
10010100 0.006075
10010101 0.024288
10010110 0.004562
10010111 0.018337
10011000 0.000300
10011001 0.010000
10011010 0.000050
10011011 0.001138
10011100 0.001950
10011101 0.018775
10011110 0.000387
10011111 0.007825
10100000 0.001012
10100001 0.019350
10100010 0.000162
10100011 0.002825
10100100 0.000100
10100101 0.000162
10100110 0.000075
10100111 0.000037
10101000 0.000125
10101001 0.023387
10101010 0.000000
10101011 0.002775
10101100 0.000000
10101101 0.000013
10101110 0.000000
10101111 0.000000
10110000 0.000075
10110001 0.001313
10110010 0.000000
10110011 0.000037
10110100 0.000000
10110101 0.000025
10110110 0.000000
10110111 0.000013
10111000 0.000063
10111001 0.014450
10111010 0.000000
10111011 0.001162
10111100 0.000000
10111101 0.000013
10111110 0.000013
10111111 0.000000
11000000 0.000150
11000001 0.000188
11000010 0.000125
11000011 0.000275
11000100 0.002625
11000101 0.000838
11000110 0.026838
11000111 0.009312
11001000 0.000588
11001001 0.000713
11001010 0.000287
11001011 0.000725
11001100 0.000338
11001101 0.000325
11001110 0.003338
11001111 0.002450
11010000 0.000000
11010001 0.000013
11010010 0.000000
11010011 0.000000
11010100 0.000212
11010101 0.000125
11010110 0.001975
11010111 0.000925
11011000 0.000000
11011001 0.000237
11011010 0.000013
11011011 0.000175
11011100 0.000450
11011101 0.000687
11011110 0.003938
11011111 0.005100
11100000 0.013838
11100001 0.013225
11100010 0.025087
11100011 0.042850
11100100 0.000513
11100101 0.000125
11100110 0.003100
11100111 0.001975
11101000 0.015112
11101001 0.021788
11101010 0.046488
11101011 0.073900
11101100 0.000000
11101101 0.000000
11101110 0.000025
11101111 0.000000
11110000 0.000000
11110001 0.000013
11110010 0.000000
11110011 0.000025
11110100 0.000000
11110101 0.000000
11110110 0.000000
11110111 0.000000
11111000 0.000000
11111001 0.001100
11111010 0.000000
11111011 0.002488
11111100 0.000000
11111101 0.000000
11111110 0.000000
11111111 0.000000
