0.192077
0.037636
0.015991
0.008733
0.003703
0.001161
0.000745
0.000692
0.018260
0.033733
0.023954
0.080567
0.002648
0.006379
0.005879
0.023455
0.045156
0.009392
0.004035
0.002383
0.001555
0.000441
0.000636
0.000866
0.004565
0.008346
0.006109
0.020834
0.001241
0.003305
0.003433
0.014323
0.040710
0.007441
0.003478
0.001635
0.006178
0.001585
0.003113
0.002434
0.002175
0.003564
0.003216
0.008723
0.001002
0.002244
0.003890
0.013739
0.009599
0.001964
0.000908
0.000381
0.017119
0.004018
0.042733
0.032158
0.000775
0.001041
0.000925
0.002552
0.001409
0.001758
0.038087
0.157213