0.000035
0.000035
0.022079
0.002945
0.000167
0.001662
0.008560
0.140925
0.000881
0.000027
0.016029
0.000488
0.004263
0.005615
0.014412
0.037198
0.000565
0.000034
0.000536
0.000095
0.000267
0.008186
0.000316
0.005190
0.028277
0.000676
0.002212
0.000085
0.030263
0.071038
0.002403
0.006295
0.000389
0.000063
0.108291
0.026359
0.000084
0.000563
0.006916
0.040209
0.001563
0.000098
0.022913
0.002063
0.000865
0.000669
0.003522
0.004526
0.024700
0.006872
0.016888
0.005615
0.001101
0.014785
0.000647
0.007079
0.203508
0.012003
0.016837
0.001605
0.022876
0.030194
0.001662
0.002778