0.000871
0.000736
0.000656
0.000453
0.000679
0.000677
0.003855
0.003484
0.001300
0.000975
0.000772
0.000442
0.000221
0.000128
0.001698
0.000673
0.000052
0.000307
0.000001
0.000043
0.000014
0.000183
0.000088
0.000275
0.000862
0.001915
0.000380
0.000828
0.000063
0.000256
0.000137
0.000397
0.002334
0.000502
0.001786
0.000329
0.011739
0.001656
0.018593
0.003038
0.002298
0.000139
0.001841
0.000187
0.003240
0.000238
0.005514
0.000546
0.001982
0.006845
0.000626
0.001510
0.009085
0.028981
0.006151
0.015000
0.013370
0.020128
0.006032
0.007539
0.008641
0.018497
0.008276
0.013771
0.004123
0.005110
0.002480
0.002128
0.003539
0.003622
0.016162
0.015097
0.008215
0.005411
0.005684
0.002974
0.001035
0.000481
0.007437
0.003957
0.000042
0.001035
0.000025
0.000145
0.000099
0.000879
0.000140
0.000970
0.004744
0.009482
0.001639
0.002523
0.000187
0.000889
0.000792
0.001843
0.001507
0.000364
0.001506
0.000379
0.004415
0.001093
0.013048
0.003097
0.001400
0.000429
0.001509
0.000306
0.001208
0.000099
0.004055
0.000521
0.000665
0.003054
0.000236
0.000322
0.001945
0.008415
0.001474
0.003884
0.007651
0.012305
0.003760
0.005273
0.002283
0.005902
0.002956
0.006021
0.001301
0.002032
0.000925
0.001190
0.001180
0.002128
0.006501
0.008201
0.003187
0.002825
0.001785
0.001449
0.000455
0.000281
0.002619
0.001999
0.000066
0.000663
0.000010
0.000149
0.000043
0.000569
0.000068
0.000403
0.001667
0.005173
0.000627
0.001404
0.000105
0.000418
0.000253
0.001146
0.000979
0.000522
0.000900
0.000448
0.004187
0.001257
0.007912
0.003515
0.001178
0.000368
0.000789
0.000432
0.001001
0.000353
0.002577
0.000673
0.000806
0.004926
0.000198
0.000818
0.003551
0.017408
0.002411
0.008219
0.007172
0.019728
0.003865
0.008092
0.003662
0.011543
0.003951
0.010525
0.008043
0.013453
0.004289
0.005754
0.005490
0.010452
0.027708
0.040117
0.016983
0.017173
0.009558
0.008330
0.001966
0.001664
0.013715
0.010417
0.000227
0.002603
0.000072
0.000413
0.000262
0.002213
0.000204
0.002027
0.008445
0.024733
0.002936
0.007443
0.000627
0.002753
0.001247
0.004860
0.000729
0.000428
0.001131
0.000599
0.002383
0.001790
0.008687
0.005890
0.000889
0.000643
0.001033
0.000533
0.000802
0.000207
0.002974
0.001093
0.000617
0.003189
0.000053
0.000818
0.001169
0.007958
0.000980
0.004127
0.006068
0.017608
0.003743
0.007546
0.001509
0.006624
0.002216
0.007198