0.000547
0.002515
0.009094
0.033184
0.007684
0.005144
0.039653
0.025859
0.002324
0.008480
0.003651
0.011890
0.027844
0.015742
0.017201
0.011415
0.000589
0.002137
0.003228
0.011034
0.001680
0.001362
0.001673
0.001763
0.002592
0.007524
0.001757
0.004550
0.007143
0.006228
0.001319
0.001223
0.001164
0.001492
0.018825
0.023522
0.002724
0.000749
0.017763
0.007368
0.004034
0.004825
0.006961
0.008204
0.008582
0.003079
0.007633
0.002820
0.000934
0.001073
0.005775
0.007590
0.000834
0.000422
0.001052
0.000753
0.003311
0.003763
0.002707
0.003263
0.003171
0.002010
0.000806
0.000508
0.000157
0.000410
0.000628
0.002048
0.000611
0.000226
0.002251
0.001455
0.000596
0.001708
0.000382
0.001226
0.002039
0.001105
0.001421
0.000854
0.002117
0.005288
0.004090
0.013336
0.005082
0.004635
0.003963
0.003978
0.008252
0.019915
0.002846
0.008811
0.019860
0.018341
0.003815
0.003764
0.002064
0.002141
0.008411
0.008967
0.001402
0.000426
0.004658
0.001896
0.006720
0.006951
0.004540
0.005095
0.004898
0.001964
0.002913
0.001215
0.012737
0.013923
0.027818
0.031326
0.012707
0.005723
0.010795
0.005411
0.050777
0.051477
0.021016
0.022227
0.050502
0.023209
0.010363
0.004775