0.001836
0.009012
0.013760
0.016798
0.000057
0.000174
0.001623
0.001419
0.001780
0.061637
0.004281
0.020729
0.001235
0.006566
0.005854
0.013313
0.001149
0.003991
0.000728
0.001348
0.000026
0.000042
0.000118
0.000108
0.000124
0.003618
0.000092
0.000401
0.000040
0.000285
0.000047
0.000133
0.000436
0.002755
0.009939
0.011683
0.000007
0.000014
0.001099
0.001182
0.001719
0.029329
0.005922
0.016725
0.001032
0.003651
0.007187
0.012185
0.001390
0.003688
0.002250
0.002528
0.000099
0.000071
0.000333
0.000215
0.000391
0.004704
0.000236
0.000921
0.000176
0.000704
0.000134
0.000612
0.000808
0.004524
0.007177
0.007835
0.000224
0.000164
0.002262
0.001064
0.000942
0.030927
0.002248
0.010524
0.012051
0.013082
0.045241
0.020508
0.000588
0.001776
0.000448
0.000560
0.000130
0.000052
0.000152
0.000151
0.000111
0.001596
0.000040
0.000219
0.000388
0.000614
0.000190
0.000314
0.000091
0.000499
0.002498
0.002574
0.000010
0.000021
0.000579
0.000443
0.000416
0.008144
0.001220
0.004467
0.002796
0.004341
0.011594
0.009036
0.000266
0.001050
0.000419
0.000538
0.000041
0.000029
0.000176
0.000118
0.000071
0.001200
0.000052
0.000206
0.000233
0.000601
0.000293
0.000296
0.000047
0.000168
0.000657
0.000592
0.000001
0.000003
0.000263
0.000136
0.000096
0.001365
0.000098
0.000333
0.000312
0.000389
0.000608
0.000388
0.008031
0.005146
0.004656
0.001212
0.002128
0.000331
0.004411
0.000589
0.000361
0.000855
0.000065
0.000131
0.000981
0.000444
0.000340
0.000155
0.000037
0.000100
0.001143
0.000653
0.000001
0.000013
0.000411
0.000152
0.000206
0.001567
0.000648
0.000888
0.000464
0.000564
0.002016
0.001018
0.048305
0.033033
0.051229
0.011479
0.011298
0.002753
0.050188
0.008334
0.003814
0.006615
0.000903
0.000868
0.009909
0.004691
0.005591
0.001867
0.000020
0.000091
0.000272
0.000259
0.000021
0.000008
0.000414
0.000101
0.000044
0.000788
0.000071
0.000132
0.003317
0.001279
0.006962
0.000750
0.003348
0.002133
0.002140
0.000475
0.007743
0.000358
0.011811
0.000575
0.000173
0.000605
0.000011
0.000032
0.008443
0.001120
0.003145
0.000195
0.000002
0.000057
0.000248
0.000113
0.000026
0.000002
0.000256
0.000050
0.000041
0.000250
0.000087
0.000230
0.001406
0.000859
0.004988
0.000795
0.008901
0.006454
0.009050
0.002440
0.014232
0.001559
0.034693
0.003092
0.000642
0.001144
0.000140
0.000198
0.022550
0.004583
0.010245
0.000909