0.003692
0.016557
0.002430
0.000238
0.015334
0.036318
0.017287
0.003177
0.001181
0.001862
0.002348
0.000210
0.004765
0.006955
0.017487
0.002394
0.002618
0.004128
0.008220
0.000293
0.017876
0.019705
0.075941
0.008122
0.000838
0.000245
0.013534
0.000122
0.005692
0.003479
0.156040
0.007428
0.002882
0.096960
0.004474
0.006088
0.001340
0.012877
0.002461
0.004406
0.004825
0.107374
0.020858
0.022946
0.002012
0.015853
0.008528
0.016446
0.001923
0.023482
0.008873
0.006274
0.001083
0.005864
0.005797
0.005390
0.001829
0.020246
0.054386
0.022025
0.001167
0.004943
0.027491
0.022379