0.000349
0.009806
0.000045
0.000588
0.000305
0.000392
0.000296
0.000404
0.000357
0.006046
0.000041
0.000644
0.000202
0.000152
0.000510
0.000373
0.022101
0.063583
0.000260
0.002352
0.004080
0.001448
0.000723
0.000708
0.025147
0.059424
0.001141
0.003940
0.005663
0.002068
0.001867
0.000935
0.000243
0.004294
0.000115
0.001734
0.000958
0.000332
0.009098
0.006163
0.000724
0.009098
0.000627
0.005676
0.002689
0.000652
0.045083
0.022973
0.004291
0.008857
0.000860
0.002812
0.002426
0.000351
0.003596
0.001645
0.015597
0.024610
0.003105
0.009230
0.011442
0.001592
0.020233
0.007679
0.000595
0.005023
0.000330
0.001928
0.001639
0.001220
0.010965
0.008198
0.000102
0.001079
0.000093
0.001609
0.000619
0.000504
0.006346
0.005178
0.031519
0.034653
0.002193
0.006025
0.014221
0.005948
0.008913
0.006535
0.007216
0.011606
0.001015
0.003450
0.005013
0.003102
0.005541
0.004880
0.000209
0.001318
0.000405
0.002327
0.001903
0.000481
0.058790
0.025869
0.000161
0.000966
0.000375
0.003250
0.001990
0.000445
0.116140
0.052493
0.002700
0.003189
0.000879
0.002517
0.003649
0.000737
0.014691
0.006120
0.002752
0.003123
0.001294
0.004061
0.004203
0.000963
0.028132
0.011875