000000 0.000433
000001 0.000000
000010 0.000083
000011 0.000000
000100 0.119767
000101 0.000050
000110 0.003467
000111 0.000100
001000 0.000817
001001 0.002400
001010 0.000183
001011 0.004383
001100 0.017883
001101 0.002333
001110 0.006500
001111 0.002833
010000 0.000983
010001 0.000067
010010 0.001800
010011 0.000000
010100 0.009583
010101 0.000050
010110 0.016650
010111 0.000000
011000 0.001750
011001 0.002833
011010 0.015567
011011 0.220017
011100 0.006100
011101 0.000167
011110 0.061250
011111 0.002400
100000 0.002300
100001 0.058533
100010 0.000150
100011 0.005667
100100 0.220417
100101 0.016417
100110 0.002900
100111 0.002017
101000 0.000000
101001 0.017700
101010 0.000017
101011 0.008583
101100 0.000000
101101 0.001733
101110 0.000133
101111 0.001050
110000 0.003000
110001 0.006267
110010 0.002367
110011 0.017300
110100 0.003717
110101 0.000133
110110 0.002283
110111 0.000733
111000 0.000050
111001 0.003900
111010 0.000033
111011 0.120833
111100 0.000000
111101 0.000000
111110 0.000017
111111 0.000283
