00000000 0.000025
00000001 0.000000
00000010 0.000075
00000011 0.000000
00000100 0.024088
00000101 0.093750
00000110 0.000513
00000111 0.013600
00001000 0.000013
00001001 0.000025
00001010 0.000000
00001011 0.000000
00001100 0.001662
00001101 0.018587
00001110 0.000000
00001111 0.000162
00010000 0.000000
00010001 0.000000
00010010 0.001213
00010011 0.000300
00010100 0.003913
00010101 0.014925
00010110 0.000387
00010111 0.006513
00011000 0.001125
00011001 0.000862
00011010 0.002563
00011011 0.002875
00011100 0.018475
00011101 0.089038
00011110 0.000325
00011111 0.012963
00100000 0.000000
00100001 0.000000
00100010 0.000562
00100011 0.001087
00100100 0.000013
00100101 0.002025
00100110 0.000325
00100111 0.020500
00101000 0.000000
00101001 0.000000
00101010 0.000000
00101011 0.000125
00101100 0.000000
00101101 0.000612
00101110 0.000000
00101111 0.000100
00110000 0.000000
00110001 0.000000
00110010 0.001625
00110011 0.005712
00110100 0.000000
00110101 0.000063
00110110 0.000150
00110111 0.006050
00111000 0.000000
00111001 0.000300
00111010 0.002512
00111011 0.015163
00111100 0.000000
00111101 0.000500
00111110 0.000000
00111111 0.004038
01000000 0.003875
01000001 0.000112
01000010 0.003450
01000011 0.000000
01000100 0.051838
01000101 0.017800
01000110 0.000400
01000111 0.000212
01001000 0.000175
01001001 0.000013
01001010 0.000100
01001011 0.000000
01001100 0.001012
01001101 0.004562
01001110 0.000000
01001111 0.000000
01010000 0.000150
01010001 0.000000
01010010 0.002938
01010011 0.000000
01010100 0.005237
01010101 0.000463
01010110 0.000037
01010111 0.000063
01011000 0.001262
01011001 0.000200
01011010 0.002788
01011011 0.000087
01011100 0.007575
01011101 0.013550
01011110 0.000000
01011111 0.000188
01100000 0.000075
01100001 0.000175
01100010 0.005050
01100011 0.001162
01100100 0.000138
01100101 0.000188
01100110 0.000287
01100111 0.000812
01101000 0.000000
01101001 0.000000
01101010 0.000000
01101011 0.000013
01101100 0.000000
01101101 0.000000
01101110 0.000000
01101111 0.000000
01110000 0.000000
01110001 0.000000
01110010 0.001788
01110011 0.000438
01110100 0.000000
01110101 0.000000
01110110 0.000013
01110111 0.000063
01111000 0.000000
01111001 0.000025
01111010 0.000387
01111011 0.000675
01111100 0.000000
01111101 0.000013
01111110 0.000000
01111111 0.000025
10000000 0.000025
10000001 0.000000
10000010 0.000000
10000011 0.000000
10000100 0.000538
10000101 0.000362
10000110 0.000025
10000111 0.000000
10001000 0.000100
10001001 0.000013
10001010 0.000000
10001011 0.000000
10001100 0.000612
10001101 0.001800
10001110 0.000000
10001111 0.000000
10010000 0.000000
10010001 0.000000
10010010 0.000000
10010011 0.000000
10010100 0.000037
10010101 0.000000
10010110 0.000000
10010111 0.000000
10011000 0.000612
10011001 0.000350
10011010 0.000188
10011011 0.000125
10011100 0.001350
10011101 0.005012
10011110 0.000275
10011111 0.000087
10100000 0.000138
10100001 0.000025
10100010 0.012563
10100011 0.007513
10100100 0.000037
10100101 0.002850
10100110 0.000275
10100111 0.001300
10101000 0.000037
10101001 0.000025
10101010 0.000438
10101011 0.004575
10101100 0.000000
10101101 0.002825
10101110 0.000000
10101111 0.000050
10110000 0.000000
10110001 0.000000
10110010 0.004038
10110011 0.001050
10110100 0.000000
10110101 0.000075
10110110 0.000037
10110111 0.000138
10111000 0.000175
10111001 0.000588
10111010 0.018800
10111011 0.051487
10111100 0.000000
10111101 0.003413
10111110 0.000138
10111111 0.004262
11000000 0.003537
11000001 0.000087
11000010 0.000450
11000011 0.000000
11000100 0.014850
11000101 0.002488
11000110 0.000138
11000111 0.000000
11001000 0.005325
11001001 0.000050
11001010 0.000025
11001011 0.000000
11001100 0.005913
11001101 0.001575
11001110 0.000000
11001111 0.000000
11010000 0.000037
11010001 0.000000
11010010 0.000675
11010011 0.000000
11010100 0.000050
11010101 0.000013
11010110 0.000000
11010111 0.000000
11011000 0.019863
11011001 0.000175
11011010 0.001888
11011011 0.000013
11011100 0.000825
11011101 0.000687
11011110 0.000013
11011111 0.000000
11100000 0.012762
11100001 0.000262
11100010 0.090500
11100011 0.018113
11100100 0.003037
11100101 0.002512
11100110 0.001063
11100111 0.001075
11101000 0.007463
11101001 0.000463
11101010 0.012850
11101011 0.004012
11101100 0.000387
11101101 0.001325
11101110 0.000000
11101111 0.000000
11110000 0.000175
11110001 0.000000
11110010 0.019600
11110011 0.001525
11110100 0.000000
11110101 0.000000
11110110 0.000000
11110111 0.000000
11111000 0.013900
11111001 0.000687
11111010 0.094500
11111011 0.025362
11111100 0.000025
11111101 0.000087
11111110 0.000000
11111111 0.000013
