0.000861
0.001399
0.003743
0.009850
0.000888
0.000404
0.000860
0.000884
0.003963
0.000875
0.029504
0.016986
0.017355
0.001753
0.014695
0.003373
0.001300
0.000257
0.051815
0.029051
0.001471
0.000277
0.006856
0.002048
0.004059
0.000334
0.143439
0.038859
0.017036
0.001166
0.047040
0.006053
0.001183
0.027494
0.000252
0.012955
0.045944
0.163877
0.001711
0.029580
0.000604
0.003325
0.000221
0.003015
0.028604
0.035765
0.002436
0.009748
0.001263
0.003052
0.000996
0.008004
0.040305
0.037064
0.005859
0.017013
0.000524
0.001171
0.000748
0.003240
0.023280
0.016943
0.005801
0.009568