0000000 0.001557
0000001 0.012386
0000010 0.000200
0000011 0.008757
0000100 0.001300
0000101 0.000014
0000110 0.000100
0000111 0.000057
0001000 0.000129
0001001 0.002357
0001010 0.000171
0001011 0.010900
0001100 0.000157
0001101 0.000000
0001110 0.000314
0001111 0.000000
0010000 0.000514
0010001 0.003514
0010010 0.000429
0010011 0.004014
0010100 0.048714
0010101 0.000200
0010110 0.003743
0010111 0.000243
0011000 0.000057
0011001 0.000757
0011010 0.000114
0011011 0.004814
0011100 0.001286
0011101 0.000157
0011110 0.002843
0011111 0.000843
0100000 0.002000
0100001 0.006429
0100010 0.000414
0100011 0.002057
0100100 0.003271
0100101 0.000029
0100110 0.000543
0100111 0.000014
0101000 0.005200
0101001 0.039057
0101010 0.002700
0101011 0.221600
0101100 0.018086
0101101 0.000557
0101110 0.011343
0101111 0.000486
0110000 0.000100
0110001 0.000371
0110010 0.000086
0110011 0.000200
0110100 0.013771
0110101 0.000229
0110110 0.002314
0110111 0.000114
0111000 0.000229
0111001 0.000243
0111010 0.000257
0111011 0.005414
0111100 0.030643
0111101 0.000129
0111110 0.019014
0111111 0.001543
1000000 0.001443
1000001 0.019943
1000010 0.000186
1000011 0.030443
1000100 0.005929
1000101 0.000300
1000110 0.000429
1000111 0.000200
1001000 0.000114
1001001 0.002629
1001010 0.000286
1001011 0.014443
1001100 0.000300
1001101 0.000071
1001110 0.000514
1001111 0.000129
1010000 0.000457
1010001 0.011657
1010010 0.000543
1010011 0.018400
1010100 0.220257
1010101 0.002543
1010110 0.038271
1010111 0.005514
1011000 0.000014
1011001 0.000543
1011010 0.000043
1011011 0.003586
1011100 0.002100
1011101 0.000386
1011110 0.006271
1011111 0.002314
1100000 0.000714
1100001 0.003057
1100010 0.000114
1100011 0.001286
1100100 0.004429
1100101 0.000186
1100110 0.000557
1100111 0.000029
1101000 0.000214
1101001 0.003429
1101010 0.000271
1101011 0.049486
1101100 0.003914
1101101 0.000429
1101110 0.003343
1101111 0.000443
1110000 0.000029
1110001 0.000186
1110010 0.000014
1110011 0.000086
1110100 0.011186
1110101 0.000171
1110110 0.002329
1110111 0.000114
1111000 0.000043
1111001 0.000071
1111010 0.000029
1111011 0.001129
1111100 0.008286
1111101 0.000171
1111110 0.011271
1111111 0.001829
