0.000398
0.000130
0.026369
0.004776
0.001045
0.000269
0.002267
0.000412
0.008430
0.000636
0.006760
0.000908
0.016015
0.001348
0.002586
0.000401
0.010016
0.002680
0.134474
0.025904
0.006445
0.001754
0.008700
0.001955
0.143607
0.011611
0.058119
0.006338
0.089174
0.006878
0.012094
0.001139
0.000120
0.000245
0.012008
0.013735
0.000682
0.041915
0.005880
0.075591
0.000442
0.000457
0.001267
0.002563
0.005487
0.124109
0.001940
0.034789
0.000467
0.001061
0.015402
0.014171
0.000534
0.005060
0.002685
0.017385
0.001744
0.002367
0.001944
0.002837
0.001581
0.011419
0.000774
0.005698