0.000807
0.005873
0.001357
0.003864
0.017871
0.021663
0.008507
0.005952
0.000013
0.000200
0.000314
0.000370
0.000268
0.000413
0.000954
0.000651
0.000288
0.001766
0.000176
0.000527
0.004490
0.005976
0.000773
0.000598
0.000005
0.000066
0.000035
0.000116
0.000167
0.000138
0.000134
0.000095
0.000295
0.001473
0.000136
0.000917
0.003099
0.004308
0.001277
0.000813
0.000013
0.000102
0.000122
0.000273
0.000157
0.000144
0.000410
0.000331
0.001010
0.006577
0.000335
0.001142
0.013194
0.018258
0.001539
0.001187
0.000077
0.000502
0.000225
0.000522
0.000858
0.001232
0.001055
0.000793
0.000410
0.002361
0.003807
0.006673
0.007393
0.008616
0.023915
0.011806
0.000141
0.000706
0.025587
0.023407
0.002023
0.002458
0.101945
0.031847
0.000099
0.000666
0.000502
0.001023
0.001984
0.002409
0.002236
0.001070
0.000085
0.000538
0.004427
0.005291
0.001337
0.001621
0.014521
0.006267
0.000013
0.000096
0.000299
0.000467
0.000334
0.000438
0.001003
0.000637
0.000027
0.000067
0.003144
0.002446
0.000137
0.000209
0.007648
0.002778
0.000140
0.000617
0.000224
0.000551
0.001425
0.001252
0.000901
0.000643
0.000160
0.001037
0.006919
0.009848
0.001784
0.002570
0.018378
0.008692
0.000523
0.004500
0.000734
0.002710
0.001031
0.002086
0.001031
0.001179
0.000079
0.000362
0.000213
0.000453
0.000092
0.000200
0.000267
0.000265
0.000323
0.002883
0.000196
0.000737
0.000689
0.001237
0.000280
0.000296
0.000055
0.000391
0.000053
0.000261
0.000065
0.000143
0.000086
0.000140
0.001863
0.013945
0.001223
0.006012
0.002432
0.005333
0.002172
0.002240
0.000222
0.001659
0.000782
0.002355
0.000412
0.000881
0.001173
0.001072
0.014081
0.114417
0.002478
0.013768
0.020340
0.041785
0.004271
0.005230
0.003441
0.026275
0.002852
0.012685
0.004357
0.009210
0.004241
0.004878
0.000038
0.000421
0.000243
0.000822
0.000073
0.000209
0.000319
0.000358
0.000008
0.000141
0.002737
0.001896
0.000058
0.000048
0.002573
0.000814
0.000067
0.000389
0.000066
0.000179
0.000079
0.000169
0.000116
0.000095
0.000045
0.000375
0.001693
0.002852
0.000093
0.000187
0.002009
0.001379
0.000035
0.000254
0.000141
0.000281
0.000042
0.000102
0.000233
0.000176
0.000058
0.000190
0.002616
0.002306
0.000066
0.000055
0.002482
0.000757
0.000285
0.002027
0.000147
0.000785
0.000433
0.000870
0.000318
0.000390
0.001072
0.009367
0.015509
0.032512
0.001350
0.003009
0.018497
0.012578