0000000 0.000014
0000001 0.013229
0000010 0.000014
0000011 0.002157
0000100 0.000243
0000101 0.002314
0000110 0.000029
0000111 0.000200
0001000 0.000043
0001001 0.012614
0001010 0.000014
0001011 0.001943
0001100 0.000643
0001101 0.001800
0001110 0.000086
0001111 0.000114
0010000 0.000757
0010001 0.024743
0010010 0.000643
0010011 0.006486
0010100 0.098871
0010101 0.063929
0010110 0.002000
0010111 0.000700
0011000 0.000229
0011001 0.005129
0011010 0.000186
0011011 0.001600
0011100 0.003700
0011101 0.002971
0011110 0.000571
0011111 0.000271
0100000 0.000057
0100001 0.001814
0100010 0.000100
0100011 0.007643
0100100 0.000014
0100101 0.000114
0100110 0.000171
0100111 0.000143
0101000 0.000200
0101001 0.023214
0101010 0.003486
0101011 0.195329
0101100 0.000214
0101101 0.000429
0101110 0.001129
0101111 0.001071
0110000 0.000000
0110001 0.000614
0110010 0.000371
0110011 0.004986
0110100 0.000000
0110101 0.000043
0110110 0.000429
0110111 0.000071
0111000 0.000086
0111001 0.001014
0111010 0.000871
0111011 0.005757
0111100 0.000000
0111101 0.000000
0111110 0.000500
0111111 0.000157
1000000 0.000143
1000001 0.000586
1000010 0.000000
1000011 0.000029
1000100 0.005357
1000101 0.000671
1000110 0.000971
1000111 0.000071
1001000 0.000171
1001001 0.000414
1001010 0.000029
1001011 0.000014
1001100 0.005114
1001101 0.000586
1001110 0.000586
1001111 0.000057
1010000 0.001414
1010001 0.001214
1010010 0.000600
1010011 0.000071
1010100 0.195757
1010101 0.003171
1010110 0.023471
1010111 0.000129
1011000 0.000129
1011001 0.000129
1011010 0.000129
1011011 0.000029
1011100 0.006629
1011101 0.000057
1011110 0.001857
1011111 0.000014
1100000 0.000343
1100001 0.000914
1100010 0.002843
1100011 0.003729
1100100 0.001629
1100101 0.000286
1100110 0.005714
1100111 0.000286
1101000 0.000686
1101001 0.001786
1101010 0.066257
1101011 0.099643
1101100 0.006243
1101101 0.000714
1101110 0.024086
1101111 0.000757
1110000 0.000229
1110001 0.000100
1110010 0.002014
1110011 0.000529
1110100 0.001957
1110101 0.000000
1110110 0.012286
1110111 0.000057
1111000 0.000129
1111001 0.000071
1111010 0.002071
1111011 0.000343
1111100 0.002357
1111101 0.000000
1111110 0.012257
1111111 0.000014
