00000000 0.000000
00000001 0.000250
00000010 0.000000
00000011 0.000550
00000100 0.000000
00000101 0.000063
00000110 0.000025
00000111 0.000300
00001000 0.000000
00001001 0.024900
00001010 0.000000
00001011 0.036163
00001100 0.000013
00001101 0.006550
00001110 0.002087
00001111 0.100362
00010000 0.000063
00010001 0.000975
00010010 0.000138
00010011 0.001138
00010100 0.000000
00010101 0.000050
00010110 0.000200
00010111 0.000162
00011000 0.000000
00011001 0.061375
00011010 0.000125
00011011 0.018250
00011100 0.000013
00011101 0.001200
00011110 0.001800
00011111 0.006738
00100000 0.000000
00100001 0.000325
00100010 0.000000
00100011 0.000037
00100100 0.000000
00100101 0.000000
00100110 0.000000
00100111 0.000000
00101000 0.000000
00101001 0.004137
00101010 0.000000
00101011 0.000625
00101100 0.000000
00101101 0.000025
00101110 0.000000
00101111 0.000162
00110000 0.003413
00110001 0.040188
00110010 0.001450
00110011 0.000725
00110100 0.000000
00110101 0.000000
00110110 0.000125
00110111 0.000000
00111000 0.000162
00111001 0.105925
00111010 0.000112
00111011 0.002750
00111100 0.000037
00111101 0.000125
00111110 0.000100
00111111 0.000075
01000000 0.000000
01000001 0.000713
01000010 0.000075
01000011 0.001313
01000100 0.000000
01000101 0.000262
01000110 0.001638
01000111 0.001625
01001000 0.000000
01001001 0.001187
01001010 0.000000
01001011 0.001488
01001100 0.000000
01001101 0.001737
01001110 0.008100
01001111 0.027825
01010000 0.000000
01010001 0.000025
01010010 0.000000
01010011 0.000013
01010100 0.000000
01010101 0.000000
01010110 0.000087
01010111 0.000000
01011000 0.000000
01011001 0.000013
01011010 0.000000
01011011 0.000013
01011100 0.000000
01011101 0.000000
01011110 0.000225
01011111 0.000000
01100000 0.001238
01100001 0.005075
01100010 0.000862
01100011 0.000600
01100100 0.000387
01100101 0.000287
01100110 0.001250
01100111 0.000112
01101000 0.000075
01101001 0.001975
01101010 0.000037
01101011 0.000463
01101100 0.000087
01101101 0.000200
01101110 0.000338
01101111 0.000325
01110000 0.005725
01110001 0.007412
01110010 0.001025
01110011 0.000112
01110100 0.000175
01110101 0.000000
01110110 0.000225
01110111 0.000000
01111000 0.000037
01111001 0.000250
01111010 0.000000
01111011 0.000025
01111100 0.000013
01111101 0.000000
01111110 0.000037
01111111 0.000000
10000000 0.000013
10000001 0.000112
10000010 0.000000
10000011 0.000013
10000100 0.000037
10000101 0.000013
10000110 0.000125
10000111 0.000000
10001000 0.000000
10001001 0.000313
10001010 0.000025
10001011 0.000188
10001100 0.000150
10001101 0.000988
10001110 0.007725
10001111 0.005600
10010000 0.000287
10010001 0.000362
10010010 0.000300
10010011 0.000075
10010100 0.000250
10010101 0.000025
10010110 0.001863
10010111 0.000000
10011000 0.000225
10011001 0.001662
10011010 0.000287
10011011 0.000438
10011100 0.000650
10011101 0.000812
10011110 0.004475
10011111 0.001400
10100000 0.000000
10100001 0.000188
10100010 0.000000
10100011 0.000000
10100100 0.000000
10100101 0.000000
10100110 0.000000
10100111 0.000000
10101000 0.000000
10101001 0.000000
10101010 0.000000
10101011 0.000000
10101100 0.000000
10101101 0.000000
10101110 0.000025
10101111 0.000000
10110000 0.028663
10110001 0.007687
10110010 0.001563
10110011 0.000025
10110100 0.001437
10110101 0.000000
10110110 0.001175
10110111 0.000000
10111000 0.001687
10111001 0.001525
10111010 0.000338
10111011 0.000000
10111100 0.001175
10111101 0.000112
10111110 0.000862
10111111 0.000000
11000000 0.000013
11000001 0.000250
11000010 0.000087
11000011 0.000025
11000100 0.002537
11000101 0.000150
11000110 0.104800
11000111 0.000225
11001000 0.000000
11001001 0.000087
11001010 0.000013
11001011 0.000013
11001100 0.000675
11001101 0.001425
11001110 0.041013
11001111 0.003762
11010000 0.000188
11010001 0.000000
11010010 0.000037
11010011 0.000000
11010100 0.000675
11010101 0.000000
11010110 0.004150
11010111 0.000000
11011000 0.000025
11011001 0.000000
11011010 0.000000
11011011 0.000000
11011100 0.000050
11011101 0.000000
11011110 0.000300
11011111 0.000000
11100000 0.007537
11100001 0.001762
11100010 0.001225
11100011 0.000013
11100100 0.018275
11100101 0.000087
11100110 0.060663
11100111 0.000000
11101000 0.000162
11101001 0.000287
11101010 0.000037
11101011 0.000000
11101100 0.000925
11101101 0.000162
11101110 0.001150
11101111 0.000025
11110000 0.100450
11110001 0.001912
11110010 0.006750
11110011 0.000000
11110100 0.035987
11110101 0.000000
11110110 0.024612
11110111 0.000000
11111000 0.000475
11111001 0.000050
11111010 0.000087
11111011 0.000000
11111100 0.000538
11111101 0.000000
11111110 0.000237
11111111 0.000000
