000000 0.000350
000001 0.000517
000010 0.056450
000011 0.033650
000100 0.000933
000101 0.026550
000110 0.013550
000111 0.016617
001000 0.000050
001001 0.000350
001010 0.046617
001011 0.034717
001100 0.000000
001101 0.005150
001110 0.002200
001111 0.008667
010000 0.002350
010001 0.002233
010010 0.137150
010011 0.001600
010100 0.002533
010101 0.010800
010110 0.003767
010111 0.000333
011000 0.000250
011001 0.000950
011010 0.086983
011011 0.001567
011100 0.000000
011101 0.001183
011110 0.000100
011111 0.000017
100000 0.000183
100001 0.000200
100010 0.001133
100011 0.000000
100100 0.001133
100101 0.089433
100110 0.001033
100111 0.000300
101000 0.000250
101001 0.003467
101010 0.010883
101011 0.003067
101100 0.001367
101101 0.138017
101110 0.002533
101111 0.002483
110000 0.008883
110001 0.002467
110010 0.005283
110011 0.000000
110100 0.033517
110101 0.047100
110110 0.000383
110111 0.000050
111000 0.015833
111001 0.012567
111010 0.028300
111011 0.000800
111100 0.032967
111101 0.056533
111110 0.000333
111111 0.000283
