0.000076
0.002938
0.000103
0.001198
0.000064
0.001783
0.000057
0.000807
0.000165
0.000306
0.000176
0.000227
0.000294
0.000309
0.000199
0.000172
0.000696
0.005196
0.000214
0.000665
0.000207
0.001504
0.000096
0.000263
0.000500
0.000303
0.000154
0.000025
0.000281
0.000111
0.000048
0.000015
0.000409
0.000304
0.000488
0.000117
0.001329
0.000878
0.001761
0.000345
0.001167
0.000087
0.001531
0.000048
0.004867
0.000267
0.006191
0.000289
0.003195
0.000957
0.000983
0.000200
0.003041
0.000901
0.001173
0.000211
0.002907
0.000094
0.001005
0.000009
0.003383
0.000197
0.001855
0.000073
0.000055
0.023611
0.000428
0.071721
0.000132
0.016227
0.000460
0.050841
0.000210
0.002142
0.000979
0.007051
0.000206
0.001456
0.001047
0.005352
0.000657
0.028746
0.000765
0.033952
0.000206
0.008840
0.000286
0.011620
0.000464
0.001916
0.000583
0.001856
0.000233
0.000774
0.000299
0.000758
0.000483
0.002359
0.001954
0.007025
0.001696
0.006080
0.006497
0.019136
0.001220
0.000535
0.005204
0.001474
0.004600
0.001670
0.022191
0.005795
0.002356
0.004030
0.003011
0.005117
0.002409
0.003894
0.003565
0.005471
0.002009
0.000532
0.002792
0.000588
0.002027
0.000604
0.003775
0.000924
0.000098
0.001600
0.000072
0.001519
0.000039
0.000919
0.000091
0.000753
0.000633
0.001293
0.001129
0.001377
0.000542
0.000935
0.001062
0.000870
0.000838
0.006553
0.000373
0.002010
0.000260
0.001678
0.000169
0.000798
0.011329
0.007565
0.005230
0.002825
0.003639
0.001973
0.001866
0.000918
0.000192
0.000197
0.000297
0.000242
0.000600
0.000459
0.001144
0.000416
0.004280
0.000396
0.006560
0.000460
0.012776
0.001133
0.023610
0.001232
0.004224
0.001075
0.001610
0.000383
0.003205
0.001103
0.002060
0.000377
0.066871
0.002971
0.034197
0.001503
0.058804
0.002665
0.041180
0.001626
0.000044
0.003365
0.000092
0.009662
0.000051
0.001628
0.000071
0.005817
0.000260
0.001935
0.001001
0.005785
0.000216
0.001223
0.000764
0.004767
0.000201
0.009141
0.000366
0.013001
0.000110
0.002476
0.000157
0.004131
0.002115
0.006169
0.003173
0.008835
0.000567
0.001884
0.000929
0.002944
0.000079
0.000427
0.000380
0.000947
0.000344
0.000892
0.001016
0.002677
0.000994
0.000460
0.004588
0.001462
0.003723
0.001381
0.015388
0.004865
0.001016
0.001372
0.001224
0.001816
0.000913
0.001677
0.001511
0.002003
0.007869
0.001926
0.012085
0.002561
0.007537
0.001890
0.015637
0.003353